# 0.470
23.292 0
32.161 0
41.131 0
50.092 0
58.902 0
67.834 0
76.795 0
85.718 0
94.493 0
103.384 0
112.216 0
121.145 0
129.998 0
138.759 0
147.896 0
156.492 0
165.340 0
174.337 0
183.122 0
191.867 0
200.881 0
209.699 0
218.567 0
227.456 0
236.320 0
245.185 0
253.852 0
262.762 0
271.594 0
280.507 0
289.268 0
298.065 0
306.782 0
315.607 0
324.519 0
333.364 0
342.036 0
359.606 0
368.383 0
377.252 0
385.976 0
394.826 0
403.628 0
412.259 0
421.106 0
429.832 0
438.605 0
447.411 0
456.165 0
465.008 0
473.704 0
482.393 0
491.176 0
499.949 0
508.644 0
517.517 0
526.161 0
535.126 0
543.815 0
552.443 0
561.111 0
569.947 0
578.768 0
587.493 0
596.246 0
604.949 0
613.494 0
622.449 0
631.102 0
639.870 0
648.640 0
657.305 0
665.993 0
674.838 0
683.464 0
700.926 0
709.773 0
718.422 0
726.922 0
735.796 0
744.348 0
753.075 0
761.851 0
770.497 0
779.203 0
787.881 0
796.711 0
805.428 0
813.900 0
822.742 0
831.497 0
840.290 0
848.905 0
857.667 0
866.428 0
875.176 0
883.833 0
892.484 0
901.144 0
909.834 0
918.562 0
927.345 0
935.952 0
944.586 0
953.306 0
961.955 0
970.721 0
979.375 0
988.073 0
996.873 0
1005.477 0
1014.149 0
