# 0.470
29.110 0
37.775 0
46.751 0
55.563 0
64.524 0
73.413 0
82.364 0
91.040 0
99.862 0
108.795 0
117.569 0
126.712 0
135.303 0
144.178 0
153.096 0
161.959 0
170.616 0
179.460 0
188.334 0
197.170 0
206.097 0
214.957 0
223.653 0
232.407 0
241.378 0
250.204 0
258.998 0
267.729 0
276.396 0
285.454 0
294.228 0
303.043 0
311.807 0
320.591 0
329.429 0
338.238 0
347.040 0
364.315 0
373.195 0
381.843 0
390.860 0
399.568 0
408.291 0
417.035 0
425.797 0
434.444 0
443.185 0
452.010 0
460.651 0
469.324 0
478.164 0
486.882 0
495.764 0
504.453 0
513.055 0
521.902 0
530.483 0
539.175 0
548.054 0
556.741 0
565.382 0
574.159 0
582.852 0
591.660 0
600.438 0
609.111 0
617.810 0
626.655 0
635.256 0
644.067 0
652.807 0
661.534 0
670.267 0
678.933 0
687.608 0
705.148 0
713.759 0
722.384 0
731.011 0
739.663 0
748.392 0
757.039 0
765.850 0
774.467 0
783.168 0
791.868 0
800.686 0
809.218 0
817.864 0
826.520 0
835.268 0
843.976 0
852.497 0
861.319 0
869.989 0
878.773 0
887.282 0
896.020 0
904.592 0
913.441 0
922.206 0
930.766 0
939.663 0
948.199 0
956.888 0
965.608 0
974.268 0
983.026 0
991.598 0
1000.351 0
1009.009 0
1017.680 0
