# 0.470
17.207 0
25.894 0
34.416 0
43.160 0
51.910 0
60.554 0
69.274 0
77.945 0
86.671 0
95.257 0
103.949 0
112.612 0
121.404 0
130.096 0
138.628 0
147.480 0
156.103 0
164.809 0
173.501 0
182.220 0
190.888 0
199.697 0
208.291 0
217.085 0
225.538 0
234.339 0
242.881 0
251.695 0
260.358 0
269.021 0
277.798 0
286.495 0
295.097 0
303.901 0
312.477 0
321.175 0
329.910 0
347.366 0
356.121 0
364.733 0
373.425 0
382.244 0
390.915 0
399.549 0
408.271 0
417.071 0
425.767 0
434.545 0
443.267 0
451.946 0
460.698 0
469.415 0
478.183 0
486.970 0
495.788 0
504.430 0
513.232 0
521.886 0
530.630 0
539.349 0
548.019 0
556.776 0
565.520 0
574.283 0
583.043 0
591.690 0
600.567 0
609.215 0
617.909 0
626.671 0
635.567 0
644.260 0
653.133 0
661.919 0
670.683 0
688.173 0
696.924 0
705.634 0
714.580 0
723.386 0
732.129 0
740.877 0
749.585 0
758.563 0
767.364 0
776.084 0
785.023 0
793.732 0
802.646 0
811.414 0
820.216 0
829.053 0
838.010 0
846.783 0
855.473 0
864.572 0
873.326 0
882.074 0
891.015 0
899.728 0
908.548 0
917.515 0
926.237 0
935.170 0
944.037 0
952.974 0
962.008 0
970.684 0
979.565 0
988.451 0
997.334 0
1006.214 0
