# 0.470
23.121 0
31.995 0
40.995 0
49.762 0
58.698 0
67.564 0
76.542 0
85.369 0
94.273 0
103.088 0
112.113 0
120.928 0
129.800 0
138.574 0
147.536 0
156.463 0
165.196 0
174.030 0
182.903 0
191.666 0
200.789 0
209.427 0
218.210 0
226.955 0
235.919 0
244.607 0
253.507 0
262.154 0
271.075 0
279.997 0
288.946 0
297.769 0
306.445 0
315.269 0
324.087 0
332.963 0
341.819 0
359.329 0
368.131 0
376.907 0
385.687 0
394.471 0
403.305 0
412.175 0
420.935 0
429.585 0
438.426 0
447.245 0
455.877 0
464.716 0
473.471 0
482.135 0
490.799 0
499.449 0
508.393 0
517.171 0
525.855 0
534.550 0
543.343 0
551.963 0
560.806 0
569.520 0
578.277 0
587.072 0
595.863 0
604.621 0
613.441 0
622.024 0
630.804 0
639.475 0
648.264 0
656.975 0
665.714 0
674.423 0
683.136 0
700.682 0
709.455 0
718.078 0
726.651 0
735.322 0
744.079 0
752.831 0
761.550 0
770.135 0
778.893 0
787.663 0
796.322 0
805.084 0
813.627 0
822.373 0
830.922 0
839.720 0
848.448 0
857.120 0
865.782 0
874.525 0
883.103 0
891.966 0
900.716 0
909.484 0
918.042 0
926.909 0
935.495 0
944.229 0
952.894 0
961.628 0
970.264 0
979.187 0
987.773 0
996.539 0
1004.986 0
1013.779 0
