# 0.470
16.391 0
25.174 0
33.739 0
42.471 0
51.088 0
59.850 0
68.647 0
77.329 0
86.068 0
94.553 0
103.360 0
112.134 0
120.699 0
129.518 0
138.198 0
147.050 0
155.393 0
164.323 0
172.912 0
181.661 0
190.293 0
199.050 0
207.725 0
216.500 0
225.029 0
233.817 0
242.438 0
251.101 0
259.735 0
268.446 0
277.321 0
285.987 0
294.660 0
303.391 0
312.086 0
320.712 0
329.547 0
347.033 0
355.681 0
364.530 0
373.122 0
381.989 0
390.733 0
399.434 0
408.031 0
417.025 0
425.649 0
434.295 0
442.996 0
451.724 0
460.450 0
469.372 0
478.039 0
486.783 0
495.503 0
504.272 0
512.891 0
521.743 0
530.531 0
539.182 0
547.854 0
556.588 0
565.340 0
574.159 0
582.854 0
591.520 0
600.341 0
609.223 0
617.910 0
626.670 0
635.595 0
644.360 0
653.135 0
661.956 0
670.727 0
688.388 0
697.148 0
705.930 0
714.757 0
723.389 0
732.416 0
741.168 0
750.013 0
758.836 0
767.566 0
776.383 0
785.217 0
793.942 0
802.948 0
811.731 0
820.582 0
829.375 0
838.197 0
847.056 0
855.703 0
864.548 0
873.379 0
882.297 0
891.165 0
900.187 0
908.987 0
917.865 0
926.689 0
935.576 0
944.527 0
953.396 0
962.365 0
971.156 0
980.157 0
988.897 0
997.875 0
1006.715 0
