# 0.470
23.645 0
32.444 0
41.345 0
50.204 0
59.239 0
68.063 0
76.983 0
85.906 0
94.763 0
103.613 0
112.281 0
121.412 0
130.312 0
139.103 0
148.000 0
156.776 0
165.503 0
174.636 0
183.527 0
192.261 0
200.949 0
209.948 0
218.594 0
227.441 0
236.395 0
245.211 0
254.041 0
262.886 0
271.709 0
280.535 0
289.388 0
298.283 0
307.078 0
315.760 0
324.747 0
333.488 0
342.129 0
359.900 0
368.668 0
377.377 0
386.358 0
395.024 0
403.861 0
412.676 0
421.381 0
430.058 0
438.734 0
447.644 0
456.405 0
465.150 0
473.802 0
482.623 0
491.375 0
500.157 0
508.848 0
517.686 0
526.447 0
534.908 0
543.760 0
552.617 0
561.302 0
569.968 0
578.814 0
587.502 0
596.429 0
605.007 0
613.854 0
622.583 0
631.302 0
639.982 0
648.776 0
657.499 0
666.154 0
674.949 0
683.582 0
701.154 0
709.916 0
718.532 0
727.143 0
735.901 0
744.455 0
753.206 0
761.990 0
770.712 0
779.371 0
788.041 0
796.993 0
805.346 0
814.105 0
822.844 0
831.617 0
840.279 0
848.928 0
857.601 0
866.433 0
875.029 0
883.721 0
892.480 0
901.123 0
909.931 0
918.650 0
927.301 0
936.144 0
944.647 0
953.368 0
962.100 0
970.868 0
979.536 0
988.211 0
996.984 0
1005.565 0
1014.306 0
