# 0.470
16.943 0
25.604 0
34.260 0
42.864 0
51.697 0
60.287 0
69.218 0
77.858 0
86.553 0
95.094 0
103.823 0
112.571 0
121.394 0
130.014 0
138.783 0
147.590 0
156.166 0
164.796 0
173.549 0
182.146 0
190.898 0
199.628 0
208.410 0
216.977 0
225.579 0
234.179 0
243.001 0
251.716 0
260.529 0
269.209 0
277.922 0
286.708 0
295.396 0
304.016 0
312.683 0
321.544 0
330.074 0
347.651 0
356.189 0
365.126 0
373.712 0
382.682 0
391.219 0
400.067 0
408.719 0
417.494 0
426.367 0
435.003 0
443.726 0
452.435 0
461.201 0
469.919 0
478.645 0
487.403 0
496.142 0
504.876 0
513.483 0
522.383 0
531.020 0
539.702 0
548.495 0
557.311 0
566.037 0
574.752 0
583.524 0
592.235 0
601.093 0
609.751 0
618.565 0
627.357 0
636.215 0
644.851 0
653.941 0
662.590 0
671.333 0
688.818 0
697.661 0
706.450 0
715.397 0
724.303 0
732.993 0
741.727 0
750.535 0
759.412 0
768.276 0
777.044 0
785.882 0
794.610 0
803.504 0
812.359 0
821.128 0
830.010 0
838.738 0
847.566 0
856.457 0
865.435 0
874.218 0
883.031 0
891.960 0
900.886 0
909.624 0
918.573 0
927.333 0
936.323 0
945.249 0
953.992 0
962.979 0
971.782 0
980.773 0
989.551 0
998.628 0
1007.559 0
