# 0.470
19.060 0
27.829 0
36.449 0
45.219 0
53.897 0
62.618 0
71.294 0
79.967 0
88.754 0
97.295 0
106.029 0
114.680 0
123.392 0
132.082 0
140.743 0
149.507 0
158.030 0
166.738 0
175.418 0
184.135 0
192.818 0
201.517 0
210.109 0
218.813 0
227.491 0
236.152 0
244.788 0
253.519 0
262.229 0
270.864 0
279.634 0
288.341 0
297.045 0
305.782 0
314.379 0
323.067 0
331.824 0
349.328 0
358.045 0
366.739 0
375.394 0
384.083 0
392.791 0
401.499 0
410.328 0
419.025 0
427.690 0
436.354 0
445.126 0
453.783 0
462.544 0
471.284 0
479.978 0
488.711 0
497.521 0
506.146 0
514.857 0
523.767 0
532.506 0
541.014 0
549.788 0
558.556 0
567.355 0
576.121 0
584.766 0
593.526 0
602.341 0
611.090 0
619.777 0
628.443 0
637.233 0
645.971 0
654.841 0
663.658 0
672.506 0
689.927 0
698.702 0
707.497 0
716.367 0
725.115 0
733.895 0
742.646 0
751.395 0
760.395 0
769.060 0
777.837 0
786.574 0
795.413 0
804.348 0
813.144 0
821.937 0
830.775 0
839.726 0
848.456 0
857.197 0
866.131 0
874.906 0
883.715 0
892.624 0
901.472 0
910.176 0
919.290 0
928.065 0
936.942 0
945.833 0
954.596 0
963.706 0
972.451 0
981.446 0
990.252 0
999.235 0
1007.959 0
