# 0.470
18.866 0
27.553 0
36.261 0
44.913 0
53.554 0
62.425 0
71.075 0
79.670 0
88.543 0
97.088 0
105.700 0
114.426 0
123.205 0
131.937 0
140.612 0
149.328 0
157.915 0
166.636 0
175.336 0
184.056 0
192.763 0
201.453 0
210.136 0
218.835 0
227.434 0
236.218 0
244.901 0
253.688 0
262.362 0
271.032 0
279.750 0
288.425 0
297.031 0
305.762 0
314.344 0
323.077 0
331.873 0
349.273 0
357.985 0
366.773 0
375.430 0
384.272 0
392.896 0
401.707 0
410.465 0
419.103 0
427.941 0
436.646 0
445.395 0
454.130 0
462.867 0
471.567 0
480.290 0
489.090 0
497.742 0
506.567 0
515.326 0
523.940 0
532.830 0
541.440 0
550.216 0
558.912 0
567.767 0
576.434 0
585.166 0
593.944 0
602.654 0
611.511 0
620.151 0
628.928 0
637.689 0
646.425 0
655.383 0
664.160 0
672.932 0
690.516 0
699.221 0
708.061 0
716.988 0
725.758 0
734.557 0
743.319 0
752.151 0
761.030 0
769.787 0
778.700 0
787.474 0
796.353 0
805.305 0
814.057 0
822.835 0
831.480 0
840.419 0
849.171 0
858.163 0
867.073 0
875.837 0
884.745 0
893.634 0
902.452 0
911.159 0
920.095 0
929.000 1
937.891 0
946.702 0
955.503 0
964.478 0
973.386 0
982.378 0
991.178 0
1000.140 0
1009.077 0
