# 0.470
20.215 0
28.960 0
37.518 0
46.212 0
54.920 0
63.699 0
72.374 0
80.938 0
89.770 0
98.373 0
107.103 0
115.791 0
124.577 0
133.264 0
141.903 0
150.665 0
159.219 0
167.872 0
176.614 0
185.185 0
193.902 0
202.786 0
211.444 0
220.095 0
228.569 0
237.324 0
245.955 0
254.572 0
263.505 0
271.987 0
280.792 0
289.485 0
298.161 0
306.881 0
315.508 0
324.128 0
333.027 0
350.291 0
359.014 0
367.717 0
376.581 0
385.215 0
393.728 0
402.512 0
411.309 0
420.087 0
428.849 0
437.618 0
446.281 0
454.949 0
463.709 0
472.486 0
481.130 0
489.853 0
498.549 0
507.285 0
516.076 0
524.840 0
533.552 0
542.167 0
550.906 0
559.670 0
568.473 0
577.182 0
585.840 0
594.638 0
603.354 0
612.077 0
620.757 0
629.603 0
638.307 0
647.177 0
656.086 0
664.833 0
673.612 0
691.028 0
699.856 0
708.774 0
717.628 0
726.366 0
735.106 0
743.868 0
752.684 0
761.532 0
770.290 0
779.140 0
787.764 0
796.554 0
805.481 0
814.245 0
823.056 0
831.945 0
840.814 0
849.548 0
858.245 0
867.234 0
875.988 0
884.933 0
893.740 0
902.611 0
911.411 0
920.355 0
929.202 0
938.097 0
946.978 0
955.745 0
964.698 0
973.608 0
982.542 0
991.353 0
1000.263 0
1009.196 0
