# 0.470
27.697 0
36.541 0
45.519 0
54.392 0
63.253 0
72.152 0
81.171 0
89.910 0
98.621 0
107.559 0
116.295 0
125.409 0
134.126 0
142.977 0
151.931 0
160.533 0
169.508 0
178.489 0
187.365 0
195.975 0
205.019 0
213.742 0
222.542 0
231.451 0
240.284 0
249.079 0
257.778 0
266.523 0
275.386 0
284.274 0
293.030 0
301.779 0
310.531 0
319.346 0
328.149 0
337.002 0
345.718 0
363.162 0
372.022 0
380.762 0
389.633 0
398.450 0
407.227 0
415.996 0
424.694 0
433.439 0
442.188 0
450.885 0
459.636 0
468.359 0
477.090 0
485.855 0
494.729 0
503.260 0
512.016 0
520.662 0
529.445 0
538.250 0
546.897 0
555.754 0
564.442 0
573.299 0
581.844 0
590.665 0
599.450 0
608.065 0
616.758 0
625.558 0
634.319 0
642.999 0
651.649 0
660.358 0
669.088 0
677.738 0
686.539 0
704.078 0
712.769 0
721.479 0
730.038 0
738.679 0
747.430 0
756.106 0
764.774 0
773.563 0
782.205 0
790.929 0
799.698 0
808.390 0
816.901 0
825.589 0
834.295 0
843.016 0
851.710 0
860.387 0
869.001 0
877.801 0
886.409 0
895.237 0
903.664 0
912.321 0
921.038 0
929.806 0
938.409 0
946.914 0
955.649 0
964.354 0
972.977 0
981.727 0
990.459 0
999.250 0
1008.004 0
1016.481 0
