# 0.470
18.084 0
26.814 0
35.359 0
43.982 0
52.814 0
61.488 0
70.212 0
78.877 0
87.473 0
96.087 0
104.751 0
113.492 0
122.290 0
130.921 0
139.680 0
148.450 0
156.879 0
165.573 0
174.436 0
183.116 0
191.830 0
200.551 0
209.188 0
217.978 0
226.563 0
235.378 0
243.941 0
252.784 0
261.371 0
270.235 0
278.911 0
287.651 0
296.330 0
305.085 0
313.726 0
322.404 0
331.047 0
348.547 0
357.294 0
366.000 0
374.782 0
383.563 0
392.162 0
400.786 0
409.501 0
418.362 0
427.006 0
435.739 0
444.531 0
453.305 0
461.934 0
470.863 0
479.517 0
488.293 0
497.057 0
505.744 0
514.398 0
523.291 0
532.124 0
540.770 0
549.504 0
558.290 0
567.250 0
575.784 0
584.662 0
593.269 0
602.177 0
610.980 0
619.665 0
628.440 0
637.192 0
645.942 0
654.765 0
663.652 0
672.392 0
689.903 0
698.663 0
707.346 0
716.314 0
725.213 0
733.861 0
742.672 0
751.368 0
760.388 0
769.107 0
778.063 0
786.815 0
795.603 0
804.595 0
813.268 0
822.157 0
831.034 0
840.063 0
848.743 0
857.370 0
866.388 0
875.306 0
884.122 0
893.030 0
901.828 0
910.788 0
919.665 0
928.495 0
937.613 0
946.383 0
955.208 0
964.146 0
972.931 0
981.888 0
990.856 0
999.788 0
1008.489 0
