# 0.470
24.497 0
33.443 0
42.400 0
51.246 0
60.013 0
68.960 0
78.038 0
86.811 0
95.624 0
104.595 0
113.504 0
122.435 0
131.154 0
140.026 0
148.892 0
157.737 0
166.596 0
175.500 0
184.236 0
193.134 0
201.996 0
210.805 0
219.670 0
228.321 0
237.511 0
246.357 0
255.085 0
263.860 0
272.644 0
281.543 0
290.318 0
299.197 0
307.906 0
316.807 0
325.637 0
334.453 0
343.181 0
360.507 0
369.417 0
378.215 0
387.011 0
395.648 0
404.571 0
413.421 0
421.957 0
430.748 0
439.600 0
448.382 0
457.052 0
465.794 0
474.566 0
483.271 0
492.005 0
500.780 0
509.525 0
518.199 0
527.041 0
535.768 0
544.564 0
553.368 0
562.220 0
570.886 0
579.599 0
588.244 0
597.074 0
605.788 0
614.466 0
623.268 0
631.950 0
640.796 0
649.491 0
658.132 0
666.940 0
675.605 0
684.245 0
701.709 0
710.438 0
719.320 0
727.835 0
736.473 0
745.024 0
753.811 0
762.511 0
771.379 0
780.024 0
788.739 0
797.401 0
806.179 0
814.707 0
823.410 0
832.157 0
840.769 0
849.667 0
858.358 0
866.964 0
875.826 0
884.449 0
893.220 0
901.832 0
910.623 0
919.394 0
928.118 0
936.836 0
945.324 0
954.122 0
962.767 0
971.452 0
980.150 0
988.918 0
997.529 0
1006.186 0
1014.948 0
