# 0.470
14.465 0
23.245 0
31.860 0
40.684 0
49.398 0
58.079 0
66.831 0
75.497 0
84.143 0
92.728 0
101.386 0
110.212 0
118.947 0
127.595 0
136.303 0
145.007 0
153.624 0
162.336 0
171.024 0
179.638 0
188.367 0
197.126 0
205.762 0
214.676 0
223.304 0
231.851 0
240.686 0
249.396 0
258.245 0
266.737 0
275.475 0
284.228 0
292.956 0
301.771 0
310.323 0
319.087 0
327.819 0
345.175 0
353.964 0
362.734 0
371.548 0
380.225 0
389.071 0
397.673 0
406.477 0
415.136 0
423.982 0
432.661 0
441.312 0
450.091 0
458.750 0
467.571 0
476.347 0
485.090 0
493.752 0
502.540 0
511.335 0
520.029 0
528.773 0
537.631 0
546.311 0
554.942 0
563.875 0
572.595 0
581.308 0
590.206 0
598.945 0
607.795 0
616.416 0
625.140 0
633.997 0
642.898 0
651.801 0
660.519 0
669.278 0
686.771 0
695.620 0
704.319 0
713.255 0
722.161 0
730.819 0
739.567 0
748.382 0
757.458 0
766.123 0
774.985 0
783.718 0
792.488 0
801.419 0
810.218 0
819.028 0
827.755 0
836.765 0
845.760 0
854.441 0
863.375 0
872.297 0
881.011 0
889.988 0
898.781 0
907.643 0
916.658 0
925.590 0
934.332 0
943.223 0
952.204 0
961.116 0
970.024 0
978.936 0
987.722 0
996.743 0
1005.586 0
