# 0.470
17.563 0
26.129 0
34.940 0
43.563 0
52.196 0
61.086 0
69.751 0
78.366 0
87.268 0
95.836 0
104.501 0
113.309 0
121.833 0
130.755 0
139.420 0
148.138 0
156.710 0
165.390 0
174.134 0
182.883 0
191.745 0
200.276 0
209.083 0
217.758 0
226.283 0
235.013 0
243.687 0
252.389 0
261.205 0
269.681 0
278.436 0
287.362 0
295.823 0
304.655 0
313.292 0
321.988 0
330.730 0
348.163 0
356.826 0
365.579 0
374.252 0
383.137 0
391.849 0
400.484 0
409.321 0
417.991 0
426.824 0
435.478 0
444.325 0
453.144 0
461.790 0
470.550 0
479.333 0
488.165 0
496.884 0
505.629 0
514.194 0
522.996 0
531.496 0
540.188 0
549.036 0
558.359 0
566.846 0
575.521 0
584.192 0
592.977 0
601.545 0
610.396 0
619.186 0
627.959 0
636.770 0
645.530 0
654.426 0
663.101 0
671.924 0
689.252 0
698.351 0
707.419 0
716.169 0
724.799 0
733.627 0
742.404 0
751.110 0
760.028 0
768.905 0
777.710 0
786.501 0
795.292 0
804.104 0
812.940 0
821.889 0
830.455 0
839.551 0
848.397 0
857.093 0
866.082 0
874.879 0
883.742 0
892.612 0
901.344 0
910.267 0
919.132 0
928.063 0
936.848 0
945.660 0
954.563 0
963.640 0
972.375 0
981.337 0
990.275 0
999.310 0
1008.102 0
