# 0.470
25.249 0
34.004 0
42.896 0
51.699 0
60.698 0
69.498 0
78.414 0
87.259 0
96.125 0
105.084 0
113.856 0
122.752 0
131.603 0
140.323 0
149.259 0
158.180 0
167.105 0
175.933 0
184.728 0
193.517 0
202.360 0
211.214 0
220.080 0
228.815 0
237.722 0
246.577 0
255.321 0
264.197 0
272.971 0
281.899 0
290.658 0
299.487 0
308.228 0
316.998 0
325.856 0
334.697 0
343.460 0
360.885 0
369.583 0
378.510 0
387.329 0
395.996 0
404.798 0
413.482 0
422.236 0
430.985 0
439.644 0
448.418 0
457.261 0
465.973 0
474.755 0
483.398 0
492.135 0
500.925 0
509.631 0
518.308 0
527.109 0
536.004 0
544.659 0
553.427 0
562.122 0
570.888 0
579.560 0
588.402 0
596.928 0
605.854 0
614.593 0
623.416 0
632.088 0
640.623 0
649.417 0
658.048 0
666.816 0
675.575 0
684.287 0
701.712 0
710.435 0
719.085 0
727.714 0
736.399 0
745.047 0
753.845 0
762.550 0
771.110 0
779.738 0
788.530 0
797.296 0
806.002 0
814.552 0
823.278 0
832.060 0
840.728 0
849.550 0
858.200 0
866.952 0
875.657 0
884.226 0
893.026 0
901.710 0
910.371 0
919.063 0
927.732 0
936.426 0
945.063 0
953.682 0
962.490 0
971.059 0
979.770 0
988.354 0
997.221 0
1005.810 0
1014.487 0
