# 0.470
24.726 0
33.430 0
42.358 0
51.262 0
60.150 0
69.027 0
78.034 0
86.822 0
95.584 0
104.639 0
113.460 0
122.461 0
131.312 0
140.220 0
149.129 0
157.853 0
166.769 0
175.630 0
184.553 0
193.204 0
202.236 0
211.146 0
219.796 0
228.630 0
237.557 0
246.332 0
255.094 0
263.892 0
272.787 0
281.772 0
290.372 0
299.243 0
308.031 0
316.842 0
325.588 0
334.346 0
343.262 0
360.819 0
369.567 0
378.234 0
387.234 0
395.991 0
404.734 0
413.664 0
422.225 0
431.050 0
439.949 0
448.723 0
457.495 0
466.238 0
474.971 0
483.778 0
492.561 0
501.316 0
510.041 0
518.847 0
527.522 0
536.286 0
544.984 0
553.702 0
562.494 0
571.157 0
580.028 0
588.607 0
597.414 0
605.969 0
614.855 0
623.500 0
632.332 0
641.036 0
649.606 0
658.542 0
667.190 0
676.016 0
684.646 0
702.089 0
710.908 0
719.508 0
728.117 0
736.858 0
745.664 0
754.248 0
762.967 0
771.763 0
780.549 0
789.250 0
797.973 0
806.653 0
815.323 0
824.020 0
832.751 0
841.499 0
850.136 0
858.780 0
867.412 0
876.205 0
884.929 0
893.513 0
902.330 0
910.872 0
919.701 0
928.416 0
937.042 0
945.640 0
954.424 0
963.239 0
971.916 0
980.523 0
989.365 0
997.959 0
1006.554 0
1015.316 0
