# 0.470
26.843 0
35.710 0
44.669 0
53.330 0
62.348 0
71.234 0
80.177 0
88.969 0
97.721 0
106.719 0
115.565 0
124.460 0
133.327 0
142.052 0
150.997 0
159.754 0
168.642 0
177.625 0
186.357 0
195.136 0
204.112 0
212.839 0
221.678 0
230.366 0
239.403 0
248.192 0
257.060 0
265.727 0
274.598 0
283.532 0
292.282 0
301.103 0
309.982 0
318.619 0
327.498 0
336.426 0
344.968 0
362.381 0
371.423 0
380.187 0
388.964 0
397.635 0
406.451 0
415.204 0
424.109 0
432.763 0
441.423 0
450.311 0
458.975 0
467.779 0
476.480 0
485.165 0
493.976 0
502.715 0
511.423 0
520.227 0
528.885 0
537.641 0
546.357 0
555.300 0
563.807 0
572.589 0
581.338 0
590.125 0
598.826 0
607.561 0
616.253 0
625.017 0
633.724 0
642.485 0
651.129 0
659.824 0
668.511 0
677.209 0
686.017 0
703.477 0
712.144 0
720.785 0
729.330 0
738.177 0
746.874 0
755.525 0
764.206 0
772.895 0
781.711 0
790.264 0
798.927 0
807.696 0
816.294 0
825.084 0
833.661 0
842.480 0
851.291 0
859.870 0
868.576 0
877.377 0
885.797 0
894.490 0
903.324 0
912.110 0
920.758 0
929.506 0
938.199 0
946.724 0
955.603 0
964.078 0
972.826 0
981.558 0
990.336 0
998.973 0
1007.599 0
1016.135 0
