# 0.470
20.747 0
29.553 0
38.587 0
47.437 0
56.291 0
65.198 0
74.252 0
82.980 0
91.791 0
100.739 0
109.584 0
118.492 0
127.391 0
136.271 0
145.171 0
153.982 0
162.751 0
171.730 0
180.644 0
189.530 0
198.340 0
207.215 0
216.040 0
224.670 0
233.723 0
242.477 0
251.263 0
260.147 0
268.936 0
277.756 0
286.689 0
295.346 0
304.172 0
313.030 0
321.936 0
330.631 0
339.511 0
357.106 0
365.897 0
374.723 0
383.667 0
392.352 0
401.252 0
409.886 0
418.725 0
427.402 0
436.307 0
445.072 0
453.715 0
462.510 0
471.264 0
479.942 0
488.792 0
497.548 0
506.223 0
514.979 0
523.752 0
532.581 0
541.086 0
549.954 0
558.823 0
567.424 0
576.253 0
585.071 0
593.674 0
602.373 0
611.119 0
619.842 0
628.650 0
637.407 0
646.146 0
654.820 0
663.588 0
672.352 0
681.009 0
698.502 0
707.306 0
715.979 0
724.587 0
733.254 0
742.083 0
750.726 0
759.555 0
768.234 0
776.878 0
785.605 0
794.350 0
802.965 0
811.640 0
820.404 0
829.115 0
837.781 0
846.464 0
855.145 0
863.955 0
872.700 0
881.255 0
889.964 0
898.596 0
907.343 0
916.081 0
924.815 0
933.564 0
942.064 0
950.917 0
959.503 0
968.314 0
977.126 0
985.859 0
994.474 0
1002.976 0
1011.912 0
