# 0.470
16.783 0
25.494 0
34.158 0
42.828 0
51.562 0
60.277 0
69.046 0
77.733 0
86.455 0
95.021 0
103.735 0
112.587 0
121.257 0
129.903 0
138.551 0
147.262 0
156.068 0
164.689 0
173.333 0
182.149 0
190.949 0
199.629 0
208.349 0
216.987 0
225.588 0
234.252 0
242.956 0
251.720 0
260.206 0
269.048 0
277.906 0
286.684 0
295.202 0
303.975 0
312.615 0
321.204 0
330.068 0
347.459 0
356.314 0
364.850 0
373.610 0
382.465 0
391.111 0
399.843 0
408.449 0
417.298 0
426.036 0
434.696 0
443.452 0
452.321 0
460.930 0
469.862 0
478.519 0
487.306 0
495.983 0
504.740 0
513.521 0
522.271 0
531.111 0
539.792 0
548.517 0
557.247 0
565.979 0
574.719 0
583.509 0
592.375 0
600.973 0
609.627 0
618.475 0
627.217 0
636.028 0
644.734 0
653.728 0
662.464 0
671.256 0
688.749 0
697.677 0
706.400 0
715.239 0
724.038 0
732.774 0
741.663 0
750.397 0
759.307 0
768.143 0
776.936 0
785.707 0
794.485 0
803.536 0
812.319 0
821.181 0
829.836 0
838.823 0
847.647 0
856.426 0
865.436 0
874.253 0
883.058 0
891.989 0
900.927 0
909.553 0
918.563 0
927.356 0
936.305 0
945.117 0
953.830 0
962.939 0
971.710 0
980.729 0
989.603 0
998.511 0
1007.408 0
