# 0.470
16.908 0
25.534 0
34.185 0
42.932 0
51.621 0
60.360 0
69.120 0
77.885 0
86.607 0
95.096 0
103.902 0
112.548 0
121.469 0
130.127 0
138.901 0
147.640 0
156.192 0
164.803 0
173.663 0
182.274 0
191.009 0
199.767 0
208.458 0
217.284 0
225.681 0
234.501 0
243.240 0
251.879 0
260.558 0
269.279 0
277.928 0
286.733 0
295.448 0
304.238 0
312.782 0
321.565 0
330.265 0
347.825 0
356.568 0
365.242 0
373.993 0
382.694 0
391.597 0
400.298 0
408.898 0
417.721 0
426.509 0
435.320 0
444.080 0
452.838 0
461.602 0
470.248 0
479.017 0
487.718 0
496.484 0
505.241 0
513.995 0
522.696 0
531.422 0
540.108 0
549.056 0
557.584 0
566.402 0
575.087 0
583.858 0
592.643 0
601.543 0
610.163 0
618.963 0
627.634 0
636.713 0
645.353 0
654.339 0
663.040 0
672.043 0
689.413 0
698.224 0
706.899 0
715.765 0
724.673 0
733.373 0
742.601 0
751.222 0
759.991 0
768.811 0
777.669 0
786.480 0
795.275 0
804.153 0
813.117 0
821.815 0
830.548 0
839.536 0
848.333 0
857.283 0
866.070 0
874.859 0
883.675 0
892.698 0
901.437 0
910.180 0
919.379 0
928.248 0
937.131 0
946.091 0
954.704 0
963.968 0
972.751 0
981.751 0
990.458 0
999.511 0
1008.469 0
