# 0.470
24.790 0
33.580 0
42.574 0
51.483 0
60.435 0
69.287 0
78.115 0
87.000 0
95.883 0
104.846 0
113.744 0
122.681 0
131.498 0
140.453 0
149.442 0
158.213 0
166.879 0
175.926 0
184.727 0
193.667 0
202.640 0
211.561 0
220.334 0
228.953 0
237.991 0
246.953 0
255.739 0
264.652 0
273.264 0
282.378 0
291.203 0
300.107 0
308.711 0
317.667 0
326.530 0
335.409 0
344.152 0
361.803 0
370.581 0
379.276 0
388.270 0
396.862 0
405.681 0
414.575 0
423.298 0
431.953 0
440.895 0
449.671 0
458.445 0
467.216 0
475.960 0
484.737 0
493.635 0
502.384 0
511.081 0
519.779 0
528.570 0
537.362 0
546.191 0
554.976 0
563.629 0
572.584 0
581.301 0
590.103 0
598.815 0
607.526 0
616.387 0
625.100 0
633.825 0
642.578 0
651.222 0
660.031 0
668.702 0
677.486 0
686.154 0
703.800 0
712.471 0
721.195 0
729.657 0
738.595 0
747.321 0
755.906 0
764.764 0
773.464 0
782.258 0
790.828 0
799.615 0
808.483 0
816.961 0
825.714 0
834.425 0
843.109 0
851.909 0
860.644 0
869.427 0
878.145 0
886.655 0
895.475 0
904.206 0
912.959 0
921.735 0
930.448 0
939.216 0
947.733 0
956.458 0
965.224 0
973.951 0
982.556 0
991.416 0
1000.100 0
1008.662 0
1017.417 0
