# 0.470
22.905 0
31.581 0
40.673 0
49.409 0
58.352 0
67.256 0
76.234 0
85.014 0
93.857 0
102.842 0
111.777 0
120.672 0
129.474 0
138.366 0
147.220 0
156.131 0
164.850 0
173.815 0
182.583 0
191.474 0
200.325 0
209.055 0
217.994 0
226.782 0
235.704 0
244.602 0
253.298 0
262.133 0
271.134 0
279.967 0
288.783 0
297.641 0
306.346 0
315.148 0
324.093 0
332.775 0
341.663 0
359.256 0
367.948 0
376.749 0
385.717 0
394.440 0
403.336 0
412.026 0
420.723 0
429.514 0
438.219 0
447.058 0
455.768 0
464.548 0
473.354 0
482.008 0
490.944 0
499.637 0
508.445 0
517.103 0
525.837 0
534.599 0
543.369 0
552.109 0
560.766 0
569.560 0
578.517 0
587.180 0
596.013 0
604.677 0
613.383 0
622.187 0
630.894 0
639.647 0
648.378 0
657.246 0
665.926 0
674.742 0
683.381 0
701.053 0
709.493 0
718.252 0
726.835 0
735.519 0
744.205 0
753.008 0
761.917 0
770.460 0
779.064 0
787.847 0
796.589 0
805.333 0
813.884 0
822.623 0
831.249 0
840.036 0
848.559 0
857.387 0
866.188 0
874.947 0
883.545 0
892.344 0
900.924 0
909.827 0
918.470 0
927.264 0
935.998 0
944.562 0
953.300 0
961.894 0
970.721 0
979.364 0
988.124 0
996.815 0
1005.528 0
1014.201 0
