# 0.470
20.144 0
28.828 0
37.421 0
46.235 0
54.914 0
63.665 0
72.389 0
81.279 0
89.903 0
98.418 0
107.182 0
115.879 0
124.694 0
133.366 0
142.029 0
150.866 0
159.476 0
168.203 0
176.868 0
185.631 0
194.349 0
203.217 0
211.826 0
220.590 0
229.223 0
237.946 0
246.520 0
255.317 0
264.005 0
272.739 0
281.559 0
290.225 0
298.922 0
307.591 0
316.278 0
325.007 0
333.687 0
351.091 0
359.859 0
368.684 0
377.418 0
386.107 0
394.919 0
403.739 0
412.472 0
421.287 0
429.961 0
438.651 0
447.563 0
456.239 0
464.940 0
473.768 0
482.462 0
491.320 0
500.012 0
508.719 0
517.443 0
526.372 0
534.992 0
543.791 0
552.526 0
561.367 0
570.123 0
578.800 0
587.575 0
596.339 0
605.004 0
613.982 0
622.732 0
631.391 0
640.223 0
648.992 0
657.868 0
666.708 0
675.531 0
693.020 0
701.927 0
710.728 0
719.657 0
728.342 0
737.201 0
745.884 0
754.811 0
763.768 0
772.559 0
781.380 0
790.236 0
798.951 0
807.814 0
816.640 0
825.592 0
834.364 0
843.458 0
852.164 0
860.907 0
869.795 0
878.618 0
887.450 0
896.436 0
905.234 0
914.065 0
922.975 0
931.939 0
940.876 0
949.675 0
958.559 0
967.511 0
976.367 0
985.216 0
994.222 0
1003.267 0
1012.032 0
