# 0.470
16.874 0
25.499 0
34.042 0
42.931 0
51.649 0
60.181 0
69.029 0
77.691 0
86.361 0
94.832 0
103.651 0
112.315 0
121.032 0
129.772 0
138.543 0
147.161 0
155.760 0
164.485 0
173.085 0
181.863 0
190.581 0
199.276 0
208.001 0
216.707 0
225.273 0
234.011 0
242.824 0
251.473 0
260.182 0
268.799 0
277.627 0
286.441 0
295.022 0
303.796 0
312.339 0
321.056 0
329.729 0
347.219 0
355.962 0
364.757 0
373.352 0
382.119 0
390.822 0
399.549 0
408.273 0
417.037 0
425.767 0
434.464 0
443.149 0
451.853 0
460.654 0
469.413 0
478.149 0
486.862 0
495.682 0
504.346 0
512.998 0
521.842 0
530.471 0
539.255 0
547.896 0
556.764 0
565.459 0
574.315 0
583.002 0
591.735 0
600.578 0
609.282 0
617.992 0
626.843 0
635.538 0
644.340 0
653.215 0
661.967 0
670.797 0
688.397 0
697.043 0
705.840 0
714.673 0
723.469 0
732.275 0
741.053 0
749.864 0
758.775 0
767.504 0
776.271 0
785.131 0
793.838 0
802.735 0
811.491 0
820.448 0
829.134 0
838.025 0
846.918 0
855.695 0
864.579 0
873.445 0
882.265 0
891.220 0
900.020 0
908.843 0
917.811 0
926.562 0
935.532 0
944.429 0
953.196 0
962.225 0
971.156 0
979.846 0
988.739 0
997.754 0
1006.655 0
