# 0.470
26.944 0
35.607 0
44.275 0
52.932 0
61.733 0
70.389 0
79.151 0
87.820 0
96.579 0
105.052 0
113.881 0
122.508 0
131.239 0
139.966 0
148.684 0
157.338 0
165.933 0
174.726 0
183.392 0
192.140 0
200.818 0
209.553 0
218.194 0
226.945 0
235.411 0
244.239 0
252.871 0
261.750 0
270.358 0
278.981 0
287.785 0
296.512 0
305.201 0
313.854 0
322.526 0
331.217 0
339.962 0
357.384 0
366.089 0
374.830 0
383.533 0
392.290 0
401.054 0
409.670 0
418.544 0
427.273 0
435.992 0
444.690 0
453.366 0
462.184 0
470.834 0
479.458 0
488.312 0
497.086 0
505.692 0
514.556 0
523.315 0
531.977 0
540.782 0
549.502 0
558.263 0
567.086 0
575.823 0
584.452 0
593.226 0
602.002 0
610.835 0
619.474 0
628.306 0
637.121 0
645.788 0
654.645 0
663.542 0
672.286 0
681.074 0
698.593 0
707.379 0
716.173 0
725.062 0
733.879 0
742.571 0
751.387 0
760.163 0
769.049 0
777.879 0
786.699 0
795.423 0
804.350 0
813.232 0
821.962 0
830.756 0
839.625 0
848.336 0
857.335 0
866.192 0
875.151 0
883.910 0
892.757 0
901.616 0
910.385 0
919.320 0
928.225 0
937.080 0
946.020 0
954.933 0
963.659 0
972.663 0
981.581 0
990.398 0
999.421 0
1008.414 0
1017.168 0
