# 0.470
24.561 0
33.314 0
42.277 0
51.108 0
60.015 0
68.974 0
77.913 0
86.756 0
95.602 0
104.497 0
113.309 0
122.023 0
131.040 0
139.837 0
148.956 0
157.776 0
166.564 0
175.370 0
184.288 0
193.032 0
201.882 0
210.621 0
219.634 0
228.299 0
237.213 0
246.116 0
254.880 0
263.785 0
272.576 0
281.685 0
290.342 0
298.932 0
307.702 0
316.615 0
325.502 0
334.313 0
343.230 0
360.791 0
369.552 0
378.298 0
387.225 0
395.901 0
404.721 0
413.442 0
422.230 0
430.939 0
439.811 0
448.574 0
457.259 0
465.978 0
474.794 0
483.549 0
492.266 0
501.070 0
509.774 0
518.565 0
527.296 0
536.046 0
544.709 0
553.438 0
562.289 0
571.042 0
579.637 0
588.453 0
597.306 0
605.956 0
614.690 0
623.552 0
632.298 0
641.029 0
649.700 0
658.452 0
667.014 0
675.823 0
684.524 0
702.207 0
710.745 0
719.488 0
728.087 0
736.858 0
745.528 0
754.278 0
762.937 0
771.698 0
780.417 0
789.170 0
797.953 0
806.481 0
815.056 0
823.925 0
832.511 0
841.354 0
849.935 0
858.730 0
867.419 0
876.261 0
884.856 0
893.468 0
902.241 0
910.945 0
919.515 0
928.296 0
937.080 0
945.704 0
954.400 0
963.085 0
971.733 0
980.484 0
989.144 0
997.898 0
1006.344 0
1015.260 0
