# 0.470
17.826 0
26.622 0
35.171 0
43.975 0
52.582 0
61.538 0
69.900 0
78.622 0
87.431 0
95.892 0
104.703 0
113.406 0
122.129 0
130.931 0
139.700 0
148.253 0
156.913 0
165.535 0
174.342 0
182.975 0
191.658 0
200.419 0
209.158 0
217.832 0
226.514 0
235.328 0
243.816 0
252.585 0
261.345 0
270.006 0
278.700 0
287.416 0
296.224 0
304.936 0
313.635 0
322.309 0
331.047 0
348.478 0
357.093 0
365.944 0
374.631 0
383.428 0
392.057 0
400.695 0
409.486 0
418.287 0
426.972 0
435.789 0
444.380 0
453.311 0
461.961 0
470.621 0
479.362 0
488.241 0
496.910 0
505.589 0
514.355 0
523.026 0
531.881 0
540.618 0
549.450 0
558.116 0
566.840 0
575.677 0
584.408 0
593.230 0
601.889 0
610.504 0
619.422 0
628.271 0
637.019 0
645.746 0
654.575 0
663.565 0
672.139 0
689.755 0
698.427 0
707.217 0
716.392 0
724.882 0
733.818 0
742.662 0
751.318 0
760.314 0
768.993 0
777.888 0
786.641 0
795.457 0
804.339 0
813.345 0
821.772 0
830.738 0
839.880 0
848.325 0
857.225 0
866.299 0
875.012 0
883.829 0
892.746 0
901.698 0
910.471 0
919.340 0
928.391 0
937.188 0
946.070 0
954.923 0
963.786 0
972.597 0
981.797 0
990.405 0
999.403 0
1008.146 0
