# 0.470
17.653 0
26.344 0
34.915 0
43.643 0
52.603 0
61.045 0
69.728 0
78.512 0
87.213 0
95.747 0
104.340 0
113.073 0
121.906 0
130.609 0
139.401 0
148.022 0
156.598 0
165.225 0
173.898 0
182.662 0
191.460 0
200.130 0
208.800 0
217.603 0
226.047 0
234.694 0
243.447 0
252.226 0
260.882 0
269.704 0
278.406 0
286.970 0
295.819 0
304.379 0
313.112 0
321.861 0
330.466 0
347.946 0
356.654 0
365.487 0
374.141 0
382.899 0
391.491 0
400.227 0
409.087 0
417.679 0
426.442 0
435.174 0
443.981 0
452.673 0
461.319 0
470.089 0
478.742 0
487.581 0
496.290 0
505.035 0
513.699 0
522.399 0
531.128 0
540.014 0
548.530 0
557.331 0
566.076 0
575.111 0
583.628 0
592.311 0
601.155 0
609.826 0
618.559 0
627.333 0
636.259 0
644.925 0
653.811 0
662.641 0
671.315 0
688.901 0
697.506 0
706.556 0
715.141 0
724.014 0
732.849 0
741.680 0
750.433 0
759.212 0
768.060 0
776.892 0
785.604 0
794.279 0
803.370 0
812.047 0
820.724 0
829.566 0
838.498 0
847.411 0
856.088 0
865.290 0
873.620 0
882.537 0
891.573 0
900.375 0
909.198 0
918.231 0
926.987 0
935.933 0
944.558 0
953.638 0
962.564 0
971.421 0
980.361 0
989.069 0
997.999 0
1006.808 0
