# 0.470
34.232 0
43.100 0
52.140 0
60.872 0
69.878 0
78.801 0
87.661 0
96.600 0
105.369 0
114.221 0
123.338 0
131.997 0
140.825 0
149.715 0
158.647 0
167.438 0
176.198 0
185.158 0
194.101 0
202.801 0
211.674 0
220.500 0
229.272 0
238.113 0
247.070 0
255.813 0
264.606 0
273.439 0
282.271 0
291.052 0
299.932 0
308.735 0
317.468 0
326.281 0
335.234 0
344.047 0
352.760 0
370.263 0
379.062 0
387.843 0
396.689 0
405.542 0
414.233 0
423.063 0
431.903 0
440.517 0
449.271 0
458.023 0
466.783 0
475.405 0
484.276 0
492.912 0
501.710 0
510.515 0
519.241 0
527.919 0
536.676 0
545.449 0
554.160 0
562.964 0
571.668 0
580.497 0
589.232 0
597.935 0
606.640 0
615.281 0
624.151 0
632.839 0
641.514 0
650.320 0
658.977 0
667.804 0
676.577 0
685.167 0
693.944 0
711.334 0
720.140 0
728.749 0
737.378 0
746.129 0
754.742 0
763.586 0
772.259 0
780.979 0
789.676 0
798.375 0
807.275 0
815.877 0
824.418 0
832.989 0
841.819 0
850.480 0
859.182 0
867.954 0
876.686 0
885.372 0
893.993 0
902.666 0
911.403 0
920.033 0
928.754 0
937.552 0
946.323 0
954.759 0
963.668 0
972.312 0
980.807 0
989.627 0
998.368 0
1007.039 0
1015.555 0
1024.382 0
