# 0.470
24.168 0
33.000 0
42.090 0
50.897 0
59.735 0
68.784 0
77.763 0
86.427 0
95.508 0
104.113 0
113.181 0
122.051 0
130.873 0
139.919 0
148.610 0
157.475 0
166.342 0
175.185 0
184.149 0
192.998 0
201.952 0
210.626 0
219.479 0
228.403 0
237.310 0
245.731 0
254.828 0
263.335 0
272.308 0
281.327 0
290.126 0
298.867 0
307.662 0
316.439 0
325.419 0
334.360 0
343.062 0
360.392 0
369.479 0
378.240 0
387.025 0
395.839 0
404.613 0
413.373 0
422.189 0
430.890 0
439.687 0
448.525 0
457.343 0
466.054 0
474.758 0
483.488 0
492.212 0
500.933 0
509.624 0
518.443 0
527.145 0
535.960 0
544.652 0
553.496 0
562.296 0
570.857 0
579.839 0
588.446 0
597.110 0
605.945 0
614.576 0
623.379 0
632.165 0
640.922 0
649.578 0
658.238 0
667.039 0
675.849 0
684.598 0
702.021 0
710.763 0
719.459 0
728.004 0
736.767 0
745.422 0
754.157 0
762.978 0
771.561 0
780.275 0
789.069 0
797.790 0
806.413 0
815.218 0
823.768 0
832.465 0
841.227 0
849.852 0
858.593 0
867.294 0
875.994 0
884.587 0
893.345 0
902.243 0
910.735 0
919.402 0
928.098 0
936.943 0
945.542 0
954.110 0
962.775 0
971.458 0
980.194 0
988.933 0
997.768 0
1006.411 0
1015.022 0
