# 0.470
23.288 0
32.177 0
41.143 0
49.951 0
59.033 0
67.711 0
76.685 0
85.628 0
94.406 0
103.629 0
112.320 0
121.305 0
130.167 0
138.926 0
147.830 0
156.761 0
165.556 0
174.421 0
183.298 0
192.222 0
201.097 0
209.925 0
218.631 0
227.633 0
236.515 0
245.255 0
254.063 0
262.827 0
271.520 0
280.489 0
289.264 0
298.171 0
306.878 0
315.763 0
324.618 0
333.425 0
342.291 0
359.691 0
368.448 0
377.355 0
386.279 0
395.077 0
403.798 0
412.534 0
421.143 0
429.923 0
438.895 0
447.445 0
456.378 0
465.071 0
473.847 0
482.537 0
491.414 0
500.158 0
508.862 0
517.596 0
526.550 0
535.047 0
543.818 0
552.550 0
561.439 0
570.123 0
579.013 0
587.602 0
596.295 0
605.044 0
613.848 0
622.494 0
631.306 0
639.989 0
648.677 0
657.435 0
666.114 0
674.869 0
683.636 0
701.063 0
709.924 0
718.567 0
727.220 0
735.952 0
744.561 0
753.212 0
761.961 0
770.752 0
779.504 0
788.202 0
796.945 0
805.551 0
814.196 0
822.920 0
831.581 0
840.329 0
849.014 0
857.797 0
866.462 0
875.101 0
883.742 0
892.550 0
901.096 0
909.853 0
918.645 0
927.356 0
936.078 0
944.664 0
953.319 0
962.011 0
970.636 0
979.455 0
988.043 0
996.741 0
1005.374 0
1014.083 0
