# 0.470
26.693 0
35.569 0
44.542 0
53.400 0
62.292 0
71.104 0
80.184 0
88.942 0
97.742 0
106.769 0
115.549 0
124.537 0
133.354 0
142.143 0
151.068 0
159.972 0
168.753 0
177.632 0
186.550 0
195.385 0
204.194 0
213.176 0
221.925 0
230.700 0
239.532 0
248.323 0
257.261 0
265.971 0
274.925 0
283.754 0
292.576 0
301.582 0
310.249 0
318.944 0
327.878 0
336.656 0
345.483 0
362.869 0
371.838 0
380.560 0
389.405 0
398.248 0
406.981 0
415.787 0
424.437 0
433.190 0
441.952 0
450.625 0
459.395 0
468.216 0
477.001 0
485.875 0
494.542 0
503.122 0
511.962 0
520.673 0
529.349 0
538.072 0
546.822 0
555.624 0
564.427 0
573.097 0
581.837 0
590.618 0
599.317 0
608.191 0
616.882 0
625.641 0
634.319 0
643.116 0
651.871 0
660.640 0
669.301 0
678.054 0
686.657 0
704.213 0
712.919 0
721.651 0
730.186 0
738.913 0
747.595 0
756.342 0
765.014 0
773.725 0
782.358 0
791.157 0
799.935 0
808.582 0
817.174 0
825.923 0
834.660 0
843.339 0
852.055 0
860.760 0
869.388 0
878.036 0
886.683 0
895.580 0
904.158 0
912.964 0
921.675 0
930.371 0
939.086 0
947.737 0
956.412 0
965.139 0
973.750 0
982.625 0
991.205 0
999.981 0
1008.528 0
1017.223 0
