# 0.470
19.203 0
27.863 0
36.506 0
45.204 0
53.947 0
62.674 0
71.358 0
80.182 0
88.888 0
97.323 0
106.087 0
114.868 0
123.549 0
132.299 0
141.153 0
149.758 0
158.369 0
167.173 0
175.824 0
184.456 0
193.211 0
201.933 0
210.590 0
219.287 0
227.947 0
236.780 0
245.487 0
254.181 0
262.769 0
271.556 0
280.439 0
289.127 0
297.800 0
306.593 0
315.387 0
323.844 0
332.556 0
350.150 0
359.086 0
367.720 0
376.411 0
385.172 0
393.772 0
402.701 0
411.397 0
420.203 0
428.975 0
437.787 0
446.485 0
455.022 0
463.794 0
472.636 0
481.435 0
490.079 0
498.966 0
507.514 0
516.286 0
525.219 0
533.917 0
542.638 0
551.410 0
560.158 0
568.945 0
577.647 0
586.293 0
595.199 0
603.944 0
612.823 0
621.435 0
630.377 0
639.087 0
647.911 0
656.769 0
665.457 0
674.445 0
691.986 0
700.828 0
709.506 0
718.605 0
727.196 0
736.119 0
744.985 0
753.682 0
762.498 0
771.412 0
780.121 0
788.962 0
797.787 0
806.746 0
815.587 0
824.219 0
833.152 0
842.085 0
850.865 0
859.792 0
868.684 0
877.475 0
886.422 0
895.324 0
904.197 0
912.984 0
922.008 0
930.831 0
939.678 0
948.671 0
957.460 0
966.388 0
975.285 0
984.334 0
993.104 0
1002.059 0
1010.963 0
