# 0.470
24.318 0
33.318 0
42.186 0
51.070 0
60.105 0
68.941 0
77.892 0
86.725 0
95.651 0
104.617 0
113.483 0
122.443 0
131.190 0
140.112 0
148.980 0
157.792 0
166.724 0
175.558 0
184.463 0
193.098 0
202.235 0
211.286 0
219.824 0
228.784 0
237.622 0
246.521 0
255.309 0
264.161 0
272.936 0
281.804 0
290.573 0
299.458 0
308.274 0
317.229 0
325.928 0
334.866 0
343.686 0
361.155 0
369.914 0
378.789 0
387.652 0
396.601 0
405.264 0
414.095 0
422.802 0
431.645 0
440.346 0
449.129 0
457.758 0
466.667 0
475.363 0
484.111 0
492.836 0
501.566 0
510.511 0
520.000 1
527.886 0
536.635 0
545.403 0
554.168 0
562.758 0
571.736 0
580.428 0
589.045 0
597.827 0
606.542 0
615.396 0
624.144 0
632.922 0
641.634 0
650.418 0
659.232 0
667.869 0
676.625 0
685.385 0
702.900 0
711.566 0
720.352 0
728.990 0
737.595 0
746.431 0
755.051 0
763.724 0
772.522 0
781.243 0
790.005 0
798.687 0
807.451 0
816.008 0
824.732 0
833.521 0
842.243 0
850.944 0
859.744 0
868.316 0
877.077 0
885.688 0
894.311 0
903.088 0
911.868 0
920.515 0
929.359 0
938.099 0
946.700 0
955.493 0
964.093 0
972.833 0
981.578 0
990.450 0
999.121 0
1007.716 0
1016.385 0
