# 0.470
19.866 0
28.723 0
37.297 0
46.048 0
54.739 0
63.469 0
72.277 0
80.777 0
89.608 0
98.177 0
106.887 0
115.678 0
124.305 0
133.019 0
141.679 0
150.373 0
159.159 0
167.788 0
176.522 0
185.219 0
193.887 0
202.585 0
211.258 0
219.936 0
228.546 0
237.238 0
246.013 0
254.688 0
263.417 0
272.070 0
280.927 0
289.569 0
298.337 0
307.089 0
315.607 0
324.353 0
333.203 0
350.454 0
359.313 0
368.007 0
376.744 0
385.503 0
394.214 0
402.998 0
411.643 0
420.468 0
429.118 0
437.979 0
446.684 0
455.459 0
464.169 0
472.921 0
481.681 0
490.383 0
499.120 0
507.873 0
516.635 0
525.365 0
534.056 0
542.783 0
551.482 0
560.249 0
569.095 0
577.803 0
586.526 0
595.330 0
604.095 0
612.831 0
621.665 0
630.433 0
639.140 0
647.978 0
656.874 0
665.589 0
674.343 0
691.959 0
700.803 0
709.633 0
718.406 0
727.260 0
735.993 0
744.794 0
753.578 0
762.589 0
771.388 0
780.077 0
788.941 0
797.668 0
806.568 0
815.368 0
824.173 0
833.025 0
841.862 0
850.656 0
859.531 0
868.473 0
877.325 0
886.114 0
895.101 0
903.934 0
912.642 0
921.624 0
930.456 0
939.523 0
948.297 0
957.046 0
966.161 0
974.879 0
983.861 0
992.777 0
1001.769 0
1010.526 0
