# 0.470
26.766 0
35.486 0
44.502 0
53.357 0
62.427 0
71.274 0
80.289 0
89.077 0
97.869 0
106.766 0
115.559 0
124.627 0
133.373 0
142.132 0
151.180 0
159.989 0
168.826 0
177.830 0
186.358 0
195.350 0
204.264 0
213.101 0
221.781 0
230.730 0
239.280 0
248.562 0
257.256 0
266.060 0
274.742 0
283.898 0
292.536 0
301.226 0
310.328 0
318.637 0
327.893 0
336.536 0
345.317 0
362.737 0
371.546 0
380.596 0
389.431 0
398.128 0
406.909 0
415.642 0
424.236 0
433.081 0
441.948 0
450.727 0
459.435 0
468.098 0
476.852 0
485.460 0
494.462 0
503.254 0
511.948 0
520.786 0
529.455 0
538.224 0
546.924 0
555.645 0
564.376 0
573.029 0
581.911 0
590.649 0
599.330 0
608.109 0
616.857 0
625.573 0
634.364 0
643.110 0
651.740 0
660.502 0
669.184 0
677.952 0
686.677 0
704.230 0
712.807 0
721.590 0
730.157 0
738.808 0
747.574 0
756.236 0
765.039 0
773.907 0
782.440 0
791.227 0
799.943 0
808.584 0
817.164 0
825.934 0
834.593 0
843.419 0
852.067 0
860.882 0
869.522 0
878.225 0
886.769 0
895.356 0
904.325 0
912.908 0
921.589 0
930.420 0
939.113 0
947.663 0
956.403 0
964.964 0
973.720 0
982.470 0
991.087 0
999.801 0
1008.398 0
1017.166 0
