# 0.470
19.780 0
28.517 0
37.019 0
45.807 0
54.508 0
63.363 0
71.954 0
80.560 0
89.473 0
97.954 0
106.586 0
115.337 0
123.936 0
132.750 0
141.515 0
150.148 0
158.850 0
167.583 0
176.216 0
185.126 0
193.778 0
202.295 0
211.020 0
219.815 0
228.305 0
237.039 0
245.771 0
254.531 0
263.204 0
271.891 0
280.589 0
289.306 0
298.074 0
306.828 0
315.421 0
324.036 0
332.748 0
350.268 0
358.933 0
367.763 0
376.457 0
385.231 0
394.062 0
402.583 0
411.322 0
420.097 0
428.945 0
437.622 0
446.475 0
455.231 0
463.778 0
472.827 0
481.378 0
489.966 0
498.789 0
507.447 0
516.339 0
524.833 0
533.823 0
542.552 0
551.200 0
560.007 0
568.914 0
577.511 0
586.176 0
594.954 0
603.864 0
612.472 0
621.203 0
629.978 0
638.729 0
647.502 0
656.453 0
665.000 1
674.054 0
691.473 0
700.328 0
709.137 0
718.011 0
726.735 0
735.550 0
744.608 0
753.456 0
762.138 0
770.891 0
779.819 0
788.617 0
797.172 0
806.376 0
815.034 0
823.879 0
832.581 0
841.550 0
850.533 0
859.133 0
868.139 0
876.890 0
885.940 0
894.789 0
903.597 0
912.391 0
921.274 0
930.270 0
938.974 0
947.949 0
956.905 0
965.730 0
974.569 0
983.703 0
992.529 0
1001.343 0
1010.120 0
