# 0.470
25.277 0
33.924 0
42.932 0
51.745 0
60.795 0
69.581 0
78.436 0
87.401 0
96.247 0
105.181 0
113.880 0
123.085 0
131.784 0
140.548 0
149.640 0
158.416 0
167.292 0
176.257 0
184.919 0
193.821 0
202.813 0
211.662 0
220.299 0
229.138 0
238.000 0
246.820 0
255.756 0
264.404 0
273.452 0
282.149 0
290.858 0
299.750 0
308.582 0
317.396 0
326.238 0
335.047 0
343.838 0
361.373 0
370.049 0
378.811 0
387.683 0
396.527 0
405.388 0
414.144 0
422.937 0
431.703 0
440.541 0
448.500 1
457.920 0
466.739 0
475.482 0
484.104 0
492.997 0
501.692 0
510.514 0
519.078 0
527.882 0
536.744 0
545.461 0
554.194 0
562.798 0
571.656 0
580.444 0
589.065 0
597.842 0
606.582 0
615.342 0
624.098 0
632.683 0
641.536 0
650.248 0
658.896 0
667.805 0
676.367 0
685.091 0
702.603 0
711.353 0
720.058 0
728.714 0
737.476 0
746.205 0
754.872 0
763.529 0
772.272 0
780.944 0
789.693 0
798.336 0
807.085 0
815.676 0
824.460 0
833.203 0
841.882 0
850.551 0
859.319 0
867.976 0
876.754 0
885.250 0
893.942 0
902.674 0
911.449 0
920.137 0
928.827 0
937.532 0
946.074 0
954.873 0
963.571 0
972.235 0
980.979 0
989.624 0
998.442 0
1006.889 0
1015.548 0
