# 0.470
27.658 0
36.511 0
45.094 0
53.791 0
62.447 0
71.233 0
79.872 0
88.673 0
97.348 0
105.848 0
114.637 0
123.269 0
132.082 0
140.814 0
149.506 0
158.246 0
166.802 0
175.606 0
184.276 0
192.983 0
201.685 0
210.377 0
219.035 0
227.850 0
236.308 0
245.078 0
253.654 0
262.479 0
271.242 0
279.890 0
288.515 0
297.432 0
306.132 0
314.861 0
323.387 0
332.339 0
340.904 0
358.413 0
367.074 0
375.907 0
384.527 0
393.318 0
402.145 0
410.758 0
419.629 0
428.318 0
437.112 0
445.790 0
454.633 0
463.386 0
472.100 0
480.809 0
489.581 0
498.275 0
507.006 0
515.831 0
524.548 0
533.361 0
542.054 0
550.748 0
559.450 0
568.189 0
577.008 0
585.924 0
594.603 0
603.402 0
612.085 0
620.762 0
629.669 0
638.462 0
647.248 0
656.081 0
664.980 0
673.805 0
682.551 0
700.056 0
708.968 0
717.739 0
726.643 0
735.404 0
744.198 0
753.069 0
761.851 0
770.808 0
779.626 0
788.345 0
797.139 0
805.939 0
814.940 0
823.776 0
832.575 0
841.390 0
850.369 0
859.160 0
867.909 0
876.901 0
885.655 0
894.596 0
903.531 0
912.351 0
921.215 0
930.190 0
939.018 0
947.952 0
956.849 0
965.689 0
974.776 0
983.653 0
992.562 0
1001.444 0
1010.390 0
1019.309 0
