# 0.470
35.428 0
44.276 0
53.236 0
62.095 0
71.034 0
79.813 0
88.808 0
97.624 0
106.461 0
115.349 0
124.211 0
133.035 0
141.925 0
150.765 0
159.577 0
168.387 0
177.224 0
186.191 0
194.928 0
203.807 0
212.606 0
221.459 0
230.352 0
238.849 0
247.873 0
256.621 0
265.519 0
274.361 0
283.185 0
292.124 0
300.867 0
309.705 0
318.464 0
327.159 0
336.129 0
344.790 0
353.591 0
371.082 0
379.977 0
388.595 0
397.444 0
406.271 0
415.106 0
423.762 0
432.539 0
441.193 0
450.030 0
458.763 0
467.527 0
476.296 0
484.997 0
493.736 0
502.523 0
511.145 0
519.947 0
528.550 0
537.468 0
546.038 0
554.806 0
563.610 0
572.395 0
581.061 0
589.827 0
598.555 0
607.382 0
616.011 0
624.822 0
633.493 0
642.150 0
650.964 0
659.667 0
668.628 0
677.056 0
685.827 0
694.346 0
712.085 0
720.701 0
729.214 0
738.051 0
746.793 0
755.455 0
764.104 0
772.771 0
781.537 0
790.271 0
799.001 0
807.755 0
816.365 0
824.825 0
833.702 0
842.339 0
851.107 0
859.705 0
868.427 0
877.150 0
885.901 0
894.444 0
903.294 0
912.010 0
920.747 0
929.351 0
938.012 0
946.937 0
955.231 0
964.153 0
972.811 0
981.580 0
990.389 0
998.979 0
1007.787 0
1016.297 0
1024.988 0
