# 0.470
13.176 0
21.703 0
30.374 0
39.253 0
47.811 0
56.585 0
65.173 0
74.008 0
82.645 0
91.387 0
100.020 0
108.718 0
117.438 0
126.089 0
134.894 0
143.616 0
152.223 0
160.827 0
169.581 0
178.339 0
187.154 0
195.727 0
204.499 0
213.353 0
221.759 0
230.500 0
239.231 0
247.947 0
256.714 0
265.250 0
273.896 0
282.758 0
291.371 0
300.135 0
308.772 0
317.448 0
326.070 0
343.612 0
352.333 0
361.139 0
369.862 0
378.586 0
387.326 0
396.145 0
404.793 0
413.598 0
422.309 0
430.918 0
439.594 0
448.564 0
457.185 0
465.903 0
474.701 0
483.498 0
492.242 0
501.016 0
509.568 0
518.442 0
527.257 0
535.854 0
544.631 0
553.431 0
562.263 0
570.891 0
579.576 0
588.395 0
597.098 0
605.929 0
614.709 0
623.285 0
632.212 0
640.964 0
649.803 0
658.589 0
667.327 0
685.006 0
693.832 0
702.512 0
711.473 0
720.212 0
729.016 0
737.814 0
746.649 0
755.532 0
764.294 0
773.077 0
781.897 0
790.695 0
799.724 0
808.475 0
817.320 0
826.064 0
834.936 0
843.783 0
852.598 0
861.544 0
870.484 0
879.160 0
887.978 0
896.854 0
905.572 0
914.652 0
923.439 0
932.436 0
941.221 0
950.140 0
958.998 0
967.760 0
976.686 0
985.731 0
994.604 0
1003.459 0
