# 0.470
18.411 0
26.966 0
35.671 0
44.308 0
53.119 0
61.677 0
70.476 0
79.153 0
87.763 0
96.318 0
105.179 0
113.840 0
122.438 0
131.233 0
139.829 0
148.621 0
157.260 0
165.970 0
174.678 0
183.327 0
192.183 0
200.733 0
209.471 0
218.268 0
226.876 0
235.501 0
244.283 0
253.008 0
261.569 0
270.279 0
279.126 0
287.709 0
296.587 0
305.214 0
313.873 0
322.455 0
331.273 0
348.812 0
357.449 0
366.273 0
374.985 0
383.582 0
392.378 0
400.977 0
409.653 0
418.486 0
427.253 0
435.909 0
444.626 0
453.303 0
462.150 0
470.856 0
479.535 0
488.348 0
497.156 0
505.862 0
514.638 0
523.359 0
532.156 0
540.868 0
549.571 0
558.310 0
567.212 0
575.880 0
584.612 0
593.413 0
602.259 0
610.913 0
619.627 0
628.416 0
637.125 0
646.062 0
654.861 0
663.629 0
672.493 0
689.940 0
698.725 0
707.512 0
716.374 0
725.261 0
733.947 0
742.718 0
751.404 0
760.411 0
769.236 0
778.074 0
786.722 0
795.645 0
804.633 0
813.395 0
822.162 0
831.011 0
839.931 0
848.785 0
857.610 0
866.534 0
875.394 0
884.194 0
893.173 0
901.929 0
910.631 0
919.755 0
928.425 0
937.471 0
946.215 0
955.016 0
964.184 0
973.072 0
981.860 0
990.775 0
999.796 0
1008.562 0
