# 0.470
20.006 0
28.941 0
37.855 0
46.710 0
55.600 0
64.425 0
73.411 0
82.227 0
91.066 0
100.139 0
108.948 0
117.857 0
126.675 0
135.429 0
144.378 0
153.209 0
162.056 0
170.909 0
179.685 0
188.664 0
197.632 0
206.379 0
215.209 0
223.876 0
232.920 0
241.742 0
250.505 0
259.273 0
268.221 0
277.041 0
285.758 0
294.711 0
303.462 0
312.272 0
321.261 0
329.933 0
338.735 0
356.141 0
364.972 0
373.771 0
382.683 0
391.491 0
400.125 0
408.863 0
417.705 0
426.385 0
435.292 0
444.018 0
452.711 0
461.528 0
470.249 0
479.005 0
487.508 0
496.501 0
505.148 0
514.064 0
522.890 0
531.568 0
540.249 0
549.068 0
557.897 0
566.500 0
575.264 0
584.081 0
592.899 0
601.475 0
610.283 0
618.944 0
627.775 0
636.433 0
644.945 0
653.846 0
662.551 0
671.265 0
679.927 0
697.656 0
706.118 0
714.802 0
723.434 0
732.242 0
740.888 0
749.587 0
758.312 0
767.080 0
775.714 0
784.518 0
793.192 0
801.924 0
810.431 0
819.195 0
827.930 0
836.652 0
845.338 0
854.073 0
862.821 0
871.582 0
880.105 0
888.822 0
897.528 0
906.185 0
914.917 0
923.707 0
932.436 0
941.043 0
949.704 0
958.351 0
967.010 0
975.775 0
984.506 0
993.187 0
1001.842 0
1010.618 0
