# 0.470
20.714 0
29.441 0
38.130 0
46.796 0
55.579 0
64.211 0
72.895 0
81.675 0
90.366 0
99.021 0
107.763 0
116.393 0
125.154 0
133.852 0
142.558 0
151.226 0
159.824 0
168.596 0
177.352 0
186.094 0
194.778 0
203.458 0
212.099 0
220.866 0
229.397 0
238.112 0
246.848 0
255.491 0
264.215 0
272.999 0
281.770 0
290.320 0
299.066 0
307.780 0
316.445 0
325.181 0
333.915 0
351.340 0
360.081 0
368.837 0
377.547 0
386.324 0
395.016 0
403.693 0
412.550 0
421.242 0
429.974 0
438.595 0
447.496 0
456.234 0
464.967 0
473.808 0
482.478 0
491.229 0
499.898 0
508.617 0
517.430 0
526.116 0
534.895 0
543.573 0
552.306 0
561.045 0
569.921 0
578.648 0
587.365 0
596.120 0
604.927 0
613.675 0
622.425 0
631.101 0
639.881 0
648.733 0
657.647 0
666.364 0
675.173 0
692.758 0
701.435 0
710.315 0
719.273 0
727.989 0
736.806 0
745.626 0
754.386 0
763.380 0
772.096 0
780.915 0
789.597 0
798.543 0
807.405 0
816.173 0
825.047 0
833.869 0
842.832 0
851.658 0
860.268 0
869.311 0
878.156 0
886.996 0
895.801 0
904.701 0
913.629 0
922.383 0
931.274 0
940.213 0
949.071 0
957.945 0
966.961 0
975.786 0
984.817 0
993.705 0
1002.567 0
1011.074 0
