# 0.470
17.734 0
26.370 0
35.080 0
43.673 0
52.405 0
61.184 0
69.920 0
78.472 0
87.283 0
95.886 0
104.557 0
113.269 0
121.985 0
130.756 0
139.382 0
148.195 0
156.817 0
165.468 0
174.212 0
182.884 0
191.555 0
200.218 0
208.958 0
217.729 0
226.316 0
235.026 0
243.741 0
252.474 0
261.157 0
269.839 0
278.524 0
287.250 0
295.898 0
304.686 0
313.237 0
321.951 0
330.704 0
348.116 0
356.911 0
365.607 0
374.269 0
383.017 0
391.791 0
400.523 0
409.268 0
418.023 0
426.692 0
435.449 0
444.164 0
452.932 0
461.660 0
470.358 0
479.138 0
487.860 0
496.572 0
505.375 0
514.115 0
522.781 0
531.585 0
540.309 0
549.034 0
557.730 0
566.449 0
575.318 0
583.986 0
592.748 0
601.511 0
610.158 0
618.916 0
627.751 0
636.559 0
645.357 0
654.088 0
662.973 0
671.618 0
689.184 0
698.091 0
706.868 0
715.744 0
724.549 0
733.305 0
742.116 0
750.837 0
759.753 0
768.634 0
777.469 0
786.283 0
794.988 0
804.028 0
812.782 0
821.443 0
830.200 0
839.237 0
848.003 0
856.828 0
865.712 0
874.584 0
883.472 0
892.291 0
901.116 0
909.986 0
918.883 0
927.763 0
936.664 0
945.553 0
954.264 0
963.413 0
972.135 0
981.112 0
989.936 0
998.926 0
1007.780 0
