# 0.470
20.041 0
28.899 0
37.451 0
46.099 0
54.947 0
63.629 0
72.243 0
81.057 0
89.777 0
98.162 0
106.983 0
115.571 0
124.355 0
133.213 0
141.817 0
150.487 0
159.130 0
167.824 0
176.546 0
184.868 0
193.867 0
202.748 0
211.359 0
220.027 0
228.727 0
237.535 0
246.248 0
254.983 0
263.642 0
272.267 0
281.055 0
289.618 0
298.446 0
307.086 0
315.994 0
324.263 0
333.145 0
350.880 0
359.485 0
368.155 0
376.828 0
385.685 0
394.220 0
402.869 0
411.658 0
420.574 0
429.157 0
437.876 0
446.602 0
455.374 0
464.096 0
472.876 0
481.437 0
490.290 0
499.073 0
507.717 0
516.552 0
525.238 0
533.886 0
542.614 0
551.591 0
560.275 0
568.951 0
577.662 0
586.494 0
595.224 0
604.209 0
612.901 0
621.542 0
630.449 0
639.150 0
647.972 0
656.844 0
665.493 0
674.212 0
691.894 0
700.610 0
709.428 0
718.148 0
727.315 0
735.901 0
744.745 0
753.468 0
762.458 0
771.678 0
780.258 0
789.222 0
797.670 0
806.382 0
815.363 0
823.990 0
833.260 0
841.734 0
850.804 0
859.542 0
868.568 0
877.226 0
885.998 0
895.063 0
903.767 0
912.713 0
921.851 0
930.558 0
939.119 0
948.047 0
956.936 0
966.023 0
974.764 0
983.820 0
992.788 0
1001.666 0
1010.840 0
