# 0.470
27.607 0
36.472 0
45.466 0
54.244 0
63.332 0
72.085 0
81.046 0
89.975 0
98.676 0
107.701 0
116.474 0
125.582 0
134.338 0
143.419 0
152.122 0
160.900 0
169.743 0
178.712 0
187.591 0
196.406 0
205.304 0
214.083 0
223.196 0
231.608 0
240.608 0
249.414 0
258.227 0
267.057 0
275.960 0
284.920 0
293.516 0
302.634 0
311.220 0
319.932 0
328.858 0
337.616 0
346.518 0
363.976 0
373.039 0
381.622 0
390.402 0
399.198 0
407.973 0
416.632 0
425.460 0
434.227 0
442.971 0
451.812 0
460.429 0
469.266 0
478.068 0
486.823 0
495.630 0
504.332 0
513.008 0
522.006 0
530.453 0
539.413 0
548.048 0
556.867 0
565.437 0
574.247 0
583.053 0
591.888 0
600.439 0
609.287 0
618.084 0
626.646 0
635.412 0
644.217 0
652.902 0
661.704 0
670.342 0
679.080 0
687.800 0
705.259 0
714.068 0
722.710 0
731.348 0
740.146 0
748.814 0
757.563 0
766.211 0
774.960 0
783.691 0
792.354 0
801.162 0
809.910 0
818.479 0
827.125 0
835.838 0
844.594 0
853.358 0
862.078 0
870.780 0
879.442 0
887.966 0
896.740 0
905.442 0
914.139 0
922.982 0
931.717 0
940.236 0
948.859 0
957.665 0
966.349 0
975.036 0
983.753 0
992.426 0
1001.233 0
1009.850 0
1018.440 0
