# 0.470
24.845 0
33.627 0
42.558 0
51.463 0
60.407 0
69.171 0
78.230 0
87.051 0
95.919 0
104.870 0
113.700 0
122.646 0
131.521 0
140.289 0
149.239 0
158.083 0
166.840 0
175.723 0
184.617 0
193.427 0
202.202 0
211.163 0
219.971 0
228.745 0
237.624 0
246.432 0
255.348 0
264.122 0
272.964 0
281.916 0
290.732 0
299.499 0
308.226 0
317.069 0
325.934 0
334.647 0
343.487 0
361.024 0
369.726 0
378.596 0
387.488 0
396.123 0
404.980 0
413.761 0
422.466 0
431.258 0
439.990 0
448.797 0
457.485 0
466.173 0
474.939 0
483.554 0
492.402 0
501.173 0
509.992 0
518.706 0
527.505 0
536.149 0
544.880 0
553.672 0
562.272 0
571.121 0
579.891 0
588.688 0
597.358 0
606.002 0
614.798 0
623.483 0
632.320 0
640.980 0
649.712 0
658.470 0
667.173 0
675.824 0
684.501 0
701.984 0
710.690 0
719.446 0
727.977 0
736.773 0
745.423 0
754.203 0
762.860 0
771.581 0
780.317 0
788.950 0
797.721 0
806.390 0
814.982 0
823.759 0
832.321 0
841.118 0
849.882 0
858.637 0
867.309 0
876.007 0
884.580 0
893.350 0
901.999 0
910.730 0
919.467 0
928.131 0
936.984 0
945.497 0
954.176 0
962.889 0
971.648 0
980.267 0
989.037 0
997.762 0
1006.332 0
1014.970 0
