# 0.470
24.181 0
33.158 0
42.117 0
50.807 0
59.808 0
68.666 0
77.669 0
86.451 0
95.307 0
104.181 0
113.080 0
122.047 0
130.863 0
139.657 0
148.552 0
157.359 0
166.213 0
175.120 0
183.833 0
192.726 0
201.691 0
210.469 0
219.237 0
228.100 0
236.997 0
245.732 0
254.521 0
263.281 0
272.250 0
281.071 0
289.988 0
298.688 0
307.520 0
316.310 0
324.974 0
333.912 0
342.735 0
360.214 0
369.026 0
377.762 0
386.698 0
395.381 0
404.228 0
412.959 0
421.748 0
430.506 0
439.212 0
448.043 0
456.775 0
465.451 0
474.257 0
483.050 0
491.766 0
500.394 0
509.374 0
518.098 0
526.771 0
535.450 0
544.251 0
552.926 0
561.664 0
570.441 0
579.166 0
587.929 0
596.635 0
605.350 0
614.039 0
622.815 0
631.579 0
640.405 0
649.053 0
657.828 0
666.558 0
675.207 0
683.915 0
701.456 0
710.244 0
718.990 0
727.497 0
736.215 0
744.929 0
753.702 0
762.444 0
771.066 0
779.825 0
788.535 0
797.276 0
806.028 0
814.650 0
823.104 0
831.944 0
840.590 0
849.258 0
857.980 0
866.578 0
875.347 0
883.971 0
892.724 0
901.401 0
910.195 0
918.838 0
927.700 0
936.319 0
944.895 0
953.737 0
962.302 0
971.055 0
979.758 0
988.458 0
997.155 0
1005.734 0
1014.562 0
