# 0.470
27.728 0
36.665 0
45.450 0
54.304 0
63.180 0
72.058 0
80.991 0
89.741 0
98.619 0
107.650 0
116.588 0
125.373 0
134.085 0
143.063 0
151.922 0
160.791 0
169.613 0
178.497 0
187.496 0
196.184 0
204.977 0
213.936 0
222.564 0
231.519 0
240.422 0
249.157 0
257.936 0
266.904 0
275.546 0
284.640 0
293.436 0
302.214 0
310.905 0
319.658 0
328.508 0
337.385 0
346.185 0
363.788 0
372.557 0
381.387 0
390.216 0
398.894 0
407.691 0
416.532 0
425.234 0
433.813 0
442.699 0
451.501 0
460.210 0
468.989 0
477.770 0
486.445 0
495.218 0
503.920 0
512.686 0
521.491 0
530.360 0
538.981 0
547.693 0
556.407 0
565.175 0
574.005 0
582.694 0
591.566 0
600.118 0
608.851 0
617.574 0
626.493 0
635.155 0
643.897 0
652.484 0
661.287 0
669.998 0
678.807 0
687.553 0
704.989 0
713.608 0
722.300 0
730.958 0
739.686 0
748.325 0
757.053 0
765.709 0
774.606 0
783.214 0
791.942 0
800.661 0
809.339 0
817.966 0
826.656 0
835.407 0
844.032 0
852.828 0
861.548 0
870.197 0
878.945 0
887.546 0
896.346 0
904.954 0
913.803 0
922.555 0
931.047 0
939.904 0
948.403 0
957.161 0
965.925 0
974.579 0
983.377 0
991.991 0
1000.764 0
1009.383 0
1018.120 0
