# 0.470
21.647 0
30.266 0
39.257 0
48.157 0
57.075 0
66.088 0
74.942 0
83.794 0
92.655 0
101.723 0
110.320 0
119.345 0
128.259 0
137.080 0
145.903 0
154.885 0
163.617 0
172.679 0
181.347 0
190.307 0
199.197 0
207.870 0
216.539 0
225.616 0
234.282 0
243.271 0
252.191 0
260.826 0
269.641 0
278.558 0
287.402 0
296.118 0
304.881 0
313.898 0
322.789 0
331.320 0
340.225 0
357.773 0
366.465 0
375.332 0
384.237 0
393.057 0
401.840 0
410.757 0
419.438 0
428.385 0
436.900 0
445.712 0
454.543 0
463.230 0
471.903 0
480.819 0
489.499 0
498.242 0
507.187 0
515.831 0
524.441 0
533.294 0
542.165 0
550.725 0
559.454 0
568.204 0
576.873 0
585.782 0
594.509 0
603.158 0
611.885 0
620.738 0
629.521 0
638.211 0
647.055 0
655.793 0
664.590 0
673.214 0
682.109 0
699.352 0
708.240 0
716.931 0
725.460 0
734.270 0
742.885 0
751.806 0
760.346 0
769.032 0
777.725 0
786.629 0
795.287 0
804.027 0
812.642 0
821.355 0
829.967 0
838.817 0
847.480 0
856.139 0
864.979 0
873.635 0
882.238 0
890.872 0
899.571 0
908.467 0
916.990 0
925.769 0
934.638 0
943.211 0
951.881 0
960.655 0
969.162 0
977.976 0
986.655 0
995.363 0
1003.944 0
1012.884 0
