# 0.470
15.181 0
24.065 0
32.616 0
41.316 0
50.020 0
58.800 0
67.496 0
76.300 0
85.034 0
93.663 0
102.395 0
111.120 0
119.746 0
128.427 0
137.200 0
145.892 0
154.459 0
163.225 0
171.933 0
180.608 0
189.338 0
197.991 0
206.640 0
215.459 0
224.087 0
232.701 0
241.367 0
250.224 0
258.894 0
267.536 0
276.302 0
285.023 0
293.777 0
302.503 0
311.146 0
319.795 0
328.364 0
345.985 0
354.625 0
363.391 0
372.117 0
381.002 0
389.636 0
398.391 0
407.172 0
415.993 0
424.561 0
433.322 0
441.942 0
450.674 0
459.544 0
468.233 0
477.031 0
485.759 0
494.457 0
503.218 0
511.997 0
520.650 0
529.300 0
538.192 0
546.933 0
555.670 0
564.342 0
573.158 0
581.899 0
590.680 0
599.360 0
608.201 0
616.984 0
625.670 0
634.447 0
643.256 0
652.091 0
660.835 0
669.755 0
687.199 0
696.045 0
704.763 0
713.723 0
722.480 0
731.252 0
739.949 0
748.804 0
757.746 0
766.492 0
775.420 0
784.266 0
792.979 0
801.876 0
810.721 0
819.374 0
828.284 0
837.149 0
845.884 0
854.750 0
863.702 0
872.577 0
881.408 0
890.363 0
899.252 0
907.835 0
916.833 0
925.693 0
934.631 0
943.427 0
952.239 0
961.417 0
970.147 0
979.066 0
987.926 0
996.895 0
1005.677 0
