# 0.470
26.345 0
35.279 0
44.232 0
53.039 0
62.025 0
70.924 0
79.782 0
88.670 0
97.569 0
106.632 0
115.222 0
124.151 0
133.145 0
142.036 0
150.987 0
159.774 0
168.502 0
177.596 0
186.384 0
195.085 0
204.139 0
212.847 0
221.642 0
230.464 0
239.430 0
248.370 0
257.076 0
265.828 0
274.515 0
283.466 0
292.314 0
301.178 0
309.896 0
318.572 0
327.556 0
336.304 0
345.142 0
362.839 0
371.627 0
380.380 0
389.258 0
397.929 0
406.816 0
415.633 0
424.221 0
433.048 0
441.839 0
450.765 0
459.642 0
468.154 0
476.892 0
485.695 0
494.510 0
503.058 0
511.980 0
520.676 0
529.397 0
538.088 0
546.913 0
555.609 0
564.283 0
573.093 0
581.771 0
590.600 0
599.175 0
608.379 0
616.814 0
625.583 0
634.276 0
642.893 0
651.774 0
660.578 0
669.142 0
678.035 0
686.744 0
704.158 0
712.908 0
721.526 0
730.334 0
739.045 0
747.792 0
756.414 0
765.183 0
773.888 0
782.616 0
791.312 0
800.075 0
808.870 0
817.224 0
826.120 0
834.705 0
843.518 0
852.141 0
860.945 0
869.601 0
878.287 0
886.962 0
895.593 0
904.323 0
913.080 0
921.634 0
930.419 0
939.121 0
947.680 0
956.413 0
965.095 0
973.798 0
982.530 0
991.221 0
1000.012 0
1008.800 0
1017.284 0
