# 0.470
5.155 0
12.873 0
20.484 0
28.029 0
35.562 0
43.256 0
50.872 0
58.346 0
65.873 0
73.512 0
81.249 0
88.825 0
96.517 0
104.194 0
111.549 0
119.269 0
126.875 0
134.544 0
142.081 0
149.706 0
157.377 0
164.966 0
172.542 0
180.069 0
187.685 0
195.406 0
202.844 0
210.575 0
218.249 0
225.843 0
233.588 0
241.066 0
248.729 0
256.368 0
264.057 0
271.662 0
279.436 0
286.950 0
294.570 0
302.047 0
309.836 0
317.567 0
325.168 0
332.713 0
340.469 0
348.108 0
355.816 0
363.510 0
371.198 0
378.790 0
386.509 0
394.147 0
401.638 0
409.096 0
417.039 0
424.475 0
432.320 0
439.873 0
447.684 0
455.232 0
462.922 0
470.607 0
478.104 0
485.961 0
493.470 0
501.288 0
508.990 0
516.407 0
524.169 0
531.955 0
539.574 0
547.278 0
554.700 0
562.473 0
570.177 0
577.776 0
585.354 0
593.153 0
600.762 0
608.417 0
616.061 0
623.736 0
631.615 0
639.247 0
646.810 0
654.461 0
662.281 0
669.707 0
677.562 0
685.182 0
692.989 0
700.565 0
708.277 0
716.002 0
723.585 0
731.423 0
738.948 0
746.646 0
754.477 0
761.995 0
769.676 0
777.340 0
785.004 0
792.601 0
800.520 0
808.130 0
815.640 0
823.491 0
831.034 0
838.856 0
846.446 0
854.211 0
861.725 0
869.500 0
877.099 0
884.951 0
892.622 0
900.358 0
907.959 0
915.669 0
923.311 0
931.010 0
938.608 0
946.182 0
953.902 0
961.635 0
969.398 0
977.025 0
984.827 0
992.411 0
1000.156 0
1007.729 0
1015.413 0
1021.953 0
