# 0.470
0.708 0
6.582 0
14.512 0
22.156 0
29.804 0
37.476 0
45.202 0
52.915 0
60.637 0
68.358 0
76.047 0
83.629 0
91.386 0
98.899 0
106.623 0
114.392 0
122.005 0
129.616 0
137.258 0
145.115 0
152.685 0
160.460 0
168.056 0
175.924 0
183.471 0
191.411 0
198.914 0
206.644 0
214.262 0
221.928 0
229.555 0
237.349 0
245.031 0
252.584 0
260.401 0
267.922 0
275.656 0
283.337 0
291.147 0
298.691 0
306.408 0
314.068 0
321.744 0
329.431 0
337.134 0
344.670 0
352.341 0
360.021 0
367.749 0
375.317 0
383.190 0
390.789 0
398.533 0
406.280 0
413.913 0
421.507 0
429.147 0
436.852 0
444.631 0
452.123 0
459.730 0
467.503 0
475.110 0
482.851 0
490.407 0
498.185 0
505.895 0
513.451 0
521.230 0
528.858 0
536.568 0
544.312 0
551.714 0
559.492 0
567.190 0
574.850 0
582.558 0
590.252 0
597.958 0
605.513 0
613.308 0
620.892 0
628.523 0
636.162 0
643.690 0
651.504 0
659.069 0
666.788 0
674.433 0
682.162 0
689.743 0
697.352 0
705.141 0
712.793 0
720.472 0
728.019 0
735.650 0
743.237 0
750.986 0
758.612 0
766.151 0
773.912 0
781.523 0
789.082 0
796.631 0
804.428 0
812.022 0
819.642 0
827.181 0
834.914 0
842.631 0
850.093 0
857.680 0
865.379 0
873.073 0
880.524 0
888.174 0
895.675 0
903.499 0
911.170 0
918.545 0
926.271 0
933.994 0
941.351 0
949.058 0
956.790 0
964.438 0
971.784 0
979.604 0
987.141 0
994.866 0
1002.577 0
1010.027 0
1017.577 0
