# 0.470
23.564 0
32.370 0
40.962 0
49.642 0
58.440 0
67.152 0
75.752 0
84.409 0
93.222 0
101.855 0
110.700 0
119.324 0
128.069 0
136.714 0
145.478 0
154.192 0
162.815 0
171.169 0
180.089 0
188.885 0
197.486 0
206.224 0
215.010 0
223.677 0
232.164 0
240.969 0
249.790 0
258.540 0
267.167 0
275.872 0
284.414 0
293.272 0
302.015 0
310.694 0
319.281 0
327.940 0
336.773 0
353.958 0
362.850 0
371.593 0
380.329 0
389.047 0
397.688 0
406.365 0
415.365 0
423.981 0
432.554 0
441.497 0
450.239 0
458.962 0
467.671 0
476.406 0
485.076 0
494.012 0
502.808 0
511.318 0
520.248 0
528.952 0
537.573 0
546.479 0
555.229 0
563.871 0
572.584 0
581.313 0
590.119 0
598.887 0
607.628 0
616.148 0
625.163 0
633.920 0
642.652 0
651.526 0
660.175 0
668.884 0
677.662 0
695.295 0
704.158 0
712.810 0
721.885 0
730.581 0
739.280 0
747.892 0
756.930 0
765.764 0
774.662 0
783.424 0
792.247 0
800.967 0
809.936 0
818.662 0
827.459 0
836.272 0
845.185 0
853.969 0
862.739 0
871.667 0
880.444 0
889.250 0
898.049 0
906.852 0
915.794 0
924.576 0
933.538 0
942.485 0
951.202 0
960.133 0
969.106 0
977.876 0
986.828 0
995.605 0
1004.693 0
1013.494 0
