# 0.470
8.312 0
17.135 0
25.808 0
34.476 0
43.201 0
51.918 0
60.733 0
69.352 0
78.100 0
86.700 0
95.359 0
104.140 0
112.896 0
121.521 0
130.172 0
138.972 0
147.543 0
156.213 0
164.927 0
173.651 0
182.272 0
191.005 0
199.812 0
208.529 0
217.021 0
225.811 0
234.441 0
243.132 0
251.839 0
260.651 0
269.299 0
278.088 0
286.736 0
295.473 0
303.884 0
312.617 0
321.478 0
338.930 0
347.665 0
356.360 0
365.134 0
373.774 0
382.592 0
391.223 0
399.957 0
408.683 0
417.537 0
426.261 0
435.024 0
443.703 0
452.460 0
461.287 0
469.916 0
478.729 0
487.433 0
496.178 0
504.969 0
513.624 0
522.532 0
531.073 0
539.941 0
548.572 0
557.252 0
566.045 0
574.831 0
583.663 0
592.308 0
601.060 0
609.954 0
618.659 0
627.337 0
636.042 0
645.010 0
653.717 0
662.732 0
680.288 0
688.906 0
697.767 0
706.653 0
715.387 0
724.098 0
732.910 0
741.665 0
750.513 0
759.563 0
768.290 0
777.132 0
785.871 0
794.730 0
803.650 0
812.418 0
821.085 0
830.027 0
838.919 0
847.840 0
856.631 0
865.387 0
874.286 0
883.313 0
892.189 0
900.923 0
909.824 0
918.568 0
927.657 0
936.664 0
945.234 0
954.405 0
963.032 0
972.061 0
980.843 0
989.738 0
998.660 0
