# 0.470
18.589 0
27.369 0
36.063 0
44.712 0
53.469 0
62.281 0
70.885 0
79.628 0
88.214 0
96.778 0
105.684 0
114.145 0
122.985 0
131.798 0
140.606 0
148.972 0
157.735 0
166.316 0
175.025 0
183.784 0
192.593 0
201.189 0
210.059 0
218.801 0
227.299 0
235.919 0
244.658 0
253.411 0
262.089 0
270.688 0
279.594 0
288.194 0
296.947 0
305.637 0
314.092 0
323.038 0
331.521 0
349.023 0
357.752 0
366.560 0
375.260 0
383.993 0
392.786 0
401.582 0
410.082 0
418.948 0
427.822 0
436.458 0
445.112 0
453.766 0
462.522 0
471.424 0
479.975 0
488.751 0
497.527 0
506.204 0
515.198 0
523.705 0
532.307 0
541.277 0
550.009 0
558.846 0
567.398 0
576.265 0
584.960 0
593.882 0
602.416 0
611.437 0
620.125 0
628.758 0
637.485 0
646.510 0
655.390 0
663.786 0
672.900 0
690.276 0
699.119 0
707.850 0
716.926 0
725.602 0
734.393 0
743.221 0
751.944 0
760.936 0
769.560 0
778.387 0
787.289 0
796.121 0
804.902 0
813.704 0
822.640 0
831.499 0
840.070 0
848.944 0
858.043 0
866.864 0
875.598 0
884.453 0
893.782 0
902.255 0
910.976 0
920.001 0
929.054 0
937.609 0
946.729 0
955.559 0
964.387 0
973.252 0
982.271 0
991.248 0
1000.078 0
1009.294 0
