# 0.470
31.020 0
39.753 0
48.454 0
56.973 0
65.779 0
74.432 0
83.213 0
92.001 0
100.782 0
109.152 0
117.847 0
126.626 0
135.243 0
144.169 0
152.694 0
161.394 0
170.065 0
178.791 0
187.397 0
196.287 0
204.949 0
213.581 0
222.424 0
231.101 0
239.624 0
248.393 0
257.090 0
265.987 0
274.667 0
283.405 0
292.151 0
300.858 0
309.629 0
318.274 0
326.906 0
335.625 0
344.299 0
361.788 0
370.575 0
379.444 0
388.001 0
396.683 0
405.480 0
414.322 0
423.043 0
431.661 0
440.487 0
449.217 0
458.031 0
466.559 0
475.349 0
484.079 0
492.794 0
501.616 0
510.330 0
519.099 0
527.819 0
536.684 0
545.225 0
554.145 0
562.924 0
571.541 0
580.323 0
589.241 0
597.848 0
606.721 0
615.475 0
624.362 0
632.980 0
641.760 0
650.589 0
659.441 0
668.282 0
677.196 0
685.814 0
703.270 0
712.164 0
721.020 0
729.881 0
738.626 0
747.409 0
756.254 0
765.065 0
773.988 0
782.513 0
791.517 0
800.533 0
809.173 0
817.993 0
826.758 0
835.591 0
844.546 0
853.335 0
862.200 0
871.003 0
880.111 0
888.713 0
897.719 0
906.727 0
915.711 0
924.449 0
933.436 0
942.154 0
951.120 0
959.925 0
968.832 0
977.685 0
986.565 0
995.463 0
1004.378 0
1013.352 0
1022.221 0
