# 0.470
25.939 0
34.079 0
43.009 0
51.730 0
60.662 0
69.451 0
78.547 0
87.145 0
96.124 0
105.074 0
113.794 0
122.862 0
131.666 0
140.622 0
149.355 0
158.240 0
167.147 0
176.031 0
184.874 0
193.717 0
202.734 0
211.441 0
220.182 0
228.999 0
238.132 0
246.909 0
255.772 0
264.481 0
273.215 0
282.192 0
291.050 0
299.813 0
308.647 0
317.311 0
326.187 0
335.112 0
343.769 0
361.179 0
370.015 0
378.834 0
387.715 0
396.339 0
405.188 0
413.980 0
422.742 0
431.521 0
440.363 0
448.997 0
457.718 0
466.553 0
475.395 0
483.975 0
492.853 0
501.494 0
510.305 0
519.049 0
527.801 0
536.664 0
545.402 0
554.090 0
562.834 0
571.645 0
580.375 0
589.155 0
597.884 0
606.632 0
615.314 0
624.141 0
632.761 0
641.473 0
650.328 0
659.101 0
667.789 0
676.399 0
685.252 0
702.681 0
711.357 0
720.121 0
728.676 0
737.568 0
746.067 0
754.871 0
763.688 0
772.277 0
781.158 0
789.814 0
798.534 0
807.200 0
815.729 0
824.600 0
833.227 0
841.819 0
850.803 0
859.480 0
868.258 0
876.936 0
885.413 0
894.372 0
903.194 0
911.733 0
920.470 0
929.263 0
938.046 0
946.367 0
955.189 0
963.856 0
972.700 0
981.422 0
989.980 0
998.734 0
1007.354 0
1016.032 0
