# 0.470
21.396 0
30.233 0
39.168 0
48.040 0
57.009 0
65.766 0
74.758 0
83.605 0
92.457 0
101.358 0
110.263 0
119.137 0
127.997 0
136.760 0
145.638 0
154.544 0
163.266 0
172.375 0
181.005 0
189.840 0
198.735 0
207.587 0
216.405 0
225.117 0
234.136 0
243.050 0
251.727 0
260.615 0
269.283 0
278.324 0
287.225 0
295.820 0
304.660 0
313.553 0
322.305 0
331.180 0
339.882 0
357.556 0
366.323 0
375.035 0
383.922 0
392.663 0
401.477 0
410.220 0
418.986 0
427.774 0
436.463 0
445.168 0
453.995 0
462.782 0
471.524 0
480.134 0
488.887 0
497.648 0
506.525 0
515.239 0
524.063 0
532.826 0
541.451 0
550.302 0
558.999 0
567.759 0
576.458 0
585.210 0
593.928 0
602.664 0
611.307 0
620.161 0
628.965 0
637.661 0
646.335 0
654.854 0
663.821 0
672.453 0
689.878 0
698.720 0
707.266 0
715.998 0
724.703 0
733.211 0
742.045 0
750.686 0
759.507 0
768.247 0
776.826 0
785.626 0
794.351 0
803.011 0
811.639 0
820.381 0
828.995 0
837.862 0
846.434 0
855.289 0
863.929 0
872.604 0
881.209 0
889.933 0
898.530 0
907.368 0
916.060 0
924.830 0
933.466 0
942.030 0
950.735 0
959.502 0
968.186 0
976.861 0
985.604 0
994.392 0
1002.781 0
1011.660 0
