# 0.470
29.027 0
37.684 0
46.643 0
55.439 0
64.445 0
73.226 0
82.385 0
91.258 0
100.032 0
108.984 0
117.748 0
126.774 0
135.475 0
144.407 0
153.254 0
162.021 0
170.980 0
179.818 0
188.732 0
197.405 0
206.464 0
215.316 0
224.094 0
233.025 0
241.943 0
250.555 0
259.539 0
268.405 0
277.241 0
286.068 0
294.917 0
303.677 0
312.510 0
321.223 0
330.099 0
338.929 0
347.695 0
365.018 0
373.978 0
382.655 0
391.635 0
400.366 0
409.157 0
417.968 0
426.655 0
435.389 0
444.088 0
452.726 0
461.558 0
470.245 0
479.060 0
487.853 0
496.727 0
505.312 0
514.001 0
522.963 0
531.687 0
540.333 0
549.133 0
558.118 0
566.730 0
575.422 0
584.088 0
592.833 0
601.584 0
610.422 0
619.067 0
627.830 0
636.653 0
645.207 0
653.995 0
662.741 0
671.435 0
680.168 0
688.839 0
706.165 0
715.082 0
723.813 0
732.445 0
741.112 0
749.752 0
758.396 0
767.231 0
775.936 0
784.492 0
793.270 0
801.984 0
810.632 0
819.312 0
828.064 0
836.732 0
845.481 0
854.230 0
862.883 0
871.584 0
880.273 0
889.013 0
897.685 0
906.399 0
914.973 0
923.922 0
932.542 0
941.231 0
949.855 0
958.566 0
967.127 0
975.839 0
984.642 0
993.384 0
1001.836 0
1010.831 0
1019.420 0
