# 0.470
36.817 0
45.858 0
54.687 0
63.375 0
72.529 0
81.358 0
90.337 0
99.335 0
108.180 0
117.237 0
126.172 0
134.785 0
143.776 0
152.662 0
161.491 0
170.368 0
179.331 0
188.237 0
196.992 0
206.135 0
214.569 0
223.635 0
232.311 0
241.203 0
250.060 0
258.875 0
267.652 0
276.491 0
285.381 0
293.863 0
302.979 0
311.879 0
320.574 0
329.264 0
338.288 0
347.115 0
355.907 0
373.449 0
382.112 0
390.891 0
399.934 0
408.688 0
417.492 0
426.321 0
434.921 0
443.885 0
452.545 0
461.352 0
470.043 0
478.933 0
487.697 0
496.473 0
505.110 0
513.943 0
522.564 0
531.308 0
540.141 0
548.840 0
557.626 0
566.314 0
575.094 0
583.853 0
592.677 0
601.359 0
610.153 0
618.738 0
627.525 0
636.238 0
645.018 0
653.679 0
662.560 0
671.259 0
679.999 0
688.522 0
697.431 0
714.953 0
723.730 0
732.420 0
740.902 0
749.639 0
758.357 0
767.216 0
775.820 0
784.526 0
793.247 0
802.028 0
810.753 0
819.565 0
828.208 0
836.873 0
845.541 0
854.266 0
862.931 0
871.634 0
880.429 0
889.097 0
897.701 0
906.435 0
915.021 0
923.775 0
932.570 0
941.253 0
951.314 0
958.569 0
967.232 0
976.011 0
984.741 0
993.348 0
1002.205 0
1010.900 0
1019.605 0
1028.285 0
