# 0.470
16.031 0
24.828 0
33.593 0
42.88 0
51.586 0
60.042 0
69.051 0
78.077 0
87.224 0
95.893 0
104.642 0
113.692 0
122.753 0
131.626 0
140.58 0
149.087 0
158.227 0
166.93 0
175.39 0
184.19 0
193.768 0
202.29 0
211.2 0
220.147 0
228.84 0
237.159 0
246.815 0
255.509 0
264.337 0
273.204 0
281.971 0
290.316 0
299.442 0
308.123 0
317.29 0
325.654 0
334.421 0
351.948 0
360.599 0
369.369 0
378.607 0
387.402 0
396.385 0
404.639 0
413.45 0
422.348 0
431.17 0
439.636 0
448.606 0
457.436 0
466.121 0
474.666 0
483.513 0
492.382 0
501.306 0
509.861 0
518.845 0
527.323 0
536.022 0
544.9 0
553.842 0
562.023 0
570.967 0
579.723 0
588.624 0
597.392 0
606.032 0
614.852 0
623.542 0
631.803 0
640.875 0
649.476 0
658.321 0
666.999 0
675.882 0
693.309 0
702.091 0
710.725 0
719.4 0
727.903 0
736.793 0
745.488 0
754.041 0
762.723 0
771.592 0
780.347 0
789.116 0
797.565 0
806.224 0
814.955 0
823.562 0
832.294 0
841.1 0
849.68 0
858.42 0
867.23 0
875.742 0
884.576 0
893.249 0
901.993 0
910.619 0
919.331 0
928.217 0
936.756 0
945.407 0
954.103 0
962.814 0
971.498 0
980.215 0
989.008 0
997.548 0
1006.19 0
