# 0.470
18.447 0
27.186 0
35.809 0
44.524 0
53.201 0
62.068 0
70.679 0
79.415 0
88.091 0
96.717 0
105.407 0
114.163 0
122.899 0
131.566 0
140.220 0
148.998 0
157.662 0
166.305 0
174.991 0
183.696 0
192.499 0
201.188 0
209.500 1
218.574 0
227.211 0
235.908 0
244.736 0
253.374 0
262.067 0
270.895 0
279.508 0
288.248 0
296.957 0
305.742 0
314.319 0
323.087 0
331.765 0
349.264 0
358.026 0
366.728 0
375.461 0
384.255 0
392.969 0
401.685 0
410.428 0
419.180 0
427.961 0
436.646 0
445.310 0
454.045 0
462.897 0
471.657 0
480.357 0
489.066 0
497.860 0
506.706 0
515.378 0
524.067 0
532.930 0
541.532 0
550.294 0
559.151 0
567.866 0
576.780 0
585.290 0
594.237 0
602.922 0
611.695 0
620.636 0
629.218 0
638.003 0
646.901 0
655.658 0
664.411 0
673.216 0
690.926 0
699.607 0
708.368 0
717.362 0
726.070 0
734.949 0
743.753 0
752.458 0
761.515 0
770.289 0
779.032 0
787.963 0
796.774 0
805.549 0
814.410 0
823.151 0
832.188 0
840.923 0
849.802 0
858.673 0
867.673 0
876.337 0
885.148 0
894.128 0
903.003 0
911.785 0
920.826 0
929.641 0
938.677 0
947.495 0
956.522 0
965.365 0
974.288 0
983.157 0
992.099 0
1000.953 0
1010.006 0
