# 0.470
20.124 0
28.801 0
37.422 0
46.268 0
54.855 0
63.621 0
72.406 0
80.997 0
89.737 0
98.263 0
107.156 0
115.686 0
124.462 0
133.256 0
141.836 0
150.704 0
159.206 0
167.831 0
176.568 0
185.404 0
193.987 0
202.776 0
211.419 0
220.100 0
228.642 0
237.321 0
246.155 0
254.827 0
263.561 0
272.185 0
280.743 0
289.599 0
298.250 0
307.040 0
315.575 0
324.223 0
333.051 0
350.484 0
359.225 0
367.971 0
376.713 0
385.471 0
394.375 0
402.937 0
411.577 0
420.343 0
429.141 0
437.795 0
446.528 0
455.369 0
463.977 0
472.666 0
481.521 0
490.307 0
499.022 0
507.755 0
516.429 0
525.466 0
533.682 0
542.751 0
551.432 0
560.309 0
568.859 0
577.502 0
586.264 0
594.928 0
603.717 0
612.531 0
621.239 0
629.988 0
638.717 0
647.627 0
656.455 0
665.223 0
674.104 0
691.700 0
700.346 0
709.141 0
718.139 0
726.894 0
735.649 0
744.427 0
753.197 0
762.106 0
770.980 0
779.764 0
788.431 0
797.342 0
806.277 0
815.004 0
823.850 0
832.608 0
841.490 0
850.244 0
859.258 0
867.998 0
876.862 0
885.614 0
894.488 0
903.241 0
912.144 0
921.075 0
929.946 0
938.737 0
947.661 0
956.479 0
965.506 0
974.407 0
983.289 0
992.129 0
1001.222 0
1010.097 0
