# 0.470
14.309 0
23.064 0
31.565 0
40.307 0
49.058 0
57.716 0
66.539 0
75.246 0
83.976 0
92.520 0
101.190 0
109.912 0
118.646 0
127.326 0
136.004 0
144.778 0
153.480 0
162.083 0
170.847 0
179.458 0
188.172 0
197.020 0
205.656 0
214.334 0
222.890 0
231.650 0
240.299 0
249.039 0
257.804 0
266.506 0
275.167 0
283.832 0
292.593 0
301.313 0
309.882 0
318.590 0
327.298 0
344.755 0
353.539 0
362.233 0
370.953 0
379.692 0
388.311 0
397.114 0
405.925 0
414.624 0
423.346 0
432.000 0
440.834 0
449.493 0
458.317 0
466.982 0
475.740 0
484.442 0
493.188 0
501.899 0
510.698 0
519.351 0
528.077 0
536.895 0
545.600 0
554.449 0
563.161 0
571.810 0
580.602 0
589.380 0
598.160 0
607.005 0
615.740 0
624.411 0
633.248 0
641.929 0
650.708 0
659.669 0
668.471 0
686.105 0
694.803 0
703.589 0
712.334 0
721.251 0
730.168 0
738.884 0
747.648 0
756.554 0
765.367 0
774.242 0
782.890 0
791.498 0
800.687 0
809.253 0
818.288 0
827.148 0
836.043 0
844.832 0
853.672 0
862.498 0
871.458 0
880.289 0
889.342 0
897.866 0
906.761 0
915.686 0
924.448 0
933.567 0
942.374 0
951.391 0
960.213 0
969.077 0
977.879 0
986.962 0
995.867 0
1004.556 0
