# 0.470
15.226 0
23.989 0
32.554 0
41.229 0
50.081 0
58.742 0
67.465 0
76.105 0
84.907 0
93.415 0
102.126 0
110.920 0
119.506 0
128.220 0
136.990 0
145.609 0
154.272 0
162.958 0
171.644 0
180.392 0
189.179 0
197.698 0
206.437 0
215.235 0
223.830 0
232.344 0
241.211 0
249.840 0
258.508 0
266.941 0
275.921 0
284.634 0
293.377 0
302.110 0
310.688 0
319.220 0
328.118 0
345.610 0
354.252 0
363.186 0
371.740 0
380.109 0
389.259 0
397.996 0
406.729 0
415.492 0
424.391 0
432.837 0
441.465 0
450.476 0
459.059 0
467.837 0
476.579 0
485.373 0
494.151 0
502.864 0
511.555 0
520.177 0
529.000 0
537.876 0
546.572 0
555.302 0
564.058 0
572.876 0
581.488 0
590.195 0
599.045 0
607.657 0
616.610 0
625.283 0
634.033 0
642.890 0
651.900 0
660.505 0
669.306 0
686.889 0
695.778 0
704.500 0
713.366 0
722.097 0
730.912 0
739.648 0
748.526 0
757.374 0
766.265 0
774.982 0
783.754 0
792.590 0
801.510 0
810.339 0
819.140 0
827.923 0
836.692 0
845.649 0
854.374 0
863.332 0
872.117 0
881.046 0
889.897 0
898.614 0
907.428 0
916.432 0
925.250 0
934.193 0
942.946 0
951.792 0
960.943 0
969.638 0
978.534 0
987.565 0
996.468 0
1005.392 0
