# 0.470
26.471 0
35.132 0
43.953 0
52.858 0
61.756 0
70.637 0
79.560 0
88.424 0
97.277 0
106.135 0
114.740 0
123.894 0
132.675 0
141.623 0
150.481 0
159.270 0
168.044 0
176.993 0
185.792 0
194.344 0
203.462 0
212.293 0
221.130 0
229.888 0
238.774 0
247.681 0
256.475 0
265.225 0
273.954 0
282.781 0
291.608 0
300.423 0
309.246 0
317.980 0
326.801 0
335.796 0
344.610 0
361.819 0
370.634 0
379.286 0
388.412 0
397.132 0
405.673 0
414.638 0
423.379 0
432.042 0
440.809 0
449.708 0
458.408 0
467.157 0
475.852 0
484.612 0
493.389 0
502.114 0
510.896 0
519.798 0
528.400 0
537.232 0
546.016 0
554.763 0
563.482 0
572.171 0
580.838 0
589.558 0
598.323 0
607.074 0
615.958 0
624.536 0
633.174 0
641.972 0
650.870 0
659.488 0
668.305 0
677.079 0
685.742 0
703.068 0
711.863 0
720.536 0
729.091 0
737.955 0
746.783 0
755.254 0
764.005 0
772.557 0
781.472 0
790.064 0
798.854 0
807.465 0
816.080 0
824.922 0
833.573 0
842.093 0
850.946 0
859.685 0
868.299 0
876.971 0
885.487 0
894.421 0
903.005 0
911.814 0
920.565 0
929.333 0
937.908 0
946.484 0
955.208 0
963.880 0
972.697 0
981.308 0
989.987 0
998.660 0
1007.554 0
1015.862 0
