# 0.470
11.037 0
19.998 0
28.355 0
37.060 0
45.780 0
54.498 0
63.350 0
72.031 0
80.640 0
89.219 0
97.942 0
106.504 0
115.288 0
124.013 0
132.781 0
141.538 0
150.064 0
158.723 0
167.484 0
176.134 0
184.894 0
193.529 0
202.361 0
211.028 0
219.602 0
228.249 0
236.857 0
245.707 0
254.377 0
263.049 0
271.725 0
280.490 0
289.122 0
297.941 0
306.493 0
315.118 0
323.947 0
341.306 0
350.159 0
358.738 0
367.522 0
376.248 0
384.964 0
393.598 0
402.419 0
411.075 0
419.810 0
428.676 0
437.319 0
446.115 0
454.778 0
463.545 0
472.308 0
481.030 0
489.785 0
498.503 0
507.166 0
516.016 0
524.558 0
533.508 0
542.187 0
550.999 0
559.582 0
568.336 0
576.959 0
585.829 0
594.514 0
603.262 0
611.941 0
620.880 0
629.591 0
638.452 0
647.244 0
655.956 0
664.795 0
682.358 0
691.105 0
699.820 0
708.642 0
717.707 0
726.356 0
735.029 0
743.967 0
752.834 0
761.555 0
770.477 0
779.238 0
787.935 0
796.903 0
805.705 0
814.407 0
823.267 0
832.224 0
841.053 0
849.835 0
858.722 0
867.504 0
876.387 0
885.261 0
893.977 0
902.715 0
911.617 0
920.475 0
929.556 0
938.282 0
947.122 0
956.112 0
964.961 0
973.857 0
982.666 0
991.795 0
1000.632 0
