# 0.470
17.113 0
25.810 0
34.494 0
43.195 0
51.754 0
60.588 0
69.325 0
78.170 0
86.657 0
95.331 0
104.057 0
112.649 0
121.445 0
130.180 0
138.782 0
147.635 0
156.079 0
164.757 0
173.455 0
182.328 0
191.071 0
199.664 0
208.470 0
217.169 0
225.620 0
234.333 0
243.301 0
251.968 0
260.493 0
269.185 0
277.998 0
286.662 0
295.331 0
304.040 0
312.694 0
321.462 0
330.232 0
347.569 0
356.274 0
365.124 0
373.907 0
382.547 0
392.000 1
400.108 0
408.849 0
417.593 0
426.318 0
435.060 0
443.738 0
452.438 0
461.269 0
470.099 0
478.720 0
487.469 0
496.240 0
504.839 0
513.621 0
522.372 0
531.199 0
539.877 0
548.604 0
557.580 0
566.340 0
574.851 0
583.626 0
592.411 0
601.120 0
610.043 0
618.556 0
627.342 0
636.309 0
644.987 0
653.925 0
662.672 0
671.427 0
689.061 0
697.811 0
706.737 0
715.510 0
724.275 0
733.173 0
741.838 0
750.621 0
759.616 0
768.325 0
777.150 0
785.961 0
794.703 0
803.521 0
812.153 0
821.193 0
829.941 0
839.057 0
847.737 0
856.639 0
865.636 0
874.250 0
883.086 0
891.983 0
900.998 0
909.950 0
918.666 0
927.418 0
936.418 0
945.329 0
953.987 0
963.149 0
971.998 0
980.845 0
989.701 0
998.597 0
1007.406 0
