# 0.470
21.220 0
29.853 0
38.452 0
47.183 0
55.875 0
64.644 0
73.365 0
82.120 0
90.756 0
99.384 0
108.047 0
116.825 0
125.549 0
134.270 0
142.911 0
151.622 0
160.249 0
168.926 0
177.764 0
186.384 0
195.139 0
203.854 0
212.603 0
221.401 0
229.866 0
238.551 0
247.249 0
256.013 0
264.741 0
273.368 0
282.183 0
290.936 0
299.588 0
308.411 0
317.078 0
325.706 0
334.441 0
351.911 0
360.645 0
369.406 0
378.055 0
386.857 0
395.544 0
404.364 0
413.035 0
421.826 0
430.585 0
439.226 0
447.983 0
456.701 0
465.464 0
474.296 0
482.963 0
491.744 0
500.486 0
509.275 0
518.032 0
526.744 0
535.427 0
544.205 0
553.025 0
561.743 0
570.586 0
579.183 0
588.053 0
596.889 0
605.586 0
614.376 0
623.117 0
631.836 0
640.734 0
649.388 0
658.373 0
667.110 0
675.911 0
693.495 0
702.219 0
711.030 0
719.879 0
728.691 0
737.520 0
746.389 0
755.235 0
764.047 0
772.852 0
781.619 0
790.413 0
799.265 0
808.223 0
816.907 0
825.747 0
834.553 0
843.555 0
852.403 0
861.158 0
870.151 0
878.948 0
887.713 0
896.769 0
905.622 0
914.419 0
923.491 0
932.199 0
941.142 0
950.024 0
958.850 0
967.761 0
976.707 0
985.608 0
994.514 0
1003.413 0
1012.380 0
