# 0.470
24.716 0
33.664 0
42.660 0
51.613 0
60.480 0
69.316 0
78.365 0
87.169 0
95.823 0
104.959 0
113.779 0
122.772 0
131.543 0
140.495 0
149.293 0
158.169 0
167.001 0
175.859 0
184.781 0
193.636 0
202.581 0
211.209 0
220.175 0
228.922 0
237.989 0
246.445 0
255.495 0
264.213 0
273.142 0
281.922 0
290.801 0
299.441 0
308.393 0
317.145 0
326.065 0
334.765 0
343.554 0
361.037 0
369.896 0
378.834 0
387.634 0
396.364 0
405.105 0
413.873 0
422.737 0
431.544 0
440.238 0
448.997 0
457.724 0
466.476 0
475.183 0
484.007 0
492.807 0
501.353 0
510.250 0
519.003 0
527.762 0
536.439 0
545.335 0
554.031 0
562.742 0
571.548 0
580.190 0
588.931 0
597.715 0
606.398 0
615.093 0
624.049 0
632.598 0
641.413 0
650.096 0
658.765 0
667.599 0
676.299 0
684.948 0
702.480 0
711.224 0
720.059 0
728.573 0
737.249 0
745.956 0
754.836 0
763.483 0
772.125 0
780.878 0
789.620 0
798.313 0
807.076 0
815.766 0
824.465 0
833.108 0
841.711 0
850.518 0
859.248 0
867.969 0
876.738 0
885.264 0
894.051 0
902.774 0
911.341 0
920.135 0
928.888 0
937.673 0
946.261 0
954.985 0
963.597 0
972.329 0
981.088 0
989.590 0
998.454 0
1007.046 0
1015.652 0
