# 0.470
18.762 0
27.591 0
36.664 0
45.380 0
54.375 0
63.203 0
72.175 0
81.015 0
89.869 0
98.792 0
107.503 0
116.457 0
125.219 0
134.084 0
143.053 0
151.839 0
160.681 0
169.574 0
178.408 0
187.173 0
196.231 0
205.001 0
213.822 0
222.608 0
231.487 0
240.429 0
249.204 0
258.000 0
266.767 0
275.640 0
284.481 0
293.271 0
301.935 0
310.775 0
319.625 0
328.406 0
337.248 0
354.561 0
363.407 0
372.214 0
381.070 0
389.765 0
398.604 0
407.331 0
416.127 0
424.840 0
433.562 0
442.284 0
450.938 0
459.698 0
468.445 0
477.246 0
485.918 0
494.716 0
503.377 0
512.238 0
520.965 0
529.704 0
538.471 0
547.218 0
556.028 0
564.782 0
573.509 0
582.219 0
590.937 0
599.777 0
608.377 0
617.269 0
625.895 0
634.640 0
643.302 0
652.071 0
660.800 0
669.413 0
678.074 0
695.560 0
704.256 0
712.921 0
721.516 0
730.293 0
738.993 0
747.647 0
756.352 0
765.126 0
773.792 0
782.619 0
791.322 0
799.996 0
808.586 0
817.461 0
826.103 0
834.740 0
843.519 0
852.034 0
860.972 0
869.642 0
878.164 0
886.875 0
895.493 0
904.404 0
913.051 0
921.722 0
930.549 0
938.904 0
947.788 0
956.426 0
965.199 0
973.810 0
982.517 0
991.252 0
999.752 0
1008.503 0
