# 0.470
24.209 0
33.136 0
42.087 0
50.933 0
60.016 0
68.861 0
77.781 0
86.682 0
95.586 0
104.445 0
113.287 0
122.224 0
131.194 0
139.923 0
148.852 0
157.679 0
166.435 0
175.396 0
184.343 0
193.008 0
201.993 0
210.834 0
219.574 0
228.491 0
237.400 0
246.119 0
255.004 0
263.744 0
272.739 0
281.594 0
290.258 0
299.090 0
307.823 0
316.717 0
325.680 0
334.462 0
343.250 0
360.766 0
369.598 0
378.395 0
387.297 0
396.063 0
404.924 0
413.683 0
422.369 0
431.227 0
440.004 0
448.720 0
457.552 0
466.214 0
474.922 0
483.846 0
492.523 0
501.305 0
509.944 0
518.843 0
527.584 0
536.265 0
545.037 0
553.819 0
562.601 0
571.258 0
580.050 0
588.781 0
597.408 0
606.181 0
614.981 0
623.810 0
632.611 0
641.196 0
649.985 0
658.714 0
667.546 0
676.153 0
684.909 0
702.376 0
711.128 0
719.886 0
728.433 0
737.167 0
745.904 0
754.630 0
763.442 0
772.038 0
780.787 0
789.569 0
798.235 0
807.047 0
815.522 0
824.306 0
833.006 0
841.753 0
850.365 0
859.103 0
867.777 0
876.479 0
885.191 0
893.820 0
902.552 0
911.261 0
920.024 0
928.818 0
937.493 0
946.016 0
954.743 0
963.334 0
972.066 0
980.838 0
989.657 0
998.295 0
1006.923 0
1015.627 0
