# 0.470
23.163 0
32.021 0
40.995 0
49.696 0
58.690 0
67.582 0
76.685 0
85.488 0
94.383 0
103.380 0
112.037 0
121.149 0
129.935 0
138.787 0
147.742 0
156.668 0
165.457 0
174.460 0
183.210 0
191.920 0
200.990 0
209.782 0
218.944 0
227.585 0
236.431 0
245.152 0
253.991 0
262.766 0
271.623 0
280.558 0
289.363 0
298.136 0
306.988 0
315.828 0
324.661 0
333.485 0
342.069 0
359.708 0
368.851 0
377.385 0
386.401 0
395.139 0
403.953 0
412.769 0
421.428 0
430.353 0
438.953 0
447.755 0
456.655 0
465.276 0
474.182 0
482.879 0
491.606 0
500.479 0
509.191 0
517.915 0
526.738 0
535.421 0
544.170 0
552.794 0
561.663 0
570.347 0
579.207 0
588.023 0
596.647 0
605.479 0
614.183 0
622.879 0
631.651 0
640.527 0
649.194 0
657.976 0
666.715 0
675.242 0
684.120 0
701.718 0
710.432 0
719.209 0
727.787 0
736.435 0
745.085 0
753.967 0
762.592 0
771.464 0
779.993 0
788.776 0
797.581 0
806.238 0
814.849 0
823.658 0
832.367 0
841.242 0
849.889 0
858.530 0
867.198 0
875.968 0
884.513 0
893.266 0
901.983 0
910.670 0
919.434 0
928.088 0
936.781 0
945.420 0
954.138 0
962.939 0
971.619 0
980.190 0
989.029 0
997.680 0
1006.344 0
1014.936 0
