# 0.470
17.695 0
26.412 0
34.950 0
43.846 0
52.544 0
61.227 0
69.920 0
78.738 0
87.411 0
96.070 0
104.741 0
113.474 0
122.205 0
130.784 0
139.500 0
148.230 0
156.838 0
165.544 0
174.223 0
183.061 0
191.639 0
200.557 0
209.130 0
217.952 0
226.445 0
235.133 0
243.993 0
252.770 0
261.363 0
269.991 0
278.972 0
287.496 0
296.412 0
305.031 0
313.604 0
322.275 0
331.107 0
348.392 0
357.171 0
365.931 0
374.633 0
383.340 0
392.100 0
400.926 0
409.687 0
418.437 0
427.283 0
435.826 0
444.472 0
453.289 0
462.005 0
470.866 0
479.591 0
488.364 0
496.998 0
505.815 0
514.441 0
523.327 0
532.123 0
540.917 0
549.760 0
558.428 0
567.203 0
575.847 0
584.579 0
593.482 0
602.167 0
610.926 0
619.599 0
628.455 0
637.207 0
645.916 0
654.768 0
663.703 0
672.361 0
690.062 0
698.705 0
707.523 0
716.517 0
725.246 0
734.029 0
742.854 0
751.643 0
760.583 0
769.306 0
778.258 0
787.108 0
795.650 0
804.553 0
813.393 0
822.235 0
831.145 0
839.991 0
848.939 0
857.642 0
866.561 0
875.420 0
884.333 0
893.327 0
902.132 0
910.978 0
919.910 0
928.577 0
937.603 0
946.291 0
955.263 0
964.122 0
973.101 0
982.148 0
990.915 0
999.787 0
1008.796 0
