# 0.470
18.267 0
26.938 0
35.501 0
44.309 0
52.977 0
61.716 0
70.388 0
79.111 0
87.885 0
96.401 0
105.107 0
113.899 0
122.636 0
131.275 0
140.059 0
148.740 0
157.351 0
166.030 0
174.745 0
183.508 0
192.113 0
200.816 0
209.531 0
218.234 0
226.820 0
235.503 0
244.281 0
253.007 0
261.667 0
270.399 0
279.160 0
287.862 0
296.525 0
305.332 0
313.928 0
322.617 0
331.339 0
348.852 0
357.505 0
366.256 0
374.972 0
383.700 0
392.468 0
401.184 0
409.957 0
418.689 0
427.432 0
436.122 0
444.832 0
453.513 0
462.240 0
471.047 0
479.708 0
488.466 0
497.199 0
505.990 0
514.705 0
523.439 0
532.249 0
540.946 0
549.665 0
558.431 0
567.207 0
575.887 0
584.656 0
593.416 0
602.203 0
610.929 0
619.750 0
628.464 0
637.235 0
646.060 0
654.916 0
663.648 0
672.470 0
689.994 0
698.652 0
707.611 0
716.453 0
725.167 0
733.969 0
742.807 0
751.608 0
760.601 0
769.152 0
777.978 0
786.746 0
795.565 0
804.474 0
813.333 0
822.052 0
830.855 0
839.840 0
848.715 0
857.313 0
866.322 0
875.165 0
884.061 0
892.822 0
901.650 0
910.405 0
919.446 0
928.232 0
937.220 0
946.028 0
954.807 0
963.831 0
972.659 0
981.672 0
990.395 0
999.411 0
1008.329 0
