# 0.470
29.530 0
38.281 0
47.340 0
56.152 0
65.227 0
73.954 0
82.890 0
91.810 0
100.696 0
109.711 0
118.344 0
127.489 0
136.213 0
145.136 0
154.105 0
162.993 0
171.837 0
180.688 0
189.599 0
198.459 0
207.288 0
216.243 0
224.974 0
233.748 0
242.867 0
251.622 0
260.467 0
269.336 0
278.105 0
286.962 0
295.863 0
304.492 0
313.322 0
322.144 0
331.021 0
339.897 0
348.827 0
366.177 0
375.131 0
383.999 0
392.787 0
401.523 0
410.189 0
419.024 0
427.807 0
436.541 0
445.213 0
454.235 0
462.861 0
471.517 0
480.263 0
489.055 0
497.956 0
506.693 0
515.277 0
524.156 0
532.940 0
541.787 0
550.561 0
559.339 0
567.989 0
576.811 0
585.532 0
594.204 0
602.946 0
611.701 0
620.456 0
629.213 0
637.958 0
646.750 0
655.237 0
664.126 0
672.775 0
681.581 0
690.359 0
707.818 0
716.375 0
725.052 0
733.844 0
742.557 0
751.146 0
759.921 0
768.594 0
777.390 0
786.113 0
794.824 0
803.699 0
812.311 0
820.812 0
829.632 0
838.207 0
847.057 0
855.846 0
864.458 0
873.221 0
881.863 0
890.530 0
899.222 0
908.046 0
916.729 0
925.393 0
934.088 0
942.819 0
951.411 0
959.988 0
968.810 0
977.544 0
986.236 0
994.857 0
1003.787 0
1012.146 0
1020.832 0
