# 0.470
15.631 0
24.428 0
33.193 0
42.480 0
51.186 0
59.642 0
68.651 0
77.677 0
86.824 0
95.493 0
104.242 0
113.292 0
122.353 0
131.226 0
140.180 0
148.687 0
157.827 0
166.530 0
174.990 0
183.790 0
193.368 0
201.890 0
210.800 0
219.747 0
228.440 0
236.759 0
246.415 0
255.109 0
263.937 0
272.804 0
281.571 0
289.916 0
299.042 0
307.723 0
316.890 0
325.254 0
334.021 0
351.548 0
360.199 0
368.969 0
378.207 0
387.002 0
395.985 0
404.239 0
413.050 0
421.948 0
430.770 0
439.236 0
448.206 0
457.036 0
465.721 0
474.266 0
483.113 0
491.982 0
500.906 0
509.461 0
518.445 0
526.923 0
535.622 0
544.500 0
553.442 0
561.623 0
570.567 0
579.323 0
588.224 0
596.992 0
605.632 0
614.452 0
623.142 0
631.403 0
640.475 0
649.076 0
657.921 0
666.599 0
675.482 0
692.909 0
701.691 0
710.325 0
719.000 0
727.503 0
736.393 0
745.088 0
753.641 0
762.323 0
771.192 0
779.947 0
788.716 0
797.165 0
805.824 0
814.555 0
823.162 0
831.894 0
840.700 0
849.280 0
858.020 0
866.830 0
875.342 0
884.176 0
892.849 0
901.593 0
910.219 0
918.931 0
927.817 0
936.356 0
945.007 0
953.703 0
962.414 0
971.098 0
979.815 0
988.608 0
997.148 0
1005.789 0
