# 0.470
18.779 0
27.626 0
36.285 0
44.835 0
53.613 0
62.424 0
71.177 0
79.854 0
88.555 0
97.179 0
105.950 0
114.584 0
123.280 0
132.037 0
140.611 0
149.463 0
158.003 0
166.812 0
175.486 0
184.257 0
193.027 0
201.683 0
210.390 0
219.103 0
227.731 0
236.459 0
245.077 0
253.811 0
262.602 0
271.212 0
280.034 0
288.722 0
297.387 0
306.212 0
314.802 0
323.431 0
332.257 0
349.668 0
358.440 0
367.183 0
376.009 0
384.721 0
393.370 0
402.238 0
410.888 0
419.673 0
428.558 0
436.802 0
446.083 0
454.707 0
463.444 0
472.343 0
480.941 0
489.671 0
498.452 0
507.204 0
515.984 0
524.761 0
533.404 0
542.373 0
551.053 0
559.888 0
568.611 0
577.235 0
586.050 0
594.704 0
603.618 0
612.333 0
621.103 0
629.944 0
638.588 0
647.484 0
656.346 0
665.185 0
673.938 0
691.624 0
700.452 0
709.298 0
718.026 0
726.917 0
735.663 0
744.362 0
753.313 0
762.242 0
771.104 0
779.843 0
788.552 0
797.499 0
806.430 0
815.279 0
824.113 0
832.900 0
841.924 0
850.612 0
859.550 0
868.439 0
877.266 0
886.046 0
894.889 0
903.854 0
912.555 0
921.576 0
930.399 0
939.320 0
948.216 0
957.191 0
966.125 0
974.990 0
983.889 0
992.797 0
1001.679 0
1010.752 0
