# 0.470
24.993 0
33.908 0
42.876 0
51.731 0
60.772 0
69.633 0
78.476 0
87.362 0
96.185 0
105.207 0
113.911 0
122.859 0
131.730 0
140.668 0
149.518 0
158.223 0
167.177 0
176.120 0
185.000 0
193.393 0
202.701 0
211.438 0
220.276 0
229.114 0
238.037 0
246.948 0
255.721 0
264.559 0
273.420 0
282.264 0
291.146 0
299.964 0
308.668 0
317.390 0
326.389 0
335.170 0
344.010 0
361.502 0
370.280 0
379.089 0
387.913 0
396.648 0
405.522 0
414.261 0
423.037 0
431.863 0
440.408 0
449.314 0
457.976 0
466.755 0
475.502 0
484.334 0
493.092 0
501.727 0
510.517 0
519.194 0
528.078 0
536.725 0
545.435 0
554.590 0
563.075 0
571.823 0
580.609 0
589.355 0
597.814 0
606.919 0
615.509 0
624.428 0
633.048 0
641.899 0
650.501 0
659.354 0
667.987 0
676.678 0
685.018 0
702.911 0
711.703 0
720.448 0
729.107 0
737.642 0
746.387 0
755.114 0
763.955 0
772.591 0
781.193 0
789.928 0
798.659 0
807.478 0
816.049 0
824.767 0
833.404 0
842.222 0
850.875 0
859.716 0
868.499 0
877.135 0
885.758 0
894.487 0
903.220 0
911.906 0
920.569 0
929.417 0
938.096 0
946.663 0
955.381 0
964.162 0
972.877 0
981.556 0
990.195 0
998.916 0
1007.540 0
1016.244 0
