# 0.470
21.965 0
30.774 0
39.858 0
48.732 0
57.596 0
66.208 0
75.484 0
84.186 0
93.220 0
102.058 0
110.891 0
119.800 0
128.511 0
137.449 0
146.452 0
155.063 0
163.871 0
172.906 0
181.613 0
190.550 0
199.345 0
208.237 0
216.928 0
225.781 0
234.601 0
243.769 0
252.427 0
261.414 0
270.133 0
278.995 0
287.790 0
296.536 0
305.324 0
313.910 0
323.070 0
332.012 0
340.557 0
358.109 0
366.876 0
375.726 0
384.575 0
393.277 0
402.152 0
410.839 0
419.728 0
428.434 0
437.274 0
446.149 0
454.681 0
463.494 0
472.261 0
481.070 0
489.978 0
498.673 0
507.294 0
516.008 0
524.759 0
533.464 0
542.135 0
550.973 0
559.565 0
568.525 0
577.206 0
586.038 0
594.619 0
603.297 0
611.953 0
620.991 0
629.760 0
638.471 0
647.105 0
655.854 0
664.611 0
673.186 0
681.971 0
699.611 0
708.199 0
716.978 0
725.455 0
734.343 0
743.216 0
751.969 0
760.672 0
769.466 0
778.188 0
786.914 0
795.598 0
804.268 0
812.791 0
821.496 0
830.225 0
838.834 0
847.689 0
856.618 0
865.164 0
874.063 0
882.491 0
891.373 0
899.859 0
908.693 0
917.136 0
925.827 0
934.694 0
943.379 0
952.143 0
960.636 0
969.392 0
977.899 0
986.906 0
995.432 0
1004.189 0
1012.966 0
