# 0.470
15.340 0
23.978 0
32.858 0
41.353 0
50.230 0
58.902 0
67.624 0
76.173 0
85.077 0
93.686 0
102.153 0
111.074 0
119.975 0
128.683 0
137.428 0
146.184 0
154.715 0
163.282 0
172.083 0
180.759 0
189.551 0
198.300 0
206.977 0
215.605 0
224.380 0
232.850 0
241.663 0
250.560 0
259.175 0
267.965 0
276.438 0
285.177 0
293.992 0
302.785 0
311.359 0
320.025 0
328.877 0
346.130 0
355.094 0
363.797 0
372.355 0
381.048 0
389.941 0
398.517 0
407.218 0
416.129 0
424.965 0
433.824 0
442.223 0
451.066 0
459.774 0
468.365 0
477.159 0
485.866 0
494.741 0
503.466 0
512.141 0
520.827 0
529.900 0
538.592 0
547.212 0
556.011 0
564.824 0
573.654 0
582.234 0
591.133 0
600.015 0
608.374 0
617.446 0
626.177 0
634.626 0
643.751 0
652.744 0
661.287 0
670.256 0
687.785 0
696.482 0
705.381 0
714.384 0
722.689 0
731.654 0
740.733 0
749.478 0
758.278 0
767.017 0
776.006 0
784.640 0
793.311 0
802.127 0
811.155 0
820.041 0
828.655 0
837.720 0
846.657 0
855.274 0
864.263 0
873.131 0
882.022 0
890.834 0
899.540 0
908.382 0
916.750 1
925.984 0
935.047 0
944.032 0
952.761 0
961.723 0
970.639 0
979.552 0
988.196 0
997.417 0
1006.217 0
