# 0.470
17.948 0
26.443 0
35.071 0
43.777 0
52.634 0
61.148 0
69.795 0
78.617 0
87.437 0
95.881 0
104.635 0
113.386 0
122.224 0
130.854 0
139.670 0
147.987 0
156.943 0
165.507 0
173.961 0
182.923 0
191.558 0
200.211 0
209.101 0
217.732 0
226.258 0
234.882 0
243.647 0
252.391 0
261.324 0
269.793 0
278.418 0
287.193 0
296.097 0
304.513 0
313.256 0
321.834 0
330.795 0
348.342 0
357.157 0
365.512 0
374.465 0
382.978 0
391.616 0
400.537 0
409.435 0
418.295 0
426.821 0
435.307 0
444.124 0
453.148 0
461.677 0
470.553 0
479.504 0
488.035 0
496.916 0
505.533 0
514.229 0
522.601 0
531.490 0
540.193 0
548.850 0
557.648 0
566.344 0
575.141 0
584.048 0
593.021 0
601.999 0
610.453 0
619.454 0
628.121 0
636.744 0
645.482 0
654.756 0
663.007 0
671.584 0
689.081 0
698.594 0
706.596 0
716.396 0
724.753 0
733.547 0
742.656 0
751.557 0
760.493 0
768.990 0
777.802 0
786.831 0
795.672 0
804.548 0
812.865 0
821.275 0
830.657 0
839.354 0
848.695 0
857.479 0
866.485 0
875.210 0
883.930 0
893.017 0
901.975 0
910.778 0
919.351 0
928.352 0
937.571 0
946.176 0
955.314 0
964.012 0
973.063 0
982.058 0
990.688 0
999.695 0
1008.815 0
