# 0.470
23.733 0
32.532 0
41.466 0
50.459 0
59.323 0
68.227 0
77.332 0
86.093 0
94.843 0
103.930 0
112.645 0
121.708 0
130.530 0
139.375 0
148.156 0
157.254 0
165.993 0
174.922 0
183.772 0
192.628 0
201.305 0
210.178 0
218.924 0
227.660 0
236.739 0
245.611 0
254.592 0
263.348 0
272.009 0
281.046 0
289.692 0
298.646 0
307.629 0
316.159 0
325.047 0
333.877 0
342.537 0
360.197 0
368.927 0
377.654 0
386.498 0
395.323 0
403.920 0
412.907 0
421.513 0
430.276 0
439.028 0
447.759 0
456.669 0
465.350 0
474.268 0
482.940 0
491.629 0
500.524 0
509.191 0
518.062 0
526.806 0
535.439 0
544.207 0
552.990 0
561.770 0
570.452 0
579.259 0
587.935 0
596.615 0
605.383 0
614.054 0
622.905 0
631.589 0
640.310 0
649.098 0
657.868 0
666.662 0
675.151 0
683.761 0
701.476 0
710.209 0
718.816 0
727.236 0
735.977 0
744.853 0
753.662 0
762.186 0
771.031 0
779.825 0
788.443 0
797.207 0
805.921 0
814.399 0
823.294 0
831.875 0
840.554 0
849.285 0
858.112 0
866.769 0
875.438 0
884.018 0
892.708 0
901.439 0
910.176 0
918.883 0
927.701 0
936.392 0
944.968 0
953.709 0
962.327 0
971.129 0
979.873 0
988.527 0
997.239 0
1005.878 0
1014.571 0
