# 0.470
16.063 0
24.907 0
33.572 0
42.117 0
50.938 0
59.798 0
68.379 0
77.048 0
85.757 0
94.363 0
103.236 0
111.566 0
120.376 0
129.288 0
137.636 0
146.696 0
154.925 0
163.787 0
172.644 0
181.511 0
189.723 0
198.521 0
207.216 0
216.106 0
224.398 0
233.162 0
242.047 0
250.554 0
259.466 0
267.995 0
277.037 0
285.670 0
294.093 0
303.053 0
311.537 0
320.328 0
328.899 0
346.470 0
354.878 0
363.818 0
372.421 0
381.472 0
390.140 0
398.841 0
407.640 0
416.154 0
424.840 0
433.595 0
442.160 0
451.041 0
459.722 0
468.646 0
477.338 0
485.995 0
494.748 0
503.582 0
512.281 0
520.842 0
529.645 0
538.302 0
546.902 0
555.814 0
564.661 0
573.444 0
582.119 0
590.800 0
599.398 0
608.298 0
617.131 0
625.698 0
634.585 0
643.342 0
652.256 0
661.046 0
669.670 0
687.420 0
696.093 0
704.883 0
713.633 0
722.464 0
731.324 0
740.119 0
748.918 0
757.762 0
766.520 0
775.344 0
784.062 0
792.906 0
801.758 0
810.592 0
819.436 0
828.041 0
837.071 0
845.982 0
854.808 0
863.650 0
872.178 0
881.191 0
890.173 0
899.205 0
907.812 0
916.900 0
925.553 0
934.563 0
943.476 0
952.159 0
961.303 0
970.083 0
978.891 0
987.815 0
996.713 0
1005.581 0
