# 0.470
25.388 0
34.279 0
43.246 0
52.045 0
60.856 0
69.844 0
78.850 0
87.545 0
96.486 0
105.549 0
114.293 0
123.153 0
132.065 0
140.848 0
149.866 0
158.648 0
167.475 0
176.361 0
185.190 0
193.992 0
202.991 0
211.851 0
220.507 0
229.279 0
238.321 0
246.987 0
255.787 0
264.660 0
273.536 0
282.338 0
291.304 0
299.908 0
308.737 0
317.505 0
326.475 0
335.323 0
344.038 0
361.564 0
370.482 0
379.244 0
388.020 0
396.735 0
405.579 0
414.266 0
422.952 0
431.758 0
440.399 0
449.308 0
458.045 0
466.810 0
475.583 0
484.270 0
493.077 0
501.794 0
510.540 0
519.405 0
528.187 0
536.938 0
545.618 0
554.333 0
563.079 0
571.914 0
580.531 0
589.387 0
598.041 0
606.855 0
615.526 0
624.228 0
633.077 0
641.782 0
650.558 0
659.316 0
667.947 0
676.783 0
685.484 0
702.887 0
711.619 0
720.296 0
728.941 0
737.577 0
746.373 0
755.131 0
763.953 0
772.531 0
781.256 0
789.981 0
798.685 0
807.445 0
815.974 0
824.788 0
833.522 0
842.162 0
850.870 0
859.557 0
868.213 0
876.976 0
885.552 0
894.308 0
902.941 0
911.826 0
920.432 0
929.157 0
937.863 0
946.362 0
955.124 0
963.852 0
972.514 0
981.236 0
989.981 0
998.795 0
1007.330 0
1015.957 0
