# 0.470
26.130 0
34.718 0
43.762 0
52.712 0
61.665 0
70.527 0
79.493 0
88.481 0
97.246 0
106.169 0
114.988 0
124.146 0
132.856 0
141.752 0
150.585 0
159.330 0
168.127 0
177.153 0
185.974 0
194.731 0
203.737 0
212.526 0
221.275 0
230.032 0
239.098 0
247.873 0
256.636 0
265.449 0
274.166 0
283.142 0
292.001 0
300.718 0
309.469 0
318.421 0
327.308 0
336.067 0
344.761 0
362.265 0
371.121 0
379.960 0
388.801 0
397.559 0
406.387 0
415.306 0
423.914 0
432.659 0
441.475 0
450.253 0
458.871 0
467.730 0
476.476 0
485.223 0
494.005 0
502.808 0
511.587 0
520.472 0
529.069 0
537.839 0
546.608 0
555.277 0
564.086 0
572.885 0
581.459 0
590.318 0
599.102 0
607.767 0
616.549 0
625.273 0
634.046 0
642.738 0
651.489 0
660.388 0
668.971 0
677.780 0
686.473 0
703.936 0
712.688 0
721.413 0
730.028 0
738.598 0
747.380 0
756.083 0
764.818 0
773.439 0
782.274 0
791.100 0
799.650 0
808.455 0
816.951 0
825.684 0
834.439 0
843.234 0
851.934 0
860.615 0
869.416 0
878.083 0
886.758 0
895.448 0
904.105 0
912.700 0
921.524 0
930.348 0
938.888 0
947.508 0
956.225 0
965.008 0
973.796 0
982.504 0
991.243 0
999.891 0
1008.439 0
1017.382 0
