# 0.470
23.148 0
32.006 0
41.016 0
49.631 0
58.711 0
67.639 0
76.628 0
85.452 0
94.251 0
103.171 0
112.070 0
120.896 0
129.813 0
138.662 0
147.626 0
156.481 0
165.161 0
174.197 0
182.953 0
191.793 0
200.795 0
209.523 0
218.348 0
227.052 0
236.059 0
244.829 0
253.754 0
262.335 0
271.256 0
280.225 0
289.005 0
297.835 0
306.683 0
315.440 0
324.344 0
333.071 0
341.918 0
359.384 0
368.295 0
377.044 0
385.850 0
394.701 0
403.486 0
412.381 0
421.029 0
429.862 0
438.525 0
447.310 0
456.037 0
464.825 0
473.660 0
482.415 0
491.091 0
499.890 0
508.631 0
517.436 0
526.172 0
534.872 0
543.613 0
552.375 0
561.154 0
569.945 0
578.666 0
587.531 0
596.087 0
604.902 0
613.635 0
622.269 0
631.037 0
639.855 0
648.535 0
657.409 0
665.973 0
674.889 0
683.550 0
700.983 0
709.775 0
718.435 0
727.045 0
735.718 0
744.525 0
753.221 0
762.006 0
770.703 0
779.390 0
788.138 0
796.893 0
805.604 0
814.140 0
822.887 0
831.596 0
840.312 0
849.000 1
857.751 0
866.496 0
875.258 0
883.765 0
892.475 0
901.157 0
909.947 0
918.664 0
927.354 0
936.069 0
944.708 0
953.431 0
962.104 0
971.214 0
979.580 0
988.282 0
996.967 0
1005.437 0
1014.430 0
