# 0.470
17.701 0
26.511 0
34.950 0
43.739 0
52.491 0
61.301 0
70.026 0
78.675 0
87.406 0
96.033 0
104.728 0
113.452 0
122.282 0
130.886 0
139.490 0
148.142 0
156.961 0
165.575 0
174.310 0
183.145 0
191.787 0
200.261 0
209.055 0
217.828 0
226.377 0
235.006 0
243.813 0
252.501 0
261.226 0
269.990 0
278.775 0
287.453 0
296.243 0
305.049 0
313.588 0
322.300 0
331.128 0
348.586 0
357.187 0
366.158 0
374.854 0
383.539 0
392.286 0
400.937 0
409.661 0
418.572 0
427.339 0
435.967 0
444.679 0
453.618 0
462.123 0
471.063 0
479.858 0
488.493 0
497.187 0
505.852 0
514.672 0
523.518 0
532.164 0
540.718 0
549.642 0
558.369 0
567.287 0
575.998 0
584.616 0
593.479 0
602.288 0
611.156 0
619.833 0
628.596 0
637.424 0
646.091 0
655.218 0
663.772 0
672.671 0
690.341 0
699.211 0
707.910 0
716.765 0
725.611 0
734.346 0
743.253 0
751.924 0
760.919 0
769.728 0
778.521 0
787.284 0
796.068 0
804.973 0
813.617 0
822.666 0
831.291 0
840.262 0
849.098 0
857.907 0
866.879 0
875.620 0
884.599 0
893.486 0
902.310 0
911.125 0
920.135 0
928.968 0
938.028 0
946.905 0
955.623 0
964.705 0
973.456 0
982.569 0
991.296 0
1000.325 0
1009.040 0
