# 0.470
18.710 0
27.299 0
35.858 0
44.613 0
53.351 0
61.958 0
70.779 0
79.417 0
88.067 0
96.786 0
105.470 0
114.122 0
122.889 0
131.522 0
140.268 0
149.055 0
157.656 0
166.289 0
174.998 0
183.759 0
192.537 0
201.278 0
209.874 0
218.559 0
227.062 0
235.810 0
244.564 0
253.253 0
261.981 0
270.674 0
279.395 0
288.200 0
296.834 0
305.478 0
314.171 0
322.919 0
331.505 0
349.219 0
357.750 0
366.513 0
375.252 0
383.969 0
392.640 0
401.359 0
410.211 0
418.991 0
427.570 0
436.378 0
445.169 0
453.907 0
462.529 0
471.334 0
480.085 0
488.796 0
497.517 0
506.376 0
515.018 0
523.855 0
532.597 0
541.280 0
550.077 0
558.734 0
567.555 0
576.427 0
584.964 0
593.811 0
602.561 0
611.287 0
620.091 0
628.846 0
637.613 0
646.334 0
655.265 0
664.085 0
672.851 0
690.415 0
699.218 0
707.955 0
716.834 0
725.630 0
734.410 0
743.151 0
751.969 0
760.866 0
769.526 0
778.368 0
787.142 0
796.034 0
805.049 0
813.800 0
822.452 0
831.257 0
840.238 0
849.184 0
857.855 0
866.856 0
875.759 0
884.465 0
893.483 0
902.272 0
911.055 0
919.981 0
928.903 0
937.775 0
946.709 0
955.455 0
964.591 0
973.235 0
982.225 0
991.065 0
1000.047 0
1008.869 0
