# 0.470
23.630 0
32.377 0
41.336 0
50.286 0
59.203 0
68.111 0
77.078 0
85.974 0
94.719 0
103.572 0
112.604 0
121.451 0
130.171 0
139.175 0
148.219 0
156.856 0
165.844 0
174.606 0
183.463 0
192.465 0
201.396 0
210.117 0
218.899 0
227.583 0
236.562 0
245.212 0
254.240 0
263.024 0
271.851 0
280.824 0
289.549 0
298.321 0
307.049 0
315.882 0
324.976 0
333.762 0
342.556 0
359.937 0
368.824 0
377.525 0
386.697 0
395.239 0
404.026 0
412.938 0
421.634 0
430.457 0
439.127 0
448.027 0
456.634 0
465.406 0
474.210 0
482.986 0
491.745 0
500.448 0
509.161 0
518.033 0
526.718 0
535.464 0
544.149 0
553.009 0
561.676 0
570.412 0
579.163 0
587.749 0
596.617 0
605.422 0
614.080 0
623.048 0
631.779 0
640.479 0
649.219 0
658.033 0
666.620 0
675.363 0
684.064 0
701.475 0
710.335 0
719.003 0
727.688 0
736.363 0
745.066 0
753.690 0
762.592 0
771.217 0
779.996 0
788.718 0
797.372 0
806.129 0
814.799 0
823.414 0
832.181 0
840.829 0
849.496 0
858.260 0
867.004 0
875.722 0
884.281 0
893.057 0
901.680 0
910.485 0
919.190 0
927.944 0
936.625 0
945.293 0
954.053 0
962.796 0
971.267 0
980.227 0
988.968 0
997.744 0
1006.268 0
1015.034 0
