# 0.470
21.419 0
30.360 0
38.917 0
47.415 0
56.337 0
64.954 0
73.725 0
82.482 0
91.275 0
99.705 0
108.452 0
117.327 0
125.952 0
134.686 0
143.240 0
152.031 0
160.717 0
169.256 0
178.134 0
186.654 0
195.568 0
204.201 0
212.951 0
221.492 0
230.114 0
238.944 0
247.636 0
256.348 0
265.135 0
273.692 0
282.585 0
291.107 0
299.973 0
308.813 0
317.350 0
326.019 0
334.738 0
352.480 0
361.040 0
369.590 0
378.513 0
387.232 0
396.001 0
404.794 0
413.475 0
422.290 0
430.929 0
439.759 0
448.392 0
457.085 0
465.847 0
474.648 0
483.478 0
492.181 0
500.835 0
509.494 0
518.307 0
526.952 0
535.852 0
544.596 0
553.266 0
562.055 0
570.886 0
579.498 0
588.367 0
597.156 0
605.983 0
614.759 0
623.511 0
632.229 0
640.982 0
649.738 0
658.810 0
667.547 0
676.270 0
693.837 0
702.553 0
711.462 0
720.360 0
729.029 0
737.932 0
746.808 0
755.508 0
764.505 0
773.207 0
781.999 0
790.871 0
799.587 0
808.586 0
817.426 0
826.114 0
834.960 0
843.788 0
852.608 0
861.453 0
870.494 0
879.244 0
888.167 0
897.089 0
905.890 0
914.626 0
923.659 0
932.518 0
941.485 0
950.293 0
959.161 0
968.191 0
977.254 0
985.972 0
994.842 0
1003.731 0
1012.713 0
