# 0.470
27.402 0
36.126 0
45.221 0
54.110 0
63.150 0
71.826 0
80.974 0
89.765 0
98.392 0
107.572 0
116.324 0
125.129 0
133.976 0
142.865 0
151.701 0
160.544 0
169.471 0
178.380 0
187.177 0
195.903 0
204.840 0
213.715 0
222.478 0
231.155 0
240.253 0
248.946 0
257.811 0
266.672 0
275.479 0
284.306 0
293.187 0
302.095 0
310.839 0
319.656 0
328.393 0
337.217 0
345.998 0
354.715 0
363.637 0
372.241 0
380.918 0
398.838 0
407.435 0
416.130 0
425.134 0
433.746 0
442.525 0
451.311 0
459.905 0
468.846 0
477.666 0
486.215 0
494.927 0
503.572 0
512.682 0
521.307 0
530.078 0
538.927 0
547.622 0
556.280 0
565.023 0
573.845 0
582.682 0
591.252 0
600.108 0
608.660 0
617.299 0
626.229 0
634.899 0
643.595 0
652.394 0
661.190 0
669.861 0
678.468 0
687.422 0
695.962 0
704.825 0
713.479 0
722.133 0
730.830 0
748.272 0
757.043 0
765.640 0
774.550 0
783.178 0
791.993 0
800.653 0
809.435 0
817.988 0
826.681 0
835.453 0
843.967 0
852.683 0
861.448 0
870.256 0
879.046 0
887.458 0
896.182 0
904.969 0
913.619 0
922.321 0
931.151 0
939.794 0
948.402 0
957.153 0
965.984 0
974.588 0
983.345 0
992.047 0
1000.755 0
1009.230 0
1017.905 0
1026.665 0
