# 0.470
24.324 0
33.146 0
42.072 0
50.861 0
59.988 0
68.795 0
77.859 0
86.739 0
95.240 0
104.342 0
113.155 0
122.087 0
131.031 0
139.695 0
148.500 0
157.385 0
166.318 0
175.045 0
183.838 0
192.996 0
201.568 0
210.566 0
219.203 0
228.245 0
236.996 0
245.649 0
254.485 0
263.222 0
272.138 0
281.093 0
289.714 0
298.456 0
307.311 0
316.077 0
325.036 0
334.003 0
342.753 0
360.030 0
368.903 0
377.606 0
386.453 0
395.429 0
404.073 0
412.934 0
421.609 0
430.268 0
439.162 0
447.903 0
456.692 0
465.368 0
473.926 0
482.911 0
491.605 0
500.206 0
509.081 0
517.872 0
526.381 0
535.245 0
543.900 0
552.711 0
561.395 0
570.228 0
578.879 0
587.481 0
596.292 0
605.026 0
613.825 0
622.633 0
631.073 0
640.040 0
648.708 0
657.438 0
666.131 0
674.672 0
683.462 0
701.039 0
709.552 0
718.191 0
727.056 0
735.751 0
744.543 0
753.191 0
761.755 0
770.275 0
779.056 0
787.964 0
796.446 0
805.295 0
813.973 0
822.468 0
831.170 0
839.845 0
848.575 0
857.269 0
865.952 0
875.185 0
883.471 0
892.009 0
900.849 0
909.530 0
918.355 0
927.128 0
935.438 0
944.157 0
952.723 0
961.486 0
970.169 0
979.047 0
987.641 0
996.144 0
1005.027 0
1013.475 0
