# 0.470
27.590 0
36.316 0
45.495 0
54.115 0
63.264 0
72.027 0
81.045 0
89.944 0
98.790 0
107.714 0
116.462 0
125.495 0
134.308 0
143.094 0
152.046 0
160.941 0
169.759 0
178.498 0
187.549 0
196.388 0
205.334 0
214.120 0
222.896 0
231.761 0
240.496 0
249.353 0
258.108 0
266.953 0
275.690 0
284.685 0
293.384 0
302.461 0
311.172 0
320.045 0
328.924 0
337.692 0
355.324 0
363.986 0
372.802 0
381.489 0
390.456 0
399.327 0
408.024 0
416.831 0
425.611 0
434.304 0
443.002 0
451.799 0
460.598 0
469.202 0
478.169 0
486.986 0
495.705 0
504.371 0
513.213 0
521.896 0
530.553 0
539.463 0
548.177 0
556.936 0
565.587 0
574.372 0
583.011 0
591.795 0
600.413 0
609.237 0
618.026 0
626.811 0
635.537 0
644.367 0
653.078 0
661.873 0
670.619 0
679.226 0
688.052 0
705.476 0
714.241 0
722.863 0
731.371 0
740.201 0
748.923 0
757.717 0
766.523 0
775.170 0
783.792 0
792.537 0
801.339 0
809.992 0
818.548 0
827.319 0
835.960 0
844.575 0
853.317 0
862.036 0
870.875 0
879.416 0
888.098 0
896.922 0
905.583 0
914.126 0
922.943 0
931.802 0
940.592 0
948.937 0
957.855 0
966.636 0
975.291 0
983.860 0
992.552 0
1001.486 0
1010.050 0
1018.678 0
