# 0.470
21.964 0
30.724 0
39.784 0
48.521 0
57.266 0
66.369 0
75.217 0
84.184 0
93.017 0
101.901 0
110.834 0
119.741 0
128.716 0
137.215 0
146.467 0
154.973 0
164.172 0
173.090 0
181.530 0
190.335 0
199.538 0
208.077 0
216.977 0
225.915 0
234.922 0
243.774 0
252.478 0
261.197 0
270.219 0
278.700 0
287.745 0
296.688 0
305.257 0
313.835 0
322.759 0
331.481 0
340.645 0
358.045 0
366.682 0
375.985 0
384.218 0
393.431 0
401.965 0
410.860 0
419.291 0
428.338 0
437.237 0
445.594 0
454.537 0
463.360 0
471.952 0
480.757 0
489.716 0
498.479 0
506.885 0
515.726 0
524.866 0
533.725 0
542.014 0
550.977 0
559.869 0
568.728 0
577.118 0
585.959 0
594.508 0
603.475 0
611.986 0
620.738 0
629.611 0
638.218 0
647.005 0
656.104 0
664.405 0
673.493 0
681.935 0
699.638 0
708.394 0
717.100 0
725.304 0
734.091 0
742.720 0
751.415 0
760.539 0
768.832 0
777.874 0
786.808 0
795.139 0
803.802 0
812.457 0
821.237 0
829.874 0
838.598 0
847.276 0
855.988 0
864.742 0
873.690 0
882.138 0
890.726 0
899.583 0
908.404 0
917.043 0
925.649 0
934.725 0
943.169 0
951.690 0
960.463 0
969.102 0
977.906 0
986.690 0
995.377 0
1003.928 0
1012.808 0
