# 0.470
7.506 0
16.220 0
25.216 0
33.651 0
42.524 0
51.181 0
59.671 0
68.621 0
77.233 0
85.628 0
94.798 0
103.240 0
112.012 0
120.921 0
129.578 0
138.586 0
147.077 0
155.509 0
164.413 0
172.974 0
181.718 0
190.576 0
199.228 0
207.926 0
216.693 0
224.959 0
233.976 0
242.474 0
251.214 0
260.015 0
268.707 0
277.507 0
286.207 0
294.780 0
303.693 0
312.340 0
321.009 0
329.730 0
338.476 0
347.177 0
356.004 0
364.604 0
373.440 0
381.953 0
390.725 0
399.781 0
408.136 0
417.120 0
426.009 0
434.695 0
443.476 0
452.164 0
460.990 0
469.374 0
478.694 0
487.218 0
495.904 0
504.461 0
513.481 0
521.929 0
530.714 0
539.488 0
548.295 0
565.830 0
583.033 0
591.983 0
600.977 0
609.848 0
618.113 0
627.187 0
635.995 0
644.611 0
653.559 0
662.359 0
671.120 0
679.820 0
688.774 0
697.328 0
706.184 0
714.996 0
724.075 0
732.677 0
741.559 0
750.358 0
759.033 0
767.846 0
776.676 0
785.585 0
794.470 0
803.216 0
811.969 0
820.706 0
829.424 0
838.299 0
847.253 0
856.163 0
864.851 0
873.572 0
882.484 0
891.576 0
900.200 0
908.866 0
917.919 0
926.822 0
935.744 0
944.497 0
953.460 0
962.312 0
971.231 0
980.199 0
988.972 0
997.774 0
