# 0.470
22.695 0
31.612 0
40.424 0
49.352 0
58.181 0
67.033 0
76.071 0
84.791 0
93.506 0
102.600 0
111.350 0
120.455 0
129.485 0
138.010 0
146.863 0
155.854 0
164.626 0
173.511 0
182.052 0
191.176 0
199.798 0
208.872 0
217.396 0
226.491 0
235.340 0
244.192 0
252.824 0
261.757 0
270.345 0
279.308 0
288.221 0
297.023 0
306.014 0
314.555 0
323.444 0
332.184 0
340.925 0
358.495 0
367.171 0
375.970 0
384.777 0
393.473 0
402.530 0
411.081 0
419.889 0
428.521 0
437.408 0
446.111 0
454.810 0
463.479 0
472.428 0
481.062 0
489.824 0
498.517 0
507.343 0
516.110 0
524.909 0
533.613 0
542.394 0
551.106 0
559.778 0
568.582 0
577.220 0
586.015 0
594.718 0
603.417 0
612.280 0
620.934 0
629.681 0
638.444 0
647.063 0
655.833 0
664.536 0
673.259 0
682.078 0
699.402 0
708.125 0
716.898 0
725.476 0
734.259 0
742.905 0
751.625 0
760.334 0
769.135 0
777.758 0
786.372 0
795.131 0
803.836 0
812.505 0
821.199 0
829.798 0
838.626 0
847.339 0
856.111 0
864.793 0
873.368 0
882.208 0
890.985 0
899.618 0
908.269 0
916.986 0
925.576 0
934.329 0
942.891 0
951.621 0
960.368 0
968.821 0
977.922 0
986.247 0
995.069 0
1003.671 0
1012.395 0
