# 0.470
19.934 0
28.624 0
37.294 0
45.874 0
54.704 0
63.318 0
72.021 0
80.716 0
89.418 0
98.085 0
106.764 0
115.397 0
124.146 0
133.034 0
141.612 0
150.338 0
158.867 0
167.695 0
176.423 0
185.097 0
193.792 0
202.510 0
211.271 0
219.993 0
228.584 0
237.187 0
246.007 0
254.784 0
263.576 0
272.347 0
281.019 0
289.630 0
298.368 0
307.167 0
315.536 0
324.416 0
333.136 0
350.473 0
359.276 0
368.029 0
376.729 0
385.505 0
394.177 0
402.984 0
411.637 0
420.364 0
429.244 0
437.959 0
446.630 0
455.402 0
464.166 0
472.939 0
481.778 0
490.481 0
499.123 0
507.843 0
516.621 0
525.339 0
534.200 0
542.935 0
551.775 0
560.644 0
569.294 0
578.003 0
586.760 0
595.550 0
604.219 0
612.941 0
621.724 0
630.447 0
639.270 0
648.024 0
656.916 0
665.609 0
674.498 0
692.058 0
700.791 0
709.621 0
718.432 0
727.261 0
735.865 0
744.839 0
753.886 0
762.520 0
771.342 0
779.986 0
789.003 0
797.706 0
806.647 0
815.389 0
824.260 0
833.162 0
841.982 0
850.862 0
859.718 0
868.659 0
877.548 0
886.407 0
895.322 0
904.007 0
912.833 0
921.877 0
930.601 0
939.590 0
948.357 0
957.269 0
966.127 0
975.088 0
984.100 0
992.615 0
1001.692 0
1009.715 0
