# 0.470
14.968 0
23.664 0
32.150 0
41.008 0
49.717 0
58.455 0
67.237 0
75.901 0
84.632 0
93.152 0
101.914 0
110.648 0
119.207 0
127.953 0
136.550 0
145.275 0
153.982 0
162.669 0
171.420 0
180.096 0
188.803 0
197.515 0
206.170 0
214.923 0
223.557 0
232.293 0
240.952 0
249.618 0
258.397 0
267.031 0
275.751 0
284.594 0
293.253 0
301.974 0
310.548 0
319.196 0
327.901 0
345.393 0
354.028 0
362.874 0
371.545 0
380.335 0
389.014 0
397.813 0
406.380 0
415.167 0
423.952 0
432.746 0
441.700 0
450.076 0
458.874 0
467.684 0
476.294 0
485.073 0
493.861 0
502.521 0
511.136 0
519.925 0
528.564 0
537.537 0
546.324 0
554.972 0
563.756 0
572.525 0
581.267 0
590.045 0
598.719 0
607.593 0
616.301 0
625.047 0
633.665 0
642.564 0
651.386 0
660.248 0
668.934 0
686.603 0
695.267 0
704.161 0
712.972 0
721.942 0
730.731 0
739.317 0
748.205 0
757.008 0
765.839 0
774.653 0
783.335 0
792.154 0
801.037 0
809.868 0
818.670 0
827.477 0
836.405 0
845.198 0
854.025 0
862.958 0
871.846 0
880.565 0
889.507 0
898.319 0
907.070 0
916.024 0
924.800 0
933.841 0
942.586 0
951.514 0
960.429 0
969.229 0
978.234 0
986.908 0
995.963 0
1004.830 0
