# 0.470
17.207 0
25.970 0
34.531 0
43.298 0
52.011 0
60.696 0
69.449 0
78.161 0
86.877 0
95.557 0
104.303 0
112.964 0
121.644 0
130.316 0
139.061 0
147.761 0
156.305 0
165.011 0
173.725 0
182.434 0
191.124 0
199.827 0
208.616 0
217.328 0
225.922 0
234.632 0
243.284 0
252.009 0
260.801 0
269.438 0
278.169 0
286.882 0
295.601 0
304.285 0
312.995 0
321.672 0
330.447 0
347.945 0
356.645 0
365.392 0
374.052 0
382.849 0
391.536 0
400.307 0
409.042 0
417.809 0
426.551 0
435.215 0
444.046 0
452.721 0
461.510 0
470.097 0
478.836 0
487.676 0
496.373 0
505.107 0
513.888 0
522.607 0
531.330 0
540.138 0
548.887 0
557.616 0
566.446 0
575.103 0
583.814 0
592.591 0
601.441 0
610.165 0
618.933 0
627.751 0
636.539 0
645.268 0
654.253 0
662.930 0
671.792 0
689.362 0
698.252 0
707.076 0
715.946 0
724.707 0
733.497 0
742.163 0
750.968 0
759.959 0
768.616 0
777.368 0
786.385 0
795.075 0
803.994 0
812.741 0
821.590 0
830.378 0
839.359 0
848.162 0
856.932 0
865.852 0
874.618 0
883.504 0
892.400 0
901.368 0
910.080 0
919.067 0
927.972 0
936.935 0
945.762 0
954.579 0
963.503 0
972.385 0
981.396 0
990.212 0
999.225 0
1008.062 0
