# 0.470
17.616 0
26.293 0
34.948 0
43.688 0
52.371 0
61.135 0
69.789 0
78.541 0
87.255 0
95.816 0
104.516 0
113.233 0
122.033 0
130.703 0
139.328 0
148.156 0
156.652 0
165.544 0
174.074 0
182.743 0
191.519 0
200.296 0
208.901 0
217.648 0
226.172 0
234.923 0
243.706 0
252.390 0
261.099 0
269.797 0
278.530 0
287.263 0
295.994 0
304.598 0
313.363 0
321.917 0
330.701 0
348.266 0
356.980 0
365.642 0
374.410 0
383.178 0
391.870 0
400.660 0
409.328 0
418.138 0
426.865 0
435.561 0
444.384 0
453.038 0
461.771 0
470.516 0
479.183 0
487.911 0
496.657 0
505.505 0
514.263 0
522.777 0
531.583 0
540.294 0
549.131 0
557.838 0
566.702 0
575.391 0
584.175 0
592.872 0
601.720 0
610.375 0
619.151 0
628.030 0
636.750 0
645.431 0
654.519 0
663.230 0
671.904 0
689.596 0
698.405 0
707.187 0
716.033 0
724.866 0
733.591 0
742.397 0
751.167 0
760.057 0
768.899 0
777.731 0
786.370 0
795.320 0
804.135 0
812.931 0
821.827 0
830.509 0
839.461 0
848.134 0
857.080 0
865.993 0
874.774 0
883.717 0
892.541 0
901.372 0
910.221 0
919.231 0
928.062 0
937.089 0
945.890 0
954.707 0
963.776 0
972.538 0
981.512 0
990.302 0
999.279 0
1008.190 0
