# 0.470
15.530 0
23.838 0
32.469 0
41.468 0
50.029 0
58.724 0
67.481 0
76.232 0
84.780 0
93.500 0
102.278 0
111.037 0
119.655 0
128.535 0
137.195 0
145.822 0
154.206 0
163.194 0
171.968 0
180.628 0
189.346 0
197.850 0
206.566 0
215.484 0
224.110 0
232.931 0
241.402 0
249.867 0
258.757 0
267.216 0
276.489 0
285.113 0
293.773 0
302.250 0
311.148 0
319.649 0
328.495 0
346.043 0
354.769 0
363.342 0
372.335 0
381.043 0
389.606 0
398.569 0
407.018 0
415.936 0
424.637 0
433.526 0
442.171 0
450.879 0
459.443 0
468.205 0
476.923 0
485.800 0
494.377 0
503.454 0
512.077 0
520.680 0
529.323 0
538.360 0
546.892 0
555.865 0
564.442 0
573.485 0
582.120 0
590.868 0
599.600 0
608.452 0
617.147 0
625.681 0
634.600 0
643.315 0
652.086 0
660.897 0
669.695 0
687.428 0
696.295 0
704.872 0
713.865 0
722.526 0
731.215 0
740.239 0
749.184 0
757.921 0
766.781 0
775.536 0
784.467 0
793.414 0
802.153 0
810.822 0
819.887 0
828.515 0
837.476 0
846.132 0
855.062 0
863.928 0
873.002 0
881.507 0
890.563 0
899.380 0
908.321 0
917.119 0
926.035 0
934.633 0
943.618 0
952.447 0
961.347 0
970.224 0
979.219 0
988.016 0
997.135 0
1006.079 0
