# 0.470
33.002 0
42.074 0
50.817 0
59.693 0
68.498 0
77.562 0
86.209 0
95.176 0
103.799 0
112.888 0
121.724 0
130.517 0
139.097 0
148.175 0
157.049 0
165.883 0
174.655 0
183.402 0
192.339 0
201.125 0
209.938 0
218.469 0
227.368 0
236.336 0
245.019 0
253.702 0
262.422 0
271.052 0
280.194 0
288.793 0
297.946 0
306.249 0
315.474 0
324.365 0
341.719 0
359.326 0
368.094 0
376.797 0
385.684 0
394.475 0
403.383 0
411.858 0
420.828 0
429.663 0
438.512 0
447.164 0
455.715 0
464.154 0
473.156 0
481.948 0
490.768 0
499.542 0
508.184 0
516.742 0
525.250 1
534.139 0
543.272 0
551.879 0
560.683 0
569.057 0
577.970 0
586.716 0
595.346 0
603.814 0
612.990 0
621.705 0
630.566 0
639.211 0
647.962 0
656.674 0
665.441 0
674.268 0
683.066 0
691.569 0
700.434 0
708.992 0
717.697 0
726.272 0
735.033 0
743.852 0
752.528 0
761.124 0
769.839 0
778.690 0
787.275 0
796.063 0
804.969 0
813.187 0
821.954 0
830.830 0
839.313 0
848.235 0
857.106 0
865.500 0
874.250 0
882.782 0
891.806 0
900.405 0
909.000 0
918.153 0
926.549 0
935.532 0
943.988 0
952.781 0
961.311 0
969.917 0
979.024 0
987.321 0
996.504 0
1004.959 0
1013.557 0
1022.197 0
