# 0.470
5.637 0
14.185 0
22.976 0
31.424 0
40.176 0
49.020 0
57.565 0
66.374 0
74.886 0
83.687 0
92.315 0
100.807 0
109.657 0
118.397 0
127.009 0
135.664 0
144.424 0
153.131 0
161.696 0
170.500 0
179.109 0
187.818 0
196.457 0
205.193 0
214.037 0
222.549 0
231.178 0
239.918 0
248.716 0
257.247 0
266.067 0
274.902 0
283.652 0
292.139 0
301.173 0
309.568 0
318.262 0
326.937 0
335.732 0
344.508 0
353.082 0
361.772 0
370.644 0
379.317 0
388.047 0
396.755 0
405.427 0
414.312 0
422.915 0
431.714 0
440.274 0
449.182 0
457.738 0
466.552 0
475.289 0
483.829 0
492.843 0
501.409 0
510.163 0
518.882 0
527.802 0
536.395 0
545.123 0
562.802 0
580.210 0
588.941 0
597.600 0
606.460 0
615.106 0
623.838 0
632.628 0
641.493 0
650.391 0
659.138 0
667.921 0
676.698 0
685.384 0
694.219 0
703.019 0
711.814 0
720.734 0
729.324 0
738.162 0
746.882 0
755.879 0
764.503 0
773.233 0
782.202 0
791.037 0
799.771 0
808.616 0
817.450 0
826.252 0
835.191 0
843.951 0
852.856 0
861.643 0
870.394 0
879.236 0
888.330 0
897.017 0
905.830 0
914.816 0
923.752 0
932.604 0
941.370 0
950.284 0
959.294 0
968.109 0
977.011 0
985.929 0
994.900 0
