# 0.470
3.150 1
3.150 0
11.719 0
20.376 0
29.220 0
63.936 0
72.738 0
81.476 0
90.258 0
98.702 0
107.422 0
116.262 0
125.046 0
133.642 0
142.308 0
151.060 0
159.643 0
168.380 0
177.041 0
185.851 0
194.507 0
203.325 0
212.017 0
220.776 0
229.359 0
238.000 0
246.784 0
255.470 0
264.089 0
272.791 0
281.575 0
290.325 0
299.048 0
307.668 0
316.303 0
325.077 0
333.674 0
342.520 0
351.275 0
360.017 0
368.754 0
386.195 0
395.011 0
403.758 0
412.465 0
421.253 0
430.056 0
438.764 0
447.484 0
456.229 0
464.971 0
473.735 0
482.461 0
491.303 0
499.968 0
508.704 0
517.425 0
526.223 0
535.015 0
543.671 0
552.495 0
561.128 0
569.975 0
578.700 0
587.437 0
596.200 0
604.959 0
613.666 0
622.391 0
631.272 0
640.030 0
648.792 0
657.734 0
666.527 0
675.243 0
692.816 0
701.586 0
710.459 0
719.341 0
728.100 0
736.982 0
745.682 0
754.428 0
763.512 0
772.224 0
781.043 0
789.894 0
798.770 0
807.581 0
816.497 0
825.275 0
834.056 0
842.915 0
851.880 0
860.655 0
869.588 0
878.525 0
887.287 0
896.243 0
904.912 0
913.802 0
922.794 0
931.569 0
940.447 0
949.347 0
958.214 0
967.058 0
976.055 0
985.130 0
993.860 0
1002.859 0
1011.648 0
