# 0.470
16.867 0
25.593 0
34.241 0
42.957 0
51.656 0
60.328 0
69.085 0
77.796 0
86.558 0
95.168 0
103.846 0
112.533 0
121.262 0
129.994 0
138.714 0
147.458 0
155.946 0
164.772 0
173.404 0
182.297 0
190.831 0
199.493 0
208.289 0
217.031 0
225.559 0
234.205 0
243.063 0
251.798 0
260.319 0
269.155 0
277.939 0
286.639 0
295.386 0
304.097 0
312.795 0
321.404 0
330.097 0
347.634 0
356.301 0
365.150 0
373.852 0
382.612 0
391.321 0
399.982 0
408.802 0
417.566 0
426.274 0
435.011 0
443.699 0
452.393 0
461.233 0
469.950 0
478.779 0
487.460 0
496.170 0
504.841 0
513.576 0
522.306 0
530.994 0
539.971 0
548.672 0
557.321 0
566.288 0
575.143 0
583.740 0
592.559 0
601.284 0
610.170 0
618.899 0
627.609 0
636.342 0
645.096 0
654.063 0
662.843 0
671.599 0
689.172 0
697.964 0
706.689 0
715.666 0
724.408 0
733.228 0
741.947 0
750.847 0
759.925 0
768.552 0
777.366 0
786.211 0
794.924 0
803.851 0
812.681 0
821.506 0
830.357 0
839.173 0
848.019 0
856.793 0
865.675 0
874.508 0
883.457 0
892.442 0
901.148 0
910.035 0
918.995 0
928.123 0
936.846 0
945.734 0
954.584 0
963.513 0
972.350 0
981.299 0
990.229 0
999.203 0
1008.118 0
