# 0.470
24.378 0
33.190 0
42.145 0
51.035 0
60.036 0
68.947 0
77.759 0
86.769 0
95.612 0
104.571 0
113.276 0
122.176 0
131.172 0
139.837 0
148.764 0
157.760 0
166.303 0
175.439 0
184.153 0
192.986 0
201.691 0
210.540 0
219.484 0
228.265 0
237.208 0
245.928 0
254.530 0
263.521 0
272.182 0
281.173 0
290.081 0
298.782 0
307.757 0
316.424 0
325.373 0
334.292 0
342.977 0
360.579 0
369.375 0
378.167 0
386.986 0
395.586 0
404.511 0
413.263 0
422.025 0
430.748 0
439.544 0
448.290 0
457.105 0
465.830 0
474.554 0
483.268 0
491.936 0
500.667 0
509.536 0
518.165 0
527.129 0
535.709 0
544.412 0
553.243 0
561.979 0
570.677 0
579.508 0
588.084 0
596.782 0
605.603 0
614.353 0
623.164 0
631.824 0
640.672 0
649.285 0
658.189 0
666.865 0
675.578 0
684.291 0
701.783 0
710.428 0
719.222 0
727.857 0
736.471 0
745.204 0
753.862 0
762.669 0
771.328 0
780.102 0
788.927 0
797.589 0
806.240 0
814.768 0
823.541 0
832.190 0
840.947 0
849.705 0
858.392 0
867.019 0
875.792 0
884.395 0
893.040 0
901.804 0
910.427 0
919.303 0
928.063 0
936.783 0
945.334 0
954.045 0
962.708 0
971.452 0
980.129 0
988.883 0
997.627 0
1006.156 0
1014.973 0
