# 0.470
24.766 0
33.652 0
42.754 0
51.420 0
60.380 0
69.358 0
78.129 0
87.269 0
95.747 0
104.941 0
113.461 0
122.770 0
131.422 0
140.125 0
149.127 0
157.897 0
166.605 0
175.658 0
184.680 0
193.338 0
202.302 0
211.043 0
220.094 0
228.679 0
237.650 0
246.361 0
255.089 0
264.023 0
272.666 0
281.676 0
290.421 0
299.211 0
308.088 0
316.679 0
325.727 0
334.514 0
343.346 0
360.924 0
369.845 0
378.557 0
387.275 0
396.048 0
404.926 0
413.707 0
422.392 0
431.216 0
439.954 0
448.779 0
457.344 0
466.252 0
474.862 0
483.622 0
492.431 0
501.106 0
510.064 0
518.588 0
527.515 0
536.052 0
544.826 0
553.609 0
562.229 0
571.030 0
579.949 0
588.641 0
597.295 0
605.997 0
614.853 0
623.637 0
632.242 0
640.939 0
649.687 0
658.534 0
667.261 0
675.906 0
684.561 0
702.087 0
710.827 0
719.485 0
728.301 0
736.829 0
745.728 0
754.380 0
762.989 0
771.698 0
780.243 0
789.041 0
797.899 0
806.662 0
815.107 0
824.043 0
832.718 0
841.347 0
849.926 0
858.815 0
867.230 0
876.093 0
884.645 0
893.444 0
902.184 0
910.653 0
919.411 0
928.395 0
936.968 0
945.587 0
954.294 0
963.227 0
971.788 0
980.359 0
989.194 0
997.783 0
1006.483 0
1015.214 0
