# 0.470
16.959 0
25.740 0
34.272 0
42.951 0
51.833 0
60.562 0
69.161 0
77.793 0
86.582 0
95.237 0
103.929 0
112.548 0
121.386 0
130.148 0
138.672 0
147.465 0
156.048 0
164.820 0
173.566 0
182.296 0
190.896 0
199.634 0
208.316 0
216.990 0
225.690 0
234.252 0
243.084 0
251.698 0
260.544 0
269.211 0
277.937 0
286.542 0
295.417 0
304.019 0
312.684 0
321.242 0
330.076 0
347.564 0
356.268 0
365.128 0
373.770 0
382.641 0
391.165 0
400.007 0
408.656 0
417.404 0
426.208 0
434.985 0
443.619 0
452.412 0
461.127 0
469.923 0
478.690 0
487.421 0
496.087 0
504.857 0
513.576 0
522.511 0
531.168 0
539.904 0
548.721 0
557.327 0
566.212 0
574.817 0
583.793 0
592.534 0
601.267 0
609.943 0
618.705 0
627.509 0
636.226 0
645.100 0
654.082 0
662.661 0
671.421 0
689.185 0
697.931 0
706.732 0
715.577 0
724.455 0
733.150 0
741.981 0
750.860 0
759.744 0
768.554 0
777.296 0
786.057 0
794.925 0
803.760 0
812.575 0
821.384 0
830.361 0
839.135 0
847.891 0
856.704 0
865.624 0
874.565 0
883.367 0
892.280 0
901.113 0
909.986 0
918.874 0
927.666 0
936.599 0
945.428 0
954.342 0
963.314 0
972.168 0
981.083 0
989.849 0
998.915 0
1007.754 0
