# 0.470
21.502 0
30.328 0
39.382 0
48.201 0
57.159 0
66.148 0
75.105 0
84.022 0
92.903 0
101.998 0
110.800 0
119.694 0
128.643 0
137.220 0
146.369 0
155.123 0
163.814 0
172.729 0
181.806 0
190.492 0
199.421 0
208.385 0
217.075 0
225.838 0
234.945 0
243.649 0
252.579 0
261.447 0
270.135 0
279.058 0
287.918 0
296.720 0
305.527 0
314.282 0
323.078 0
331.996 0
340.790 0
358.374 0
367.252 0
375.886 0
384.852 0
393.510 0
402.299 0
411.096 0
419.839 0
428.888 0
437.542 0
446.440 0
455.227 0
464.024 0
472.665 0
481.470 0
490.238 0
498.916 0
507.749 0
516.530 0
525.341 0
534.099 0
542.838 0
551.679 0
560.283 0
569.253 0
577.927 0
586.714 0
595.417 0
604.112 0
613.016 0
621.804 0
630.300 0
639.056 0
647.960 0
656.681 0
665.387 0
674.115 0
682.813 0
700.409 0
708.883 0
717.693 0
726.313 0
735.099 0
743.801 0
752.529 0
761.225 0
769.961 0
778.778 0
787.465 0
796.224 0
804.934 0
813.518 0
822.180 0
830.994 0
839.669 0
848.319 0
857.132 0
865.784 0
874.410 0
883.199 0
891.850 0
900.634 0
909.255 0
917.899 0
926.730 0
935.421 0
943.873 0
952.629 0
961.390 0
970.145 0
978.824 0
987.529 0
996.191 0
1004.786 0
1013.547 0
