# 0.470
24.077 0
32.968 0
41.866 0
50.782 0
59.672 0
68.563 0
77.567 0
86.345 0
95.229 0
104.119 0
112.860 0
121.952 0
130.720 0
139.524 0
148.394 0
157.226 0
166.093 0
175.092 0
183.866 0
192.760 0
201.629 0
210.397 0
219.096 0
227.972 0
236.860 0
245.678 0
254.410 0
263.359 0
271.961 0
280.977 0
289.628 0
298.574 0
307.267 0
316.077 0
325.003 0
333.634 0
342.490 0
360.115 0
368.875 0
377.609 0
386.494 0
395.267 0
403.960 0
412.782 0
421.536 0
430.260 0
439.054 0
447.779 0
456.577 0
465.285 0
474.051 0
482.815 0
491.509 0
500.323 0
509.137 0
517.788 0
526.520 0
535.271 0
544.098 0
552.765 0
561.382 0
570.188 0
579.020 0
587.625 0
596.558 0
605.157 0
614.080 0
622.730 0
631.377 0
640.120 0
648.796 0
657.636 0
666.299 0
675.068 0
683.722 0
701.271 0
709.946 0
718.588 0
727.197 0
735.927 0
744.685 0
753.221 0
762.251 0
770.805 0
779.472 0
788.300 0
797.233 0
805.751 0
814.332 0
823.094 0
831.683 0
840.498 0
848.958 0
857.903 0
866.643 0
875.348 0
883.997 0
892.638 0
901.323 0
910.093 0
918.784 0
927.459 0
936.212 0
944.855 0
953.597 0
962.207 0
970.885 0
979.614 0
988.233 0
996.969 0
1005.577 0
1014.107 0
