# 0.470
15.579 0
24.352 0
33.013 0
41.654 0
50.320 0
59.079 0
67.750 0
76.560 0
85.287 0
93.809 0
102.575 0
111.255 0
120.033 0
128.745 0
137.438 0
146.202 0
154.753 0
163.414 0
172.087 0
180.982 0
189.555 0
198.478 0
206.939 0
215.762 0
224.262 0
233.002 0
241.714 0
250.425 0
259.236 0
267.870 0
276.523 0
285.268 0
294.001 0
302.744 0
311.215 0
320.116 0
328.757 0
346.123 0
354.909 0
363.636 0
372.326 0
381.039 0
389.799 0
398.609 0
407.237 0
416.098 0
424.741 0
433.570 0
442.394 0
450.947 0
459.716 0
468.583 0
477.231 0
485.959 0
494.686 0
503.490 0
512.190 0
520.985 0
529.756 0
538.417 0
547.147 0
555.922 0
564.639 0
573.461 0
582.129 0
590.801 0
599.670 0
608.397 0
617.074 0
625.890 0
634.610 0
643.388 0
652.300 0
661.079 0
669.868 0
687.381 0
696.201 0
705.002 0
713.910 0
722.642 0
731.463 0
740.258 0
749.023 0
757.953 0
766.735 0
775.506 0
784.300 0
793.099 0
802.105 0
810.783 0
819.794 0
828.475 0
837.450 0
846.282 0
854.978 0
863.938 0
872.748 0
881.593 0
890.596 0
899.244 0
908.053 0
917.047 0
925.995 0
934.841 0
943.585 0
952.405 0
961.425 0
970.294 0
979.149 0
988.047 0
997.086 0
1005.849 0
