# 0.470
22.055 0
30.893 0
39.984 0
48.853 0
57.647 0
66.630 0
75.534 0
84.532 0
93.307 0
102.340 0
111.144 0
119.919 0
128.757 0
137.610 0
146.730 0
155.582 0
164.400 0
173.329 0
182.100 0
190.878 0
199.777 0
208.780 0
217.325 0
226.255 0
235.300 0
243.977 0
252.887 0
261.680 0
270.370 0
279.293 0
288.239 0
296.889 0
305.727 0
314.400 0
323.265 0
332.212 0
340.951 0
358.505 0
367.121 0
375.746 0
384.666 0
393.618 0
402.340 0
411.048 0
419.823 0
428.545 0
437.278 0
446.139 0
454.831 0
463.601 0
472.406 0
481.259 0
489.840 0
498.680 0
507.487 0
516.305 0
525.071 0
533.728 0
542.520 0
551.321 0
560.027 0
568.814 0
577.513 0
586.283 0
594.999 0
603.677 0
612.547 0
621.299 0
630.071 0
638.570 0
647.278 0
656.227 0
664.776 0
673.573 0
682.178 0
699.785 0
708.443 0
717.241 0
725.733 0
734.474 0
743.213 0
751.825 0
760.614 0
769.519 0
778.049 0
786.695 0
795.588 0
804.253 0
812.855 0
821.508 0
830.184 0
839.034 0
847.824 0
856.492 0
865.164 0
873.881 0
882.492 0
891.090 0
899.874 0
908.548 0
917.451 0
926.129 0
934.792 0
943.285 0
952.075 0
960.760 0
969.374 0
978.209 0
986.893 0
995.645 0
1004.226 0
1013.003 0
