# 0.470
16.272 0
24.872 0
33.361 0
42.217 0
50.821 0
59.633 0
68.315 0
77.050 0
85.722 0
94.372 0
103.001 0
111.781 0
120.455 0
129.275 0
137.888 0
146.692 0
155.263 0
163.819 0
172.545 0
181.377 0
190.102 0
198.777 0
207.429 0
216.168 0
224.661 0
233.429 0
242.223 0
250.894 0
259.617 0
268.311 0
276.981 0
285.706 0
294.346 0
303.100 0
311.655 0
320.380 0
329.120 0
346.541 0
355.266 0
363.885 0
372.730 0
381.414 0
390.024 0
398.799 0
407.549 0
416.249 0
424.982 0
433.755 0
442.454 0
451.201 0
459.996 0
468.669 0
477.403 0
486.144 0
494.853 0
503.536 0
512.242 0
521.111 0
529.827 0
538.503 0
547.312 0
556.049 0
564.788 0
573.498 0
582.288 0
590.958 0
599.683 0
608.461 0
617.145 0
625.898 0
634.640 0
643.258 0
652.223 0
661.029 0
669.808 0
687.352 0
696.056 0
704.786 0
713.698 0
722.570 0
731.217 0
739.971 0
748.667 0
757.729 0
766.390 0
775.141 0
784.036 0
792.921 0
801.719 0
810.541 0
819.323 0
828.021 0
836.976 0
845.811 0
854.557 0
863.488 0
872.320 0
881.109 0
890.001 0
898.668 0
907.602 0
916.468 0
925.228 0
934.127 0
943.014 0
951.791 0
960.716 0
969.532 0
978.491 0
987.234 0
996.162 0
1005.104 0
