# 0.470
28.594 0
37.507 0
46.454 0
55.340 0
64.130 0
73.014 0
82.029 0
90.879 0
99.497 0
108.494 0
117.341 0
126.231 0
134.986 0
143.822 0
152.754 0
161.586 0
170.320 0
179.292 0
187.991 0
196.834 0
205.674 0
214.504 0
223.422 0
232.061 0
241.112 0
249.945 0
258.764 0
267.359 0
276.328 0
285.211 0
293.925 0
302.715 0
311.481 0
320.314 0
329.119 0
338.020 0
346.819 0
364.246 0
372.946 0
381.690 0
390.593 0
399.259 0
408.151 0
416.908 0
425.558 0
434.316 0
442.976 0
451.688 0
460.457 0
469.242 0
477.916 0
486.733 0
495.377 0
504.087 0
512.725 0
521.457 0
530.206 0
539.089 0
547.809 0
556.632 0
565.237 0
574.084 0
582.716 0
591.498 0
600.217 0
608.978 0
617.726 0
626.400 0
635.098 0
643.843 0
652.599 0
661.334 0
670.101 0
678.773 0
687.366 0
704.865 0
713.598 0
722.202 0
730.881 0
739.528 0
748.190 0
756.882 0
765.704 0
774.153 0
782.829 0
791.700 0
800.418 0
809.057 0
817.641 0
826.469 0
835.045 0
843.820 0
852.465 0
861.262 0
870.029 0
878.670 0
887.201 0
896.500 1
904.607 0
913.345 0
922.202 0
930.795 0
939.487 0
948.060 0
956.721 0
965.496 0
974.392 0
982.750 0
991.513 0
1000.280 0
1008.911 0
1017.649 0
