# 0.470
34.228 0
42.943 0
51.980 0
60.795 0
69.890 0
78.665 0
87.768 0
96.485 0
105.254 0
114.151 0
122.989 0
131.956 0
140.720 0
149.465 0
158.528 0
167.311 0
176.150 0
185.145 0
193.661 0
202.681 0
211.547 0
220.395 0
229.009 0
237.977 0
246.479 0
255.781 0
264.454 0
273.267 0
281.916 0
291.056 0
299.691 0
308.394 0
317.483 0
325.720 0
334.990 0
343.670 0
352.378 0
369.780 0
378.555 0
387.580 0
396.455 0
405.175 0
413.899 0
422.589 0
431.188 0
440.013 0
448.902 0
457.651 0
466.356 0
475.039 0
483.740 0
492.327 0
501.325 0
510.102 0
518.794 0
527.616 0
536.257 0
545.038 0
553.700 0
562.443 0
571.153 0
579.721 0
588.662 0
597.394 0
606.042 0
614.846 0
623.538 0
632.260 0
641.034 0
649.762 0
658.367 0
667.142 0
675.808 0
684.573 0
693.270 0
710.852 0
719.385 0
728.168 0
736.733 0
745.347 0
754.112 0
762.785 0
771.548 0
780.445 0
788.941 0
797.709 0
806.385 0
815.106 0
823.618 0
832.380 0
841.034 0
849.852 0
858.477 0
867.286 0
875.919 0
884.597 0
893.130 0
901.723 0
910.687 0
919.277 0
927.928 0
936.732 0
945.448 0
954.005 0
962.660 0
971.244 0
979.994 0
988.700 0
997.382 0
1006.106 0
1014.636 0
1023.362 0
