# 0.470
13.370 0
21.973 0
30.627 0
39.428 0
48.032 0
56.914 0
65.573 0
74.284 0
83.014 0
91.564 0
100.326 0
109.002 0
117.792 0
126.503 0
135.153 0
143.877 0
152.539 0
161.304 0
169.948 0
178.655 0
187.361 0
196.095 0
204.733 0
213.539 0
222.056 0
230.854 0
239.485 0
248.260 0
256.911 0
265.767 0
274.446 0
283.122 0
291.792 0
300.378 0
309.152 0
317.797 0
326.581 0
344.118 0
352.818 0
361.502 0
370.429 0
378.931 0
387.782 0
396.605 0
405.164 0
413.936 0
422.665 0
431.459 0
440.207 0
448.880 0
457.721 0
466.501 0
475.310 0
484.076 0
492.732 0
501.465 0
510.199 0
518.994 0
527.736 0
536.433 0
545.251 0
553.999 0
562.838 0
571.266 0
580.270 0
589.024 0
597.761 0
606.499 0
615.245 0
624.152 0
632.798 0
641.587 0
650.599 0
659.220 0
668.095 0
685.560 0
694.487 0
703.261 0
712.123 0
721.174 0
729.786 0
738.688 0
747.225 0
756.640 0
765.303 0
774.120 0
782.909 0
791.691 0
800.404 0
809.377 0
818.041 0
826.809 0
835.778 0
844.556 0
853.454 0
862.295 0
871.391 0
880.058 0
889.026 0
897.937 0
906.822 0
915.607 0
924.666 0
933.602 0
942.526 0
951.124 0
960.189 0
969.210 0
977.899 0
986.855 0
996.027 0
1004.841 0
