# 0.470
20.897 0
29.642 0
38.314 0
46.974 0
55.773 0
64.392 0
73.071 0
81.856 0
90.567 0
99.189 0
107.950 0
116.604 0
125.329 0
134.012 0
142.750 0
151.404 0
159.999 0
168.786 0
177.553 0
186.280 0
194.969 0
203.655 0
212.283 0
221.050 0
229.606 0
238.296 0
247.010 0
255.667 0
264.397 0
273.151 0
281.946 0
290.519 0
299.256 0
307.941 0
316.649 0
325.362 0
334.089 0
351.532 0
360.251 0
369.015 0
377.738 0
386.506 0
395.186 0
403.870 0
412.738 0
421.431 0
430.156 0
438.778 0
447.689 0
456.423 0
465.136 0
473.976 0
482.660 0
491.407 0
500.054 0
508.803 0
517.623 0
526.299 0
535.060 0
543.756 0
552.519 0
561.234 0
570.114 0
578.818 0
587.553 0
596.281 0
605.092 0
613.851 0
622.604 0
631.286 0
640.054 0
648.907 0
657.823 0
666.550 0
675.353 0
692.926 0
701.608 0
710.511 0
719.458 0
728.149 0
736.989 0
745.813 0
754.577 0
763.575 0
772.275 0
781.101 0
789.779 0
798.731 0
807.594 0
816.357 0
825.226 0
834.039 0
843.016 0
851.839 0
860.447 0
869.500 0
878.333 0
887.163 0
895.975 0
904.872 0
913.814 0
922.569 0
931.457 0
940.381 0
949.250 0
958.133 0
967.153 0
975.966 0
984.988 0
993.883 0
1002.740 0
1011.252 0
