# 0.470
27.942 0
36.836 0
45.645 0
54.500 0
63.367 0
72.209 0
81.186 0
89.933 0
98.814 0
107.855 0
116.772 0
125.568 0
134.267 0
143.239 0
152.112 0
161.006 0
169.789 0
178.689 0
187.705 0
196.377 0
205.152 0
214.128 0
222.777 0
231.726 0
240.607 0
249.331 0
258.126 0
267.088 0
275.718 0
284.824 0
293.603 0
302.419 0
311.075 0
319.849 0
328.691 0
337.596 0
346.385 0
363.979 0
372.760 0
381.573 0
390.396 0
399.084 0
407.885 0
416.729 0
425.407 0
433.996 0
442.878 0
451.713 0
460.398 0
469.181 0
477.960 0
486.640 0
495.395 0
504.106 0
512.877 0
521.693 0
530.541 0
539.163 0
547.873 0
556.584 0
565.359 0
574.182 0
582.890 0
591.751 0
600.302 0
609.024 0
617.757 0
626.677 0
635.336 0
644.062 0
652.675 0
661.488 0
670.182 0
678.992 0
687.746 0
705.152 0
713.783 0
722.494 0
731.125 0
739.864 0
748.530 0
757.240 0
765.902 0
774.802 0
783.403 0
792.116 0
800.844 0
809.537 0
818.135 0
826.836 0
835.613 0
844.218 0
853.006 0
861.739 0
870.379 0
879.117 0
887.729 0
896.533 0
905.137 0
913.969 0
922.747 0
931.227 0
940.079 0
948.610 0
957.346 0
966.095 0
974.755 0
983.562 0
992.174 0
1000.943 0
1009.585 0
1018.311 0
