# 0.470
4.557 0
12.315 0
19.892 0
27.450 0
34.987 0
42.646 0
50.314 0
57.740 0
65.317 0
72.928 0
80.643 0
88.275 0
95.934 0
103.600 0
110.974 0
118.664 0
126.321 0
133.967 0
141.501 0
149.159 0
156.771 0
164.398 0
171.963 0
179.487 0
187.132 0
194.806 0
202.297 0
210.006 0
217.651 0
225.291 0
233.027 0
240.490 0
248.184 0
255.771 0
263.480 0
271.111 0
278.843 0
286.392 0
294.008 0
301.474 0
309.289 0
317.000 0
324.581 0
332.170 0
339.882 0
347.524 0
355.278 0
362.936 0
370.607 0
378.251 0
385.933 0
393.564 0
401.091 0
408.519 0
416.472 0
423.897 0
431.724 0
439.333 0
447.144 0
454.642 0
462.375 0
470.058 0
477.528 0
485.405 0
492.893 0
500.700 0
508.432 0
515.817 0
523.589 0
531.408 0
539.019 0
546.687 0
554.164 0
561.898 0
569.592 0
577.247 0
584.767 0
592.573 0
600.235 0
607.835 0
615.497 0
623.208 0
631.073 0
638.664 0
646.283 0
653.894 0
661.699 0
669.176 0
677.013 0
684.602 0
692.443 0
700.016 0
707.695 0
715.455 0
723.039 0
730.845 0
738.408 0
746.115 0
753.914 0
761.449 0
769.150 0
776.755 0
784.460 0
792.064 0
799.967 0
807.564 0
815.108 0
822.934 0
830.483 0
838.334 0
845.881 0
853.642 0
861.210 0
868.949 0
876.542 0
884.418 0
892.091 0
899.784 0
907.427 0
915.146 0
922.739 0
930.467 0
938.082 0
945.617 0
953.375 0
961.111 0
968.834 0
976.480 0
984.311 0
991.850 0
999.599 0
1007.220 0
1014.852 0
1022.433 0
1030.060 0
1037.979 0
1045.601 0
1053.301 0
1060.938 0
1068.644 0
1076.402 0
1084.129 0
1091.805 0
1099.511 0
1107.121 0
1114.837 0
1122.386 0
1130.116 0
1137.842 0
1145.481 0
1153.105 0
1160.704 0
1168.571 0
1176.185 0
1183.925 0
1191.526 0
1199.415 0
1206.936 0
1214.866 0
1222.402 0
1230.144 0
1237.711 0
1245.423 0
1253.046 0
1260.801 0
1268.507 0
1276.081 0
1283.858 0
1291.414 0
1299.165 0
1306.794 0
1314.601 0
1322.200 0
1329.867 0
1337.542 0
1345.258 0
1352.902 0
1360.598 0
1368.181 0
1375.801 0
1383.500 0
1391.266 0
1398.771 0
1406.652 0
1414.306 0
1422.022 0
1429.737 0
1437.413 0
1444.994 0
1452.614 0
1460.361 0
1468.145 0
1475.592 0
1483.248 0
1490.992 0
1498.580 0
1506.364 0
1513.884 0
1521.653 0
1529.403 0
1536.933 0
1544.695 0
1552.372 0
1560.078 0
1567.777 0
1575.240 0
1582.988 0
1590.659 0
1598.367 0
1606.069 0
1613.717 0
1621.460 0
1629.014 0
1636.779 0
1644.406 0
1652.024 0
1659.637 0
1667.217 0
1675.006 0
1682.559 0
1690.320 0
1697.921 0
1705.641 0
1713.276 0
1720.829 0
1728.621 0
1736.325 0
1743.972 0
1751.513 0
1759.188 0
1766.716 0
1774.492 0
1782.145 0
1789.633 0
1797.429 0
1805.035 0
1812.573 0
1820.166 0
1827.920 0
1835.525 0
1843.174 0
1850.667 0
1858.437 0
1866.169 0
1873.585 0
1881.226 0
1888.873 0
1896.571 0
1904.048 0
1911.659 0
1919.216 0
1927.014 0
1934.659 0
1942.074 0
1949.756 0
1957.512 0
1964.843 0
1972.563 0
1980.338 0
1987.952 0
1995.329 0
2003.144 0
2010.633 0
2018.404 0
2026.116 0
2033.541 0
2041.121 0
