# 0.470
25.971 0
34.762 0
43.681 0
52.497 0
61.427 0
70.326 0
79.322 0
88.086 0
97.002 0
105.837 0
114.594 0
123.637 0
132.357 0
141.207 0
150.046 0
158.955 0
167.651 0
176.538 0
185.245 0
194.243 0
203.052 0
211.869 0
220.766 0
229.682 0
238.470 0
247.242 0
256.091 0
264.956 0
273.717 0
282.590 0
291.379 0
300.166 0
308.893 0
317.753 0
326.662 0
335.444 0
343.975 0
361.704 0
370.429 0
379.152 0
388.033 0
396.733 0
405.631 0
414.349 0
423.165 0
431.843 0
440.634 0
449.278 0
458.212 0
466.942 0
475.552 0
484.272 0
493.074 0
501.904 0
510.642 0
519.329 0
528.052 0
536.809 0
545.709 0
554.284 0
562.974 0
571.825 0
580.574 0
589.329 0
598.051 0
606.806 0
615.450 0
624.305 0
632.924 0
641.645 0
650.314 0
659.039 0
667.712 0
676.656 0
685.259 0
702.633 0
711.348 0
720.090 0
728.739 0
737.442 0
746.109 0
754.897 0
763.538 0
772.205 0
780.890 0
789.550 0
798.431 0
807.037 0
815.652 0
824.452 0
832.955 0
841.717 0
850.419 0
859.155 0
867.896 0
876.952 0
885.212 0
893.898 0
902.603 0
911.304 0
920.072 0
928.904 0
937.377 0
946.158 0
954.688 0
963.422 0
971.969 0
980.875 0
989.631 0
998.220 0
1006.765 0
1015.565 0
