# 0.470
20.460 0
29.227 0
37.903 0
46.550 0
55.289 0
63.912 0
72.688 0
81.269 0
90.015 0
98.577 0
107.289 0
115.982 0
124.715 0
133.423 0
142.201 0
150.894 0
159.438 0
168.179 0
176.873 0
185.499 0
194.306 0
202.917 0
211.668 0
220.245 0
228.803 0
237.616 0
246.312 0
254.930 0
263.602 0
272.303 0
281.136 0
289.686 0
298.558 0
307.370 0
316.064 0
324.728 0
333.374 0
350.922 0
359.495 0
368.298 0
377.044 0
385.693 0
394.376 0
403.202 0
411.887 0
420.686 0
429.394 0
438.093 0
446.854 0
455.594 0
464.292 0
473.086 0
481.745 0
490.467 0
499.152 0
507.989 0
516.590 0
525.326 0
534.026 0
542.877 0
551.632 0
560.222 0
569.069 0
577.658 0
586.485 0
595.218 0
604.103 0
612.820 0
621.585 0
630.312 0
639.102 0
647.935 0
656.853 0
665.487 0
674.300 0
691.805 0
700.805 0
709.369 0
718.160 0
727.064 0
735.826 0
744.696 0
753.511 0
762.344 0
771.199 0
780.026 0
788.646 0
797.638 0
806.349 0
815.198 0
824.074 0
832.804 0
841.758 0
850.578 0
859.305 0
868.152 0
876.997 0
885.876 0
894.749 0
903.541 0
912.312 0
921.358 0
930.254 0
939.042 0
947.898 0
956.793 0
965.697 0
974.682 0
983.551 0
992.476 0
1001.467 0
1010.245 0
