# 0.470
28.440 0
37.145 0
46.034 0
54.776 0
63.840 0
72.611 0
81.573 0
90.446 0
99.235 0
108.128 0
116.886 0
125.880 0
134.704 0
143.525 0
152.500 0
161.224 0
170.083 0
178.935 0
187.758 0
196.595 0
205.566 0
214.277 0
223.095 0
231.911 0
240.895 0
249.643 0
258.368 0
267.163 0
275.914 0
284.984 0
293.552 0
302.430 0
311.305 0
319.996 0
328.898 0
337.689 0
346.389 0
363.886 0
372.611 0
381.427 0
390.300 0
399.045 0
407.777 0
416.582 0
425.308 0
434.100 0
442.806 0
451.631 0
460.253 0
469.161 0
477.792 0
486.575 0
495.441 0
504.009 0
512.867 0
521.691 0
530.346 0
539.042 0
547.838 0
556.512 0
565.231 0
574.024 0
582.847 0
591.488 0
600.326 0
608.928 0
617.724 0
626.442 0
635.116 0
643.858 0
652.647 0
661.360 0
670.038 0
678.737 0
687.538 0
704.852 0
713.607 0
722.300 0
730.910 0
739.554 0
748.237 0
757.010 0
765.728 0
774.424 0
783.134 0
791.864 0
800.653 0
809.287 0
817.824 0
826.536 0
835.313 0
844.045 0
852.653 0
861.427 0
870.002 0
878.876 0
887.518 0
896.158 0
904.884 0
913.561 0
922.301 0
930.980 0
939.694 0
948.233 0
957.020 0
965.641 0
974.420 0
983.135 0
991.734 0
1000.512 0
1009.039 0
1017.784 0
