# 0.470
18.178 0
26.857 0
35.388 0
44.107 0
52.801 0
61.536 0
70.193 0
78.892 0
87.627 0
96.215 0
105.004 0
113.641 0
122.370 0
131.093 0
139.692 0
148.487 0
157.147 0
165.867 0
174.512 0
183.147 0
191.913 0
200.751 0
209.285 0
218.043 0
226.631 0
235.339 0
244.011 0
252.798 0
261.416 0
270.143 0
278.721 0
287.545 0
296.178 0
304.909 0
313.503 0
322.275 0
330.862 0
348.403 0
357.210 0
365.683 0
374.539 0
383.330 0
391.947 0
400.780 0
409.429 0
418.201 0
427.035 0
435.747 0
444.410 0
453.122 0
461.911 0
470.590 0
479.458 0
488.173 0
496.961 0
505.575 0
514.250 0
523.079 0
531.719 0
540.555 0
549.222 0
558.114 0
566.627 0
575.617 0
584.303 0
592.916 0
601.729 0
610.346 0
619.179 0
627.770 0
636.752 0
645.480 0
654.450 0
663.067 0
671.832 0
689.467 0
698.291 0
707.017 0
715.953 0
724.595 0
733.480 0
742.238 0
751.084 0
760.003 0
768.788 0
777.547 0
786.292 0
795.178 0
804.017 0
812.903 0
821.617 0
830.433 0
839.371 0
848.175 0
857.030 0
865.803 0
874.654 0
883.432 0
892.334 0
901.105 0
909.887 0
918.923 0
927.692 0
936.678 0
945.487 0
954.205 0
963.186 0
972.114 0
981.245 0
989.930 0
998.941 0
1007.741 0
