# 0.470
18.449 0
27.297 0
36.270 0
45.136 0
54.056 0
62.863 0
71.984 0
80.756 0
89.570 0
98.592 0
107.396 0
116.347 0
125.224 0
133.999 0
142.975 0
151.895 0
160.675 0
169.538 0
178.465 0
187.306 0
196.145 0
205.125 0
213.870 0
222.649 0
231.467 0
240.266 0
249.228 0
257.944 0
266.913 0
275.721 0
284.601 0
293.622 0
302.297 0
310.970 0
319.897 0
328.699 0
337.524 0
354.927 0
363.913 0
372.667 0
381.489 0
390.370 0
399.117 0
407.893 0
416.568 0
425.306 0
434.100 0
442.777 0
451.537 0
460.391 0
469.150 0
478.032 0
486.760 0
495.325 0
504.172 0
512.855 0
521.524 0
530.238 0
539.038 0
547.872 0
556.667 0
565.345 0
574.053 0
582.876 0
591.562 0
600.459 0
609.160 0
617.951 0
626.611 0
635.398 0
644.183 0
652.962 0
661.612 0
670.386 0
678.985 0
696.575 0
705.258 0
714.009 0
722.555 0
731.263 0
739.989 0
748.705 0
757.390 0
766.085 0
774.728 0
783.568 0
792.359 0
800.991 0
809.603 0
818.343 0
827.107 0
835.844 0
844.511 0
853.213 0
861.856 0
870.507 0
879.170 0
888.063 0
896.651 0
905.463 0
914.149 0
922.907 0
931.621 0
940.244 0
948.946 0
957.663 0
966.296 0
975.197 0
983.781 0
992.583 0
1001.121 0
1009.833 0
