# 0.470
22.582 0
31.513 0
40.540 0
49.431 0
58.390 0
67.255 0
76.286 0
85.012 0
93.985 0
102.852 0
111.666 0
120.637 0
129.570 0
138.252 0
147.209 0
155.912 0
164.826 0
173.737 0
182.831 0
191.496 0
200.406 0
209.198 0
218.052 0
226.670 0
235.784 0
244.470 0
253.392 0
262.133 0
271.026 0
279.799 0
288.677 0
297.521 0
306.203 0
315.106 0
323.924 0
332.605 0
341.397 0
359.074 0
367.934 0
376.625 0
385.489 0
394.350 0
403.098 0
412.019 0
420.589 0
429.309 0
437.984 0
446.880 0
455.641 0
464.410 0
473.144 0
482.020 0
490.744 0
499.425 0
508.038 0
516.844 0
525.548 0
534.386 0
543.050 0
551.501 0
560.622 0
569.294 0
577.992 0
586.830 0
595.573 0
604.126 0
613.019 0
621.732 0
630.490 0
639.185 0
648.023 0
656.732 0
665.452 0
674.184 0
682.879 0
700.374 0
709.016 0
717.717 0
726.392 0
735.023 0
743.819 0
752.560 0
761.301 0
770.078 0
778.620 0
787.325 0
796.069 0
804.800 0
813.310 0
822.102 0
830.724 0
839.467 0
848.128 0
856.879 0
865.599 0
874.351 0
882.978 0
891.695 0
900.271 0
909.079 0
917.790 0
926.397 0
935.315 0
943.790 0
952.589 0
961.267 0
970.054 0
978.716 0
987.617 0
996.053 0
1004.699 0
1013.365 0
