# 0.470
22.897 0
31.876 0
40.796 0
49.589 0
58.659 0
67.521 0
76.414 0
85.276 0
94.155 0
103.178 0
111.930 0
120.894 0
129.645 0
138.598 0
147.423 0
156.224 0
165.129 0
173.971 0
182.900 0
191.536 0
200.637 0
209.617 0
218.176 0
227.163 0
235.927 0
244.818 0
253.619 0
262.484 0
271.243 0
280.099 0
288.846 0
297.748 0
306.571 0
315.508 0
324.199 0
333.117 0
341.918 0
359.373 0
368.133 0
376.980 0
385.848 0
394.745 0
403.415 0
412.261 0
420.972 0
429.823 0
438.499 0
447.268 0
455.908 0
464.779 0
473.477 0
482.195 0
490.905 0
499.649 0
508.566 0
517.000 1
525.980 0
534.704 0
543.431 0
552.203 0
560.844 0
569.752 0
578.427 0
587.056 0
595.865 0
604.533 0
613.351 0
622.145 0
630.866 0
639.575 0
648.360 0
657.134 0
665.777 0
674.534 0
683.292 0
700.768 0
709.440 0
718.220 0
726.833 0
735.377 0
744.268 0
752.897 0
761.598 0
770.334 0
779.031 0
787.790 0
796.480 0
805.237 0
813.740 0
822.511 0
831.251 0
839.967 0
848.639 0
857.424 0
866.054 0
874.803 0
883.360 0
891.998 0
900.726 0
909.502 0
918.225 0
926.975 0
935.730 0
944.309 0
953.090 0
961.687 0
970.400 0
979.135 0
987.908 0
996.658 0
1005.200 0
1013.869 0
