# 0.470
15.858 0
24.472 0
33.229 0
41.931 0
50.533 0
59.288 0
68.066 0
76.852 0
85.543 0
94.079 0
102.715 0
111.440 0
120.288 0
128.783 0
137.618 0
146.366 0
155.060 0
163.710 0
172.445 0
181.150 0
189.872 0
198.612 0
207.183 0
215.996 0
224.531 0
233.270 0
242.013 0
250.651 0
259.420 0
268.057 0
276.857 0
285.375 0
294.184 0
302.904 0
311.412 0
320.211 0
328.933 0
346.437 0
355.064 0
363.947 0
372.623 0
381.293 0
390.047 0
398.770 0
407.375 0
416.220 0
425.026 0
433.677 0
442.471 0
451.193 0
459.803 0
468.593 0
477.350 0
486.135 0
494.855 0
503.702 0
512.323 0
521.110 0
529.827 0
538.565 0
547.248 0
556.088 0
564.814 0
573.539 0
582.123 0
590.901 0
599.650 0
608.457 0
617.206 0
625.920 0
634.745 0
643.458 0
652.479 0
661.160 0
669.919 0
687.480 0
696.222 0
705.068 0
713.913 0
722.456 0
731.524 0
740.209 0
749.071 0
757.846 0
766.769 0
775.510 0
784.291 0
793.155 0
802.011 0
810.834 0
819.499 0
828.378 0
837.176 0
846.152 0
854.963 0
863.845 0
872.637 0
881.597 0
890.269 0
899.201 0
908.012 0
916.950 0
925.724 0
934.604 0
943.578 0
952.418 0
961.283 0
970.064 0
979.138 0
987.856 0
996.953 0
1005.787 0
