# 0.470
22.032 0
30.712 0
39.234 0
47.908 0
56.492 0
65.278 0
74.122 0
82.698 0
91.550 0
100.089 0
108.688 0
117.497 0
126.075 0
134.842 0
143.535 0
152.125 0
160.772 0
169.503 0
178.205 0
186.869 0
195.708 0
204.331 0
213.080 0
221.884 0
230.479 0
239.135 0
247.859 0
256.515 0
265.223 0
274.013 0
282.712 0
291.400 0
300.106 0
308.868 0
317.382 0
326.205 0
334.891 0
352.413 0
360.884 0
369.799 0
378.509 0
387.207 0
395.792 0
404.527 0
413.281 0
422.262 0
430.825 0
439.607 0
448.221 0
457.007 0
465.701 0
474.475 0
483.232 0
491.984 0
500.662 0
509.438 0
518.131 0
526.999 0
535.704 0
544.349 0
553.144 0
561.999 0
570.790 0
579.455 0
588.201 0
597.007 0
605.771 0
614.547 0
623.311 0
631.955 0
640.765 0
649.511 0
658.169 0
667.144 0
675.892 0
693.526 0
702.314 0
711.147 0
720.009 0
728.690 0
737.447 0
746.271 0
755.073 0
763.911 0
772.761 0
781.469 0
790.310 0
799.138 0
807.968 0
816.844 0
825.732 0
834.485 0
843.373 0
852.178 0
860.975 0
869.883 0
878.826 0
887.539 0
896.467 0
905.379 0
914.072 0
923.076 0
931.884 0
940.906 0
949.773 0
958.514 0
967.411 0
976.469 0
985.335 0
994.167 0
1003.015 0
1011.879 0
