# 0.470
16.110 0
24.836 0
33.356 0
42.160 0
50.888 0
59.487 0
68.173 0
77.026 0
85.429 0
94.303 0
103.002 0
111.745 0
120.525 0
129.025 0
137.741 0
146.483 0
155.152 0
163.738 0
172.275 0
181.302 0
189.830 0
198.452 0
207.274 0
215.895 0
224.584 0
233.325 0
242.052 0
250.763 0
259.492 0
268.099 0
276.806 0
285.845 0
294.372 0
303.035 0
311.627 0
320.314 0
329.074 0
346.474 0
355.211 0
364.040 0
372.761 0
381.455 0
390.168 0
398.920 0
407.597 0
416.431 0
425.031 0
433.750 0
442.474 0
451.280 0
459.791 0
468.851 0
477.600 0
486.079 0
494.950 0
503.525 0
512.398 0
521.048 0
529.858 0
538.633 0
547.404 0
556.124 0
564.985 0
573.564 0
582.259 0
591.143 0
599.832 0
608.558 0
617.281 0
626.161 0
634.878 0
643.718 0
652.587 0
661.474 0
670.159 0
687.577 0
696.385 0
705.258 0
714.249 0
722.920 0
731.666 0
740.337 0
749.403 0
758.102 0
766.916 0
775.792 0
784.605 0
793.428 0
802.387 0
811.048 0
819.803 0
828.733 0
837.479 0
846.371 0
855.178 0
864.115 0
872.924 0
881.669 0
890.594 0
899.433 0
908.254 0
917.344 0
925.973 0
935.110 0
943.886 0
952.764 0
961.716 0
970.526 0
979.540 0
988.269 0
997.428 0
1006.194 0
