# 0.470
22.100 0
30.958 0
39.891 0
48.796 0
57.854 0
66.562 0
75.643 0
84.386 0
93.361 0
102.250 0
111.130 0
120.201 0
128.886 0
137.718 0
146.709 0
155.641 0
164.306 0
173.240 0
182.120 0
190.958 0
199.875 0
208.641 0
217.481 0
226.273 0
235.245 0
244.139 0
252.962 0
261.816 0
270.608 0
279.564 0
288.283 0
297.031 0
305.944 0
314.614 0
323.670 0
332.348 0
341.007 0
358.558 0
367.508 0
376.206 0
385.123 0
393.891 0
402.688 0
411.499 0
420.236 0
429.031 0
437.736 0
446.546 0
455.363 0
464.018 0
472.711 0
481.434 0
490.077 0
498.940 0
507.879 0
516.522 0
525.343 0
534.117 0
542.906 0
551.526 0
560.219 0
569.053 0
577.750 0
586.507 0
595.207 0
604.014 0
612.854 0
621.495 0
630.335 0
638.947 0
647.813 0
656.406 0
665.196 0
673.859 0
682.534 0
699.995 0
708.686 0
717.425 0
726.065 0
734.723 0
743.428 0
752.238 0
760.937 0
769.605 0
778.144 0
787.041 0
796.000 1
804.415 0
813.106 0
821.808 0
830.541 0
839.182 0
847.942 0
856.715 0
865.445 0
874.193 0
882.753 0
891.503 0
900.091 0
908.919 0
917.651 0
926.307 0
935.048 0
943.625 0
952.352 0
961.182 0
969.815 0
978.512 0
987.119 0
995.877 0
1004.460 0
1013.217 0
