# 0.470
29.678 0
38.458 0
47.419 0
56.260 0
65.142 0
73.981 0
83.018 0
91.783 0
100.572 0
109.675 0
118.493 0
127.447 0
136.048 0
145.070 0
154.085 0
162.831 0
171.525 0
180.592 0
189.347 0
198.168 0
207.192 0
215.979 0
224.789 0
233.489 0
242.351 0
251.173 0
260.009 0
268.622 0
277.375 0
286.493 0
295.235 0
304.061 0
312.848 0
321.520 0
330.376 0
339.116 0
347.920 0
365.336 0
374.301 0
382.955 0
391.611 0
400.686 0
409.424 0
418.264 0
426.971 0
435.719 0
444.502 0
453.226 0
461.890 0
470.675 0
479.426 0
488.187 0
496.907 0
505.723 0
514.458 0
523.271 0
531.862 0
540.660 0
549.301 0
558.081 0
566.841 0
575.529 0
584.297 0
593.030 0
601.745 0
610.525 0
619.185 0
627.942 0
636.644 0
645.328 0
654.071 0
662.768 0
671.529 0
680.238 0
688.971 0
706.421 0
715.058 0
723.838 0
732.391 0
741.121 0
749.862 0
758.487 0
767.235 0
776.027 0
784.701 0
793.413 0
802.400 0
810.908 0
819.524 0
828.168 0
836.842 0
845.468 0
854.214 0
862.985 0
871.651 0
880.290 0
888.879 0
897.592 0
906.304 0
915.000 0
923.667 0
932.385 0
941.117 0
949.691 0
958.424 0
967.060 0
975.815 0
984.571 0
993.237 0
1001.907 0
1010.507 0
1019.266 0
