# 0.470
26.101 0
34.906 0
43.815 0
52.668 0
61.551 0
70.444 0
79.237 0
88.236 0
96.904 0
105.958 0
114.742 0
123.719 0
132.439 0
141.277 0
150.272 0
158.899 0
167.831 0
176.836 0
185.690 0
194.550 0
203.231 0
212.327 0
221.025 0
229.851 0
238.824 0
247.511 0
256.326 0
265.061 0
273.886 0
282.820 0
291.699 0
300.406 0
309.195 0
318.018 0
326.750 1
335.738 0
344.417 0
361.953 0
370.686 0
379.424 0
388.260 0
397.075 0
405.862 0
414.634 0
423.263 0
432.015 0
441.009 0
449.524 0
458.341 0
467.090 0
475.936 0
484.639 0
493.354 0
502.102 0
510.916 0
519.563 0
528.296 0
537.173 0
545.867 0
554.735 0
563.327 0
572.125 0
580.733 0
589.670 0
598.299 0
607.073 0
615.789 0
624.562 0
633.274 0
641.957 0
650.741 0
659.441 0
668.080 0
676.730 0
685.461 0
702.951 0
711.683 0
720.412 0
729.061 0
737.700 0
746.297 0
755.102 0
763.823 0
772.496 0
781.148 0
789.924 0
798.563 0
807.300 0
815.948 0
824.653 0
833.241 0
842.100 0
850.834 0
859.520 0
868.202 0
876.926 0
885.578 0
894.271 0
902.898 0
911.479 0
920.413 0
929.063 0
937.751 0
946.334 0
955.067 0
963.819 0
972.518 0
981.113 0
989.840 0
998.599 0
1007.123 0
1015.919 0
