# 0.470
18.726 0
27.298 0
35.851 0
44.608 0
53.356 0
62.016 0
70.784 0
79.354 0
88.184 0
96.797 0
105.480 0
114.160 0
122.957 0
131.609 0
140.337 0
149.120 0
157.668 0
166.359 0
175.042 0
183.815 0
192.474 0
201.124 0
209.913 0
218.650 0
227.237 0
236.049 0
244.650 0
253.243 0
262.049 0
270.722 0
279.449 0
288.076 0
296.752 0
305.525 0
314.164 0
322.790 0
331.391 0
348.956 0
357.721 0
366.392 0
375.222 0
383.973 0
392.674 0
401.462 0
410.169 0
418.933 0
427.628 0
436.360 0
445.131 0
453.857 0
462.645 0
471.433 0
480.144 0
488.858 0
497.682 0
506.361 0
515.183 0
523.918 0
532.667 0
541.351 0
550.079 0
558.854 0
567.600 0
576.261 0
585.113 0
593.764 0
602.431 0
611.233 0
620.037 0
628.735 0
637.566 0
646.275 0
655.200 0
664.035 0
672.825 0
690.290 0
699.065 0
707.956 0
716.794 0
725.577 0
734.389 0
743.184 0
751.957 0
760.954 0
769.673 0
778.551 0
787.321 0
796.062 0
805.160 0
813.796 0
822.661 0
831.417 0
840.356 0
849.228 0
858.028 0
866.971 0
875.728 0
884.506 0
893.426 0
902.100 0
910.915 0
919.907 0
928.637 0
937.599 0
946.461 0
955.224 0
964.172 0
973.098 0
982.119 0
990.893 0
999.938 0
1008.000 1
