# 0.470
12.512 0
21.367 0
29.939 0
38.664 0
47.352 0
56.117 0
64.879 0
73.399 0
82.235 0
90.845 0
99.542 0
108.354 0
116.981 0
125.683 0
134.345 0
143.093 0
151.883 0
160.468 0
169.222 0
177.913 0
186.589 0
195.306 0
203.977 0
212.654 0
221.252 0
229.966 0
238.722 0
247.416 0
256.166 0
264.825 0
273.691 0
282.322 0
291.097 0
299.857 0
308.369 0
317.169 0
326.018 0
343.279 0
352.134 0
360.795 0
369.537 0
378.285 0
387.010 0
395.800 0
404.415 0
413.288 0
421.969 0
430.802 0
439.523 0
448.324 0
456.964 0
465.761 0
474.517 0
483.242 0
491.970 0
500.719 0
509.475 0
518.234 0
526.935 0
535.648 0
544.312 0
553.117 0
561.973 0
570.703 0
579.392 0
588.213 0
596.995 0
605.727 0
614.520 0
623.369 0
632.038 0
640.910 0
649.774 0
658.502 0
667.250 0
684.862 0
693.731 0
702.558 0
711.341 0
720.178 0
728.941 0
737.760 0
746.517 0
755.570 0
764.298 0
773.003 0
781.870 0
790.649 0
799.518 0
808.307 0
817.094 0
825.945 0
834.809 0
843.639 0
852.464 0
861.391 0
870.246 0
879.068 0
888.040 0
896.888 0
905.592 0
914.605 0
923.431 0
932.497 0
941.284 0
950.041 0
959.182 0
967.914 0
976.921 0
985.780 0
994.799 0
1003.515 0
