# 0.470
16.590 0
25.288 0
33.908 0
42.626 0
51.375 0
60.049 0
68.716 0
77.557 0
86.286 0
94.685 0
103.432 0
112.217 0
120.871 0
129.629 0
138.426 0
147.024 0
155.690 0
164.423 0
173.133 0
181.764 0
190.538 0
199.149 0
207.813 0
216.552 0
225.207 0
234.006 0
242.700 0
251.391 0
260.036 0
268.747 0
277.638 0
286.303 0
294.989 0
303.717 0
312.469 0
320.984 0
329.710 0
347.223 0
356.102 0
364.724 0
373.436 0
382.273 0
390.816 0
399.738 0
408.413 0
417.203 0
426.037 0
434.759 0
443.468 0
452.045 0
460.779 0
469.593 0
478.400 0
487.078 0
495.881 0
504.456 0
513.266 0
522.146 0
530.846 0
539.518 0
548.308 0
557.069 0
565.822 0
574.513 0
583.232 0
592.067 0
600.772 0
609.642 0
618.267 0
627.190 0
635.934 0
644.730 0
653.569 0
662.252 0
671.251 0
688.760 0
697.528 0
706.239 0
715.267 0
723.907 0
732.784 0
741.633 0
750.351 0
759.168 0
768.047 0
776.772 0
785.618 0
794.425 0
803.397 0
812.219 0
820.857 0
829.740 0
838.654 0
847.421 0
856.283 0
865.244 0
874.029 0
882.975 0
891.899 0
900.731 0
909.472 0
918.501 0
927.269 0
936.090 0
945.102 0
953.870 0
962.790 0
971.677 0
980.640 0
989.526 0
998.411 0
1007.336 0
