# 0.470
29.815 0
38.489 0
47.462 0
56.337 0
65.260 0
74.117 0
82.970 0
91.818 0
100.740 0
109.666 0
118.378 0
127.583 0
136.297 0
144.989 0
154.048 0
162.791 0
171.671 0
180.658 0
189.348 0
198.257 0
207.207 0
216.022 0
224.702 0
233.537 0
242.400 0
251.202 0
260.120 0
268.736 0
277.761 0
286.525 0
295.236 0
304.033 0
312.878 0
321.650 0
330.524 0
339.392 0
348.136 0
365.646 0
374.344 0
383.076 0
391.956 0
400.783 0
409.612 0
418.371 0
427.199 0
435.934 0
444.759 0
453.500 1
462.108 0
470.970 0
479.679 0
488.286 0
497.180 0
505.902 0
514.684 0
523.234 0
532.050 0
540.913 0
549.607 0
558.335 0
566.919 0
575.767 0
584.535 0
593.147 0
601.942 0
610.693 0
619.439 0
628.213 0
636.790 0
645.624 0
654.311 0
662.970 0
671.855 0
680.396 0
689.109 0
706.632 0
715.409 0
724.088 0
732.789 0
741.543 0
750.236 0
758.941 0
767.561 0
776.282 0
784.965 0
793.703 0
802.323 0
811.113 0
819.697 0
828.468 0
837.203 0
845.868 0
854.535 0
863.267 0
871.952 0
880.722 0
889.186 0
897.872 0
906.637 0
915.370 0
924.069 0
932.754 0
941.475 0
950.021 0
958.820 0
967.513 0
976.165 0
984.903 0
993.577 0
1002.364 0
1010.802 0
1019.483 0
