# 0.470
30.825 0
39.785 0
48.601 0
57.474 0
66.551 0
75.419 0
84.326 0
93.170 0
102.093 0
111.105 0
119.949 0
128.775 0
137.695 0
146.481 0
155.386 0
164.213 0
173.177 0
181.963 0
190.763 0
199.610 0
208.548 0
217.350 0
226.046 0
234.935 0
243.917 0
252.658 0
261.434 0
270.241 0
278.897 0
287.929 0
296.693 0
305.424 0
314.228 0
323.119 0
331.950 0
340.827 0
349.618 0
367.046 0
375.806 0
384.655 0
393.550 0
402.284 0
411.105 0
419.920 0
428.543 0
437.306 0
446.092 0
454.911 0
463.615 0
472.357 0
481.159 0
489.951 0
498.692 0
507.279 0
516.088 0
524.948 0
533.602 0
542.441 0
551.134 0
559.875 0
568.525 0
577.369 0
586.145 0
594.838 0
603.547 0
612.310 0
621.028 0
629.729 0
638.527 0
647.165 0
655.970 0
664.657 0
673.396 0
682.183 0
690.861 0
708.291 0
717.051 0
725.738 0
734.341 0
743.083 0
751.839 0
760.564 0
769.218 0
778.035 0
786.708 0
795.535 0
804.209 0
812.840 0
821.469 0
830.164 0
838.931 0
847.608 0
856.309 0
864.968 0
873.759 0
882.495 0
891.042 0
899.799 0
908.398 0
917.224 0
925.946 0
934.516 0
943.301 0
951.848 0
960.694 0
969.236 0
977.985 0
986.709 0
995.293 0
1004.177 0
1012.671 0
1021.439 0
