# 0.470
34.393 0
43.117 0
52.129 0
60.961 0
70.037 0
78.841 0
87.886 0
96.647 0
105.412 0
114.323 0
123.130 0
132.111 0
140.885 0
149.624 0
158.676 0
167.458 0
176.287 0
185.270 0
193.810 0
202.804 0
211.672 0
220.525 0
229.137 0
238.068 0
246.598 0
255.915 0
264.621 0
273.420 0
282.058 0
291.197 0
299.849 0
308.516 0
317.585 0
325.855 0
335.124 0
343.766 0
352.553 0
369.946 0
378.715 0
387.730 0
396.585 0
405.307 0
414.005 0
422.729 0
431.284 0
440.151 0
449.045 0
457.776 0
466.488 0
475.155 0
483.875 0
492.461 0
501.450 0
510.240 0
518.931 0
527.714 0
536.390 0
545.157 0
553.829 0
562.547 0
571.290 0
579.870 0
588.787 0
597.519 0
606.217 0
614.979 0
623.667 0
632.409 0
641.179 0
649.894 0
658.505 0
667.287 0
675.951 0
684.711 0
693.409 0
710.962 0
719.517 0
728.324 0
736.869 0
745.500 0
754.286 0
762.921 0
771.687 0
780.583 0
789.083 0
797.864 0
806.520 0
815.226 0
823.741 0
832.498 0
841.199 0
850.003 0
858.599 0
867.417 0
876.067 0
884.759 0
893.278 0
901.899 0
910.845 0
919.411 0
928.101 0
936.904 0
945.591 0
954.165 0
962.840 0
971.393 0
980.155 0
988.886 0
997.533 0
1006.261 0
1014.800 0
1023.509 0
