# 0.470
11.726 0
20.510 0
29.040 0
37.814 0
46.600 0
55.263 0
63.900 0
72.637 0
81.407 0
90.037 0
98.761 0
107.448 0
116.132 0
124.762 0
133.500 0
142.247 0
150.782 0
159.482 0
168.189 0
176.939 0
185.650 0
194.414 0
203.079 0
211.876 0
220.439 0
229.132 0
237.776 0
246.546 0
255.367 0
263.932 0
272.779 0
281.471 0
290.214 0
298.948 0
307.369 0
316.139 0
324.931 0
342.428 0
351.097 0
359.851 0
368.495 0
377.255 0
385.957 0
394.683 0
403.439 0
412.245 0
420.928 0
429.613 0
438.457 0
447.056 0
455.872 0
464.710 0
473.341 0
482.170 0
490.823 0
499.573 0
508.357 0
517.137 0
525.819 0
534.617 0
543.440 0
552.065 0
560.843 0
569.647 0
578.392 0
587.188 0
595.871 0
604.714 0
613.263 0
622.076 0
630.876 0
639.642 0
648.453 0
657.249 0
666.121 0
683.569 0
692.360 0
701.285 0
710.084 0
718.828 0
727.694 0
736.511 0
745.349 0
754.228 0
762.817 0
771.664 0
780.607 0
789.298 0
798.300 0
807.064 0
815.882 0
824.645 0
833.600 0
842.384 0
851.253 0
860.135 0
868.938 0
877.796 0
886.688 0
895.501 0
904.288 0
913.566 0
922.173 0
931.096 0
939.920 0
948.690 0
957.770 0
966.710 0
975.439 0
984.443 0
993.374 0
1002.284 0
