# 0.470
24.015 0
32.788 0
41.408 0
50.072 0
58.781 0
67.535 0
76.229 0
84.917 0
93.624 0
102.230 0
110.981 0
119.646 0
128.419 0
137.003 0
145.821 0
154.602 0
163.109 0
171.750 0
180.438 0
189.219 0
197.893 0
206.630 0
215.240 0
224.137 0
232.649 0
241.380 0
249.977 0
258.808 0
267.484 0
276.273 0
284.974 0
293.677 0
302.272 0
311.073 0
319.675 0
328.424 0
337.153 0
354.560 0
363.294 0
372.091 0
380.718 0
389.409 0
398.209 0
406.992 0
415.614 0
424.453 0
433.046 0
441.913 0
450.598 0
459.376 0
468.082 0
476.904 0
485.581 0
494.277 0
503.024 0
511.731 0
520.506 0
529.280 0
537.978 0
546.771 0
555.537 0
564.300 0
573.051 0
581.756 0
590.554 0
599.238 0
608.082 0
616.810 0
625.595 0
634.338 0
643.062 0
651.806 0
660.858 0
669.377 0
678.331 0
695.741 0
704.612 0
713.504 0
722.471 0
731.201 0
740.108 0
748.679 0
757.426 0
766.384 0
775.293 0
783.952 0
792.783 0
801.616 0
810.490 0
819.331 0
828.034 0
836.941 0
845.783 0
854.669 0
863.457 0
872.333 0
881.290 0
889.998 0
899.039 0
907.824 0
916.601 0
925.530 0
934.417 0
943.272 0
952.454 0
961.117 0
970.008 0
978.904 0
987.898 0
996.646 0
1005.688 0
1014.450 0
