# 0.470
22.288 0
30.866 0
39.542 0
48.158 0
56.983 0
65.559 0
74.334 0
83.039 0
91.655 0
100.200 0
108.998 0
117.712 0
126.301 0
135.114 0
143.720 0
152.486 0
161.118 0
169.811 0
178.508 0
187.187 0
196.013 0
204.589 0
213.310 0
222.088 0
230.739 0
239.305 0
248.062 0
256.824 0
265.356 0
274.048 0
282.946 0
291.563 0
300.405 0
308.981 0
317.656 0
326.223 0
335.037 0
352.554 0
361.166 0
369.972 0
378.736 0
387.333 0
396.074 0
404.693 0
413.370 0
422.210 0
430.960 0
439.619 0
448.342 0
456.994 0
465.820 0
474.539 0
483.238 0
492.011 0
500.790 0
509.536 0
518.352 0
526.977 0
535.772 0
544.547 0
553.211 0
561.930 0
570.816 0
579.538 0
588.265 0
597.047 0
605.835 0
614.494 0
623.217 0
632.076 0
640.720 0
649.596 0
658.413 0
667.192 0
676.085 0
693.501 0
702.315 0
711.057 0
719.909 0
728.788 0
737.451 0
746.260 0
754.953 0
763.908 0
772.675 0
781.539 0
790.203 0
799.141 0
808.086 0
816.839 0
825.609 0
834.422 0
843.374 0
852.313 0
861.126 0
870.017 0
878.802 0
887.611 0
896.567 0
905.344 0
914.077 0
923.164 0
931.829 0
940.877 0
949.592 0
958.377 0
967.542 0
976.353 0
985.215 0
994.137 0
1003.158 0
1011.936 0
