# 0.470
18.081 0
26.749 0
35.631 0
44.462 0
53.416 0
62.220 0
71.313 0
80.067 0
88.974 0
97.941 0
106.817 0
115.642 0
124.500 0
133.390 0
142.309 0
151.153 0
160.072 0
168.819 0
177.675 0
186.528 0
195.482 0
204.233 0
213.179 0
221.899 0
230.825 0
239.699 0
248.525 0
257.344 0
266.191 0
275.061 0
283.919 0
292.795 0
301.374 0
310.194 0
319.178 0
327.998 0
336.795 0
354.247 0
363.119 0
371.862 0
380.721 0
389.459 0
398.342 0
407.002 0
415.901 0
424.542 0
433.344 0
442.087 0
450.963 0
459.689 0
468.441 0
477.146 0
485.971 0
494.679 0
503.442 0
512.280 0
520.971 0
529.708 0
538.552 0
547.158 0
555.986 0
564.629 0
573.449 0
582.240 0
590.976 0
599.685 0
608.492 0
617.267 0
626.019 0
634.691 0
643.506 0
652.230 0
660.921 0
669.667 0
678.341 0
695.897 0
704.540 0
713.340 0
721.908 0
730.576 0
739.329 0
748.066 0
756.871 0
765.550 0
774.287 0
782.985 0
791.750 0
800.371 0
809.051 0
817.836 0
826.451 0
835.181 0
843.945 0
852.660 0
861.330 0
870.077 0
878.659 0
887.492 0
896.025 0
904.852 0
913.532 0
922.258 0
931.014 0
939.481 0
948.149 0
956.984 0
965.671 0
974.350 0
983.084 0
991.806 0
1000.287 0
1009.076 0
