# 0.470
26.166 0
34.871 0
43.330 0
52.174 0
60.822 0
69.653 0
78.266 0
86.849 0
95.738 0
104.224 0
112.855 0
121.606 0
130.190 0
138.967 0
147.728 0
156.423 0
165.084 0
173.766 0
182.419 0
191.309 0
199.944 0
208.422 0
217.236 0
225.992 0
234.477 0
243.120 0
251.876 0
260.652 0
269.221 0
277.974 0
286.619 0
295.348 0
304.160 0
312.907 0
321.490 0
330.028 0
338.802 0
356.297 0
364.904 0
373.747 0
382.449 0
391.226 0
400.103 0
408.557 0
417.253 0
426.079 0
434.978 0
443.569 0
452.477 0
461.238 0
469.739 0
478.830 0
487.328 0
495.865 0
504.690 0
513.307 0
522.210 0
530.655 0
539.690 0
548.401 0
556.996 0
565.819 0
574.783 0
583.316 0
591.970 0
600.731 0
609.647 0
618.245 0
626.943 0
635.686 0
644.454 0
653.240 0
662.178 0
679.768 0
688.500 1
697.181 0
705.985 0
714.785 0
723.660 0
732.388 0
741.181 0
750.232 0
759.084 0
767.732 0
776.457 0
785.376 0
794.114 0
802.715 0
811.917 0
820.522 0
829.427 0
838.092 0
847.072 0
856.041 0
864.547 0
873.709 0
882.402 0
891.483 0
900.284 0
909.049 0
917.820 0
926.734 0
935.724 0
944.406 0
953.388 0
962.330 0
971.080 0
979.876 0
989.031 0
997.833 0
1006.748 0
1015.510 0
