# 0.470
6.035 0
14.665 0
23.426 0
31.960 0
40.899 0
49.378 0
58.063 0
66.860 0
75.639 0
84.159 0
92.909 0
101.603 0
110.332 0
118.929 0
127.698 0
136.221 0
145.052 0
153.760 0
162.498 0
171.139 0
179.962 0
188.612 0
197.455 0
206.036 0
214.606 0
223.340 0
232.118 0
240.785 0
249.445 0
258.233 0
266.971 0
275.687 0
284.442 0
293.221 0
301.549 0
310.405 0
319.175 0
336.645 0
345.223 0
354.164 0
362.889 0
371.531 0
380.345 0
389.040 0
397.684 0
406.387 0
415.106 0
423.938 0
432.623 0
441.414 0
450.077 0
458.830 0
467.665 0
476.376 0
485.066 0
493.737 0
502.523 0
511.333 0
520.068 0
528.762 0
537.638 0
546.313 0
555.069 0
563.890 0
572.540 0
581.447 0
590.190 0
598.857 0
607.647 0
616.447 0
625.232 0
633.838 0
642.837 0
651.630 0
660.339 0
677.897 0
686.654 0
695.448 0
704.395 0
713.290 0
721.845 0
730.723 0
739.659 0
748.342 0
757.138 0
766.125 0
775.041 0
783.568 0
792.787 0
801.352 0
810.119 0
818.916 0
828.062 0
836.957 0
845.530 0
854.493 0
863.179 0
871.961 0
880.986 0
889.959 0
898.650 0
907.879 0
916.467 0
925.243 0
934.226 0
943.023 0
951.945 0
960.875 0
969.830 0
978.740 0
987.659 0
996.335 0
