# 0.470
10.334 0
19.176 0
27.635 0
36.432 0
45.011 0
53.757 0
62.538 0
71.209 0
80.009 0
88.623 0
97.244 0
105.994 0
114.817 0
123.472 0
132.253 0
140.928 0
149.494 0
158.259 0
166.949 0
175.643 0
184.404 0
193.085 0
201.740 0
210.432 0
219.019 0
227.765 0
236.451 0
245.245 0
253.877 0
262.751 0
271.319 0
280.067 0
288.871 0
297.476 0
306.091 0
314.886 0
323.619 0
341.051 0
349.874 0
358.552 0
367.165 0
376.042 0
384.809 0
393.472 0
402.212 0
410.980 0
419.791 0
428.476 0
437.125 0
445.949 0
454.737 0
463.364 0
472.119 0
481.033 0
489.795 0
498.479 0
507.159 0
516.038 0
524.731 0
533.499 0
542.137 0
550.887 0
559.637 0
568.392 0
577.045 0
586.038 0
594.628 0
603.581 0
612.420 0
621.018 0
629.749 0
638.504 0
647.370 0
656.346 0
665.016 0
682.674 0
691.471 0
700.289 0
709.251 0
717.878 0
726.727 0
735.657 0
744.188 0
753.263 0
762.093 0
770.963 0
779.779 0
788.552 0
797.533 0
806.148 0
815.181 0
823.820 0
832.654 0
841.778 0
850.429 0
859.336 0
868.135 0
877.091 0
885.912 0
894.751 0
903.673 0
912.611 0
921.353 0
930.434 0
939.226 0
947.980 0
957.040 0
965.817 0
974.950 0
983.698 0
992.704 0
1001.614 0
