# 0.470
18.000 1
26.500 1
34.426 0
43.359 0
52.341 0
61.104 0
70.184 0
78.930 0
87.800 0
96.741 0
105.604 0
114.511 0
123.426 0
132.265 0
141.126 0
149.989 0
158.721 0
167.696 0
176.520 0
185.310 0
194.265 0
202.965 0
211.736 0
220.616 0
229.601 0
238.490 0
247.153 0
256.091 0
264.818 0
273.672 0
282.506 0
291.280 0
300.166 0
308.842 0
317.815 0
326.631 0
335.558 0
344.000 1
352.813 0
370.453 0
379.397 0
388.122 0
396.856 0
405.802 0
414.466 0
423.228 0
432.134 0
440.881 0
449.644 0
458.230 0
467.041 0
475.785 0
484.522 0
493.261 0
501.993 0
510.689 0
519.520 0
528.266 0
536.916 0
545.765 0
554.567 0
563.243 0
572.015 0
580.658 0
589.531 0
598.302 0
607.162 0
615.967 0
624.533 0
633.371 0
642.000 0
650.682 0
659.472 0
668.291 0
676.889 0
694.299 0
703.130 0
711.870 0
720.407 0
729.147 0
737.841 0
746.639 0
755.372 0
764.070 0
772.723 0
781.544 0
790.135 0
798.822 0
807.484 0
816.226 0
824.837 0
833.676 0
842.247 0
850.987 0
859.747 0
868.502 0
877.043 0
885.874 0
894.510 0
903.197 0
912.002 0
920.748 0
929.444 0
938.122 0
946.747 0
955.474 0
964.183 0
972.888 0
981.655 0
990.354 0
998.956 0
1007.738 0
