# 0.470
12.211 0
21.114 0
30.134 0
38.988 0
47.950 0
56.766 0
65.694 0
74.550 0
83.440 0
92.337 0
101.195 0
110.210 0
119.063 0
127.871 0
136.876 0
145.564 0
154.496 0
163.344 0
172.234 0
181.073 0
190.019 0
199.022 0
207.607 0
216.431 0
225.377 0
234.352 0
243.144 0
251.849 0
260.548 0
269.480 0
278.275 0
287.232 0
296.020 0
304.741 0
313.664 0
322.457 0
331.223 0
348.728 0
357.628 0
366.296 0
375.248 0
384.051 0
392.845 0
401.700 0
410.397 0
419.150 0
427.639 0
436.604 0
445.417 0
454.180 0
462.935 0
471.764 0
480.389 0
489.106 0
497.814 0
506.717 0
515.473 0
524.231 0
532.963 0
541.674 0
550.433 0
559.202 0
567.894 0
576.652 0
585.351 0
594.076 0
602.846 0
611.618 0
620.292 0
629.002 0
637.794 0
646.474 0
655.285 0
663.855 0
672.554 0
690.055 0
698.972 0
707.603 0
716.231 0
724.963 0
733.676 0
742.249 0
751.021 0
759.719 0
768.507 0
777.197 0
785.889 0
794.655 0
803.235 0
811.969 0
820.858 0
829.431 0
838.081 0
846.768 0
855.464 0
864.109 0
872.730 0
881.548 0
890.085 0
898.887 0
907.570 0
916.390 0
925.017 0
933.619 0
942.246 0
951.023 0
959.792 0
968.502 0
977.241 0
985.855 0
994.331 0
1003.350 0
