# 0.470
14.693 0
23.459 0
32.002 0
40.678 0
49.560 0
58.282 0
66.902 0
75.521 0
84.314 0
92.971 0
101.654 0
110.282 0
119.130 0
127.890 0
136.425 0
145.211 0
153.782 0
162.554 0
171.293 0
180.020 0
188.621 0
197.362 0
206.042 0
214.724 0
223.413 0
231.981 0
240.809 0
249.422 0
258.258 0
266.929 0
275.662 0
284.256 0
293.121 0
301.744 0
310.399 0
318.980 0
327.806 0
345.276 0
354.005 0
362.867 0
371.486 0
380.370 0
388.903 0
397.748 0
406.395 0
415.151 0
423.945 0
432.709 0
441.339 0
450.150 0
458.861 0
467.641 0
476.402 0
485.143 0
493.813 0
502.564 0
511.274 0
520.201 0
528.858 0
537.573 0
546.396 0
555.023 0
563.892 0
572.486 0
581.461 0
590.211 0
598.933 0
607.618 0
616.359 0
625.178 0
633.900 0
642.749 0
651.731 0
660.297 0
669.064 0
686.818 0
695.551 0
704.365 0
713.199 0
722.098 0
730.784 0
739.631 0
748.499 0
757.377 0
766.198 0
774.956 0
783.712 0
792.583 0
801.420 0
810.226 0
819.048 0
827.995 0
836.760 0
845.534 0
854.345 0
863.259 0
872.206 0
881.003 0
889.894 0
898.740 0
907.624 0
916.523 0
925.307 0
934.239 0
943.070 0
951.982 0
960.946 0
969.804 0
978.715 0
987.487 0
996.536 0
1005.386 0
