# 0.470
23.193 0
32.004 0
41.014 0
49.791 0
58.755 0
67.719 0
76.688 0
85.596 0
94.440 0
103.529 0
112.291 0
121.187 0
130.110 0
138.659 0
147.795 0
156.519 0
165.201 0
174.095 0
183.221 0
191.866 0
200.767 0
209.708 0
218.368 0
227.125 0
236.231 0
244.943 0
253.812 0
262.674 0
271.328 0
280.256 0
289.096 0
297.858 0
306.690 0
315.423 0
324.209 0
333.137 0
341.928 0
359.454 0
368.319 0
376.948 0
385.901 0
394.535 0
403.330 0
412.100 0
420.834 0
429.914 0
438.526 0
447.431 0
456.210 0
464.970 0
473.577 0
482.387 0
491.170 0
499.845 0
508.664 0
517.432 0
526.243 0
534.984 0
543.711 0
552.552 0
561.186 0
570.123 0
578.777 0
587.561 0
596.266 0
604.947 0
613.819 0
622.616 0
631.088 0
639.805 0
648.730 0
657.455 0
666.156 0
674.876 0
683.565 0
701.113 0
709.616 0
718.420 0
727.049 0
735.797 0
744.512 0
753.246 0
761.958 0
770.667 0
779.473 0
788.179 0
796.922 0
805.667 0
814.219 0
822.880 0
831.656 0
840.348 0
849.010 0
857.847 0
866.495 0
875.100 0
883.894 0
892.526 0
901.335 0
909.946 0
918.600 0
927.450 0
936.127 0
944.553 0
953.337 0
962.132 0
970.829 0
979.514 0
988.273 0
996.944 0
1005.504 0
1014.267 0
