# 0.470
22.798 0
31.712 0
40.534 0
49.467 0
58.179 0
67.202 0
76.246 0
84.859 0
93.684 0
102.738 0
111.587 0
120.649 0
129.509 0
138.236 0
147.350 0
156.184 0
164.914 0
173.825 0
182.764 0
191.683 0
200.568 0
209.620 0
218.387 0
226.975 0
235.861 0
244.817 0
253.194 0
262.136 0
270.759 0
279.999 0
288.747 0
297.584 0
306.196 0
314.964 0
323.763 0
332.565 0
341.357 0
359.004 0
367.725 0
376.572 0
385.493 0
394.011 0
403.005 0
411.751 0
420.508 0
429.357 0
437.971 0
446.886 0
455.562 0
464.250 0
473.164 0
481.737 0
490.454 0
499.200 0
508.192 0
516.927 0
525.769 0
534.442 0
543.148 0
551.880 0
560.540 0
569.239 0
577.869 0
586.673 0
595.462 0
604.162 0
612.946 0
621.567 0
630.336 0
638.990 0
647.794 0
656.639 0
665.372 0
674.102 0
682.908 0
700.500 1
709.074 0
717.821 0
726.361 0
735.091 0
743.824 0
752.635 0
761.221 0
770.001 0
778.738 0
787.494 0
796.117 0
804.794 0
813.484 0
822.188 0
830.867 0
839.659 0
848.314 0
857.143 0
865.751 0
874.426 0
883.022 0
891.714 0
900.438 0
909.106 0
917.792 0
926.651 0
935.354 0
943.850 0
952.621 0
961.457 0
970.178 0
978.919 0
987.606 0
996.259 0
1004.887 0
1013.640 0
