# 0.470
18.609 0
27.433 0
36.052 0
44.781 0
53.437 0
62.154 0
70.777 0
79.543 0
88.396 0
96.892 0
105.510 0
114.286 0
122.999 0
131.661 0
140.302 0
149.090 0
157.648 0
166.375 0
175.069 0
183.887 0
192.521 0
201.230 0
209.936 0
218.589 0
227.172 0
235.984 0
244.701 0
253.413 0
262.005 0
270.689 0
279.474 0
288.183 0
296.885 0
305.576 0
314.206 0
323.037 0
331.762 0
349.173 0
357.932 0
366.651 0
375.337 0
384.153 0
392.817 0
401.602 0
410.329 0
419.037 0
427.759 0
436.525 0
445.199 0
453.929 0
462.707 0
471.406 0
480.191 0
488.881 0
497.677 0
506.353 0
515.060 0
523.808 0
532.609 0
541.287 0
550.080 0
558.848 0
567.507 0
576.303 0
585.042 0
593.788 0
602.645 0
611.239 0
620.092 0
628.907 0
637.604 0
646.429 0
655.266 0
664.043 0
672.782 0
690.342 0
699.199 0
707.898 0
716.797 0
725.596 0
734.364 0
743.204 0
751.997 0
760.803 0
769.640 0
778.351 0
787.306 0
796.038 0
805.008 0
813.708 0
822.536 0
831.354 0
840.259 0
849.026 0
857.899 0
866.829 0
875.635 0
884.358 0
893.338 0
902.171 0
910.863 0
919.879 0
928.802 0
937.728 0
946.466 0
955.452 0
964.391 0
973.222 0
982.155 0
990.979 0
999.999 0
1008.732 0
