# 0.470
17.007 0
25.640 0
34.151 0
42.991 0
51.563 0
60.404 0
69.089 0
77.848 0
86.537 0
95.199 0
103.826 0
112.616 0
121.331 0
130.137 0
138.709 0
147.555 0
156.102 0
164.699 0
173.425 0
182.285 0
190.986 0
199.692 0
208.364 0
217.098 0
225.571 0
234.348 0
243.172 0
251.899 0
260.619 0
269.290 0
277.976 0
286.688 0
295.365 0
304.118 0
312.707 0
321.432 0
330.156 0
347.617 0
356.360 0
364.969 0
373.800 0
382.528 0
391.166 0
399.928 0
408.703 0
417.416 0
426.162 0
434.974 0
443.650 0
452.429 0
461.255 0
469.931 0
478.669 0
487.417 0
496.174 0
504.842 0
513.519 0
522.448 0
531.165 0
539.857 0
548.670 0
557.437 0
566.210 0
574.932 0
583.719 0
592.410 0
601.171 0
609.947 0
618.658 0
627.418 0
636.187 0
644.831 0
653.811 0
662.631 0
671.437 0
689.025 0
697.747 0
706.481 0
715.403 0
724.345 0
732.983 0
741.754 0
750.457 0
759.565 0
768.233 0
777.014 0
785.918 0
794.869 0
803.661 0
812.529 0
821.337 0
830.060 0
839.045 0
847.909 0
856.687 0
865.625 0
874.518 0
883.329 0
892.243 0
900.914 0
909.887 0
918.778 0
927.573 0
936.498 0
945.446 0
954.250 0
963.215 0
972.064 0
981.027 0
989.796 0
998.779 0
1007.751 0
