# 0.470
16.341 0
25.023 0
33.700 0
42.294 0
51.063 0
59.810 0
68.672 0
77.365 0
86.050 0
94.560 0
103.294 0
112.054 0
120.607 0
129.358 0
138.098 0
146.763 0
155.509 0
164.188 0
172.820 0
181.513 0
190.226 0
199.033 0
207.716 0
216.459 0
225.085 0
233.815 0
242.482 0
251.264 0
259.980 0
268.633 0
277.488 0
286.152 0
294.881 0
303.594 0
312.197 0
320.986 0
329.654 0
347.227 0
355.892 0
364.580 0
373.344 0
382.272 0
390.897 0
399.596 0
408.241 0
417.220 0
425.838 0
434.491 0
443.354 0
452.091 0
460.806 0
469.531 0
478.222 0
486.964 0
495.643 0
504.329 0
513.178 0
522.015 0
530.764 0
539.441 0
548.322 0
557.060 0
565.910 0
574.485 0
583.397 0
592.106 0
600.860 0
609.606 0
618.334 0
627.166 0
635.863 0
644.741 0
653.674 0
662.484 0
671.260 0
688.757 0
697.657 0
706.358 0
715.225 0
724.144 0
732.969 0
741.569 0
750.493 0
759.429 0
768.316 0
777.156 0
785.725 0
794.410 0
803.429 0
812.368 0
821.173 0
829.906 0
838.932 0
847.771 0
856.658 0
865.477 0
874.331 0
883.235 0
892.256 0
900.966 0
909.885 0
918.892 0
927.689 0
936.724 0
945.543 0
954.260 0
963.359 0
972.159 0
981.109 0
990.010 0
999.004 0
1007.825 0
