# 0.470
25.801 0
34.607 0
43.554 0
52.442 0
61.322 0
70.158 0
79.266 0
88.015 0
96.828 0
105.827 0
114.686 0
123.593 0
132.313 0
141.119 0
150.183 0
158.997 0
167.801 0
176.694 0
185.487 0
194.258 0
203.190 0
211.960 0
220.835 0
229.634 0
238.619 0
247.232 0
256.107 0
264.994 0
273.719 0
282.629 0
291.367 0
300.153 0
308.936 0
317.838 0
326.694 0
335.454 0
344.267 0
361.666 0
370.587 0
379.401 0
388.223 0
397.138 0
405.807 0
414.650 0
423.317 0
432.130 0
440.792 0
449.516 0
458.240 0
467.009 0
475.758 0
484.476 0
493.404 0
502.023 0
510.683 0
519.584 0
528.238 0
537.010 0
545.664 0
554.525 0
563.293 0
571.979 0
580.449 0
589.414 0
598.152 0
606.856 0
615.569 0
624.403 0
633.081 0
641.840 0
650.662 0
659.303 0
668.165 0
676.774 0
685.552 0
703.036 0
711.783 0
720.371 0
729.037 0
737.805 0
746.449 0
755.052 0
763.843 0
772.521 0
781.277 0
790.096 0
798.696 0
807.444 0
815.976 0
824.558 0
833.474 0
842.132 0
850.675 0
859.476 0
868.193 0
877.019 0
885.538 0
894.273 0
902.880 0
911.711 0
920.320 0
929.121 0
937.831 0
946.373 0
955.086 0
963.765 0
972.404 0
981.284 0
990.033 0
998.788 0
1007.337 0
1016.057 0
