# 0.470
20.891 0
29.801 0
38.721 0
47.650 0
56.560 0
65.451 0
74.479 0
83.253 0
92.151 0
101.062 0
109.811 0
118.921 0
127.706 0
136.525 0
145.407 0
154.265 0
163.148 0
172.148 0
180.939 0
189.848 0
198.730 0
207.514 0
216.222 0
225.135 0
234.030 0
242.859 0
251.618 0
260.570 0
269.165 0
278.209 0
286.875 0
295.820 0
304.531 0
313.346 0
322.282 0
330.932 0
339.780 0
357.438 0
366.198 0
374.952 0
383.836 0
392.630 0
401.327 0
410.155 0
418.928 0
427.657 0
436.469 0
445.189 0
453.992 0
462.718 0
471.475 0
480.242 0
488.949 0
497.774 0
506.586 0
515.245 0
523.981 0
532.751 0
541.584 0
550.252 0
558.886 0
567.690 0
576.521 0
585.141 0
594.076 0
602.676 0
611.619 0
620.267 0
628.919 0
637.678 0
646.353 0
655.214 0
663.895 0
672.650 0
681.294 0
698.875 0
707.561 0
716.194 0
724.839 0
733.564 0
742.306 0
750.865 0
759.876 0
768.429 0
777.095 0
785.954 0
794.875 0
803.397 0
811.976 0
820.751 0
829.330 0
838.137 0
846.614 0
855.568 0
864.309 0
873.007 0
881.657 0
890.297 0
898.998 0
907.766 0
916.444 0
925.140 0
933.893 0
942.521 0
951.274 0
959.901 0
968.578 0
977.299 0
985.939 0
994.662 0
1003.286 0
1011.838 0
