# 0.470
24.964 0
33.783 0
42.797 0
51.646 0
60.496 0
69.386 0
78.430 0
87.160 0
95.998 0
104.929 0
113.753 0
122.672 0
131.575 0
140.428 0
149.332 0
158.142 0
166.921 0
175.882 0
184.791 0
193.670 0
202.479 0
211.333 0
220.168 0
228.805 0
237.836 0
246.587 0
255.358 0
264.262 0
273.059 0
281.888 0
290.799 0
299.437 0
308.265 0
317.123 0
326.028 0
334.716 0
343.596 0
361.182 0
369.976 0
378.791 0
387.718 0
396.415 0
405.301 0
413.940 0
422.768 0
431.441 0
440.324 0
449.076 0
457.727 0
466.527 0
475.267 0
483.937 0
492.787 0
501.536 0
510.221 0
518.964 0
527.739 0
536.545 0
545.071 0
553.931 0
562.784 0
571.395 0
580.229 0
589.034 0
597.626 0
606.326 0
615.065 0
623.777 0
632.604 0
641.351 0
650.096 0
658.773 0
667.546 0
676.313 0
684.960 0
702.451 0
711.258 0
719.924 0
728.518 0
737.199 0
746.032 0
754.661 0
763.485 0
772.144 0
780.791 0
789.525 0
798.274 0
806.873 0
815.546 0
824.304 0
833.014 0
841.663 0
850.333 0
859.007 0
867.834 0
876.575 0
885.112 0
893.830 0
902.462 0
911.209 0
919.943 0
928.677 0
937.410 0
945.906 0
954.762 0
963.352 0
972.148 0
980.960 0
989.685 0
998.300 0
1006.818 0
1015.717 0
