# 0.470
20.762 0
29.552 0
38.106 0
46.824 0
55.608 0
64.282 0
72.900 0
81.576 0
90.396 0
99.027 0
107.730 0
116.424 0
125.120 0
133.721 0
142.559 0
151.267 0
159.759 0
168.521 0
177.152 0
185.933 0
194.655 0
203.420 0
212.151 0
220.907 0
229.408 0
238.165 0
246.791 0
255.563 0
264.393 0
272.960 0
281.754 0
290.484 0
299.208 0
307.966 0
316.376 0
325.108 0
333.889 0
351.440 0
360.048 0
368.821 0
377.458 0
386.261 0
394.885 0
403.650 0
412.383 0
421.203 0
429.871 0
438.575 0
447.417 0
455.995 0
464.815 0
473.619 0
482.271 0
491.120 0
499.759 0
508.538 0
517.300 0
526.089 0
534.741 0
543.542 0
552.388 0
561.002 0
569.783 0
578.586 0
587.355 0
596.108 0
604.778 0
613.643 0
622.174 0
631.016 0
639.806 0
648.539 0
657.362 0
666.196 0
675.032 0
692.499 0
701.269 0
710.221 0
719.007 0
727.753 0
736.604 0
745.426 0
754.257 0
763.154 0
771.722 0
780.586 0
789.559 0
798.206 0
807.210 0
815.975 0
824.801 0
833.573 0
842.501 0
851.286 0
860.164 0
869.025 0
877.828 0
886.706 0
895.589 0
904.421 0
913.170 0
922.362 0
931.080 0
939.974 0
948.810 0
957.596 0
966.688 0
975.574 0
984.334 0
993.288 0
1002.284 0
1011.114 0
