# 0.470
18.270 0
27.031 0
35.635 0
44.455 0
53.184 0
61.861 0
70.603 0
79.276 0
87.917 0
96.497 0
105.138 0
113.966 0
122.679 0
131.330 0
140.045 0
148.728 0
157.354 0
166.050 0
174.747 0
183.372 0
192.062 0
200.824 0
209.493 0
218.380 0
226.999 0
235.529 0
244.385 0
253.077 0
261.918 0
270.425 0
279.176 0
287.897 0
296.627 0
305.448 0
313.983 0
322.736 0
331.470 0
348.840 0
357.622 0
366.380 0
375.200 0
383.878 0
392.740 0
401.321 0
410.124 0
418.776 0
427.634 0
436.335 0
444.952 0
453.736 0
462.415 0
471.228 0
479.973 0
488.743 0
497.409 0
506.177 0
514.949 0
523.650 0
532.411 0
541.244 0
549.926 0
558.547 0
567.482 0
576.213 0
584.911 0
593.797 0
602.546 0
611.364 0
619.997 0
628.715 0
637.572 0
646.479 0
655.369 0
664.067 0
672.835 0
690.338 0
699.180 0
707.886 0
716.804 0
725.734 0
734.368 0
743.112 0
751.931 0
760.993 0
769.660 0
778.524 0
787.256 0
796.020 0
804.926 0
813.744 0
822.529 0
831.291 0
840.277 0
849.266 0
857.941 0
866.857 0
875.791 0
884.495 0
893.476 0
902.284 0
911.137 0
920.141 0
929.062 0
937.816 0
946.699 0
955.684 0
964.598 0
973.504 0
982.423 0
991.193 0
1000.207 0
1009.064 0
