# 0.470
25.365 0
34.166 0
43.204 0
52.037 0
60.835 0
69.820 0
78.753 0
87.661 0
96.457 0
105.336 0
114.177 0
123.125 0
131.951 0
140.756 0
149.730 0
158.502 0
167.292 0
176.268 0
185.060 0
193.851 0
202.830 0
211.548 0
220.450 0
229.372 0
238.326 0
247.102 0
255.794 0
264.689 0
273.514 0
282.391 0
291.157 0
299.957 0
308.687 0
317.536 0
326.391 0
335.234 0
343.950 0
361.445 0
370.177 0
379.057 0
387.835 0
396.602 0
405.512 0
414.074 0
422.947 0
431.631 0
440.432 0
449.291 0
458.028 0
466.793 0
475.528 0
484.229 0
492.978 0
501.738 0
510.469 0
519.351 0
527.967 0
536.897 0
545.691 0
554.256 0
562.935 0
571.703 0
580.573 0
589.303 0
598.023 0
606.699 0
615.263 0
624.232 0
632.819 0
641.572 0
650.393 0
659.101 0
667.755 0
676.568 0
685.212 0
702.686 0
711.528 0
720.127 0
728.646 0
737.561 0
746.086 0
754.751 0
763.567 0
772.234 0
780.940 0
789.599 0
798.475 0
807.172 0
815.639 0
824.480 0
833.216 0
841.990 0
850.611 0
859.404 0
868.117 0
876.827 0
885.488 0
894.174 0
902.815 0
911.511 0
920.249 0
929.074 0
937.648 0
946.293 0
955.000 0
963.644 0
972.405 0
981.098 0
989.742 0
998.527 0
1007.173 0
1015.827 0
