# 0.470
18.484 0
27.205 0
35.845 0
44.467 0
53.225 0
61.992 0
70.693 0
79.382 0
88.133 0
96.673 0
105.439 0
114.266 0
122.915 0
131.542 0
140.247 0
148.925 0
157.736 0
166.334 0
175.055 0
183.806 0
192.610 0
201.304 0
210.038 0
218.669 0
227.310 0
235.973 0
244.667 0
253.410 0
261.843 0
270.690 0
279.579 0
288.350 0
296.871 0
305.691 0
314.326 0
322.850 0
331.722 0
349.148 0
357.939 0
366.508 0
375.279 0
384.065 0
392.724 0
401.497 0
410.081 0
418.952 0
427.668 0
436.372 0
445.080 0
453.903 0
462.527 0
471.486 0
480.193 0
488.910 0
497.545 0
506.356 0
515.096 0
523.848 0
532.692 0
541.377 0
550.124 0
558.788 0
567.575 0
576.317 0
585.080 0
593.912 0
602.504 0
611.212 0
620.034 0
628.734 0
637.581 0
646.342 0
655.269 0
663.986 0
672.886 0
690.301 0
699.234 0
707.896 0
716.770 0
725.642 0
734.397 0
743.175 0
751.946 0
760.795 0
769.659 0
778.378 0
787.238 0
796.033 0
805.003 0
813.780 0
822.656 0
831.331 0
840.330 0
849.146 0
857.898 0
866.918 0
875.721 0
884.509 0
893.519 0
902.475 0
911.063 0
920.067 0
928.859 0
937.791 0
946.611 0
955.359 0
964.444 0
973.280 0
982.229 0
991.109 0
1000.018 0
1008.882 0
