# 0.470
28.145 0
36.722 0
45.644 0
54.434 0
63.373 0
72.245 0
81.205 0
89.951 0
98.788 0
107.769 0
116.665 0
125.510 0
134.318 0
143.226 0
152.122 0
160.948 0
169.908 0
178.596 0
187.478 0
196.331 0
205.278 0
213.970 0
222.881 0
231.604 0
240.567 0
249.392 0
258.239 0
267.063 0
275.800 0
284.642 0
293.560 0
302.445 0
310.986 0
319.785 0
328.743 0
337.548 0
346.344 0
363.789 0
372.669 0
381.425 0
390.278 0
399.038 0
407.865 0
416.496 0
425.422 0
434.088 0
442.825 0
451.576 0
460.382 0
469.144 0
477.854 0
486.568 0
495.382 0
504.058 0
512.833 0
521.668 0
530.327 0
539.108 0
548.003 0
556.583 0
565.409 0
573.996 0
582.822 0
591.603 0
600.329 0
609.038 0
617.828 0
626.557 0
635.296 0
643.992 0
652.738 0
661.495 0
670.182 0
678.960 0
687.581 0
705.101 0
713.763 0
722.559 0
731.129 0
739.798 0
748.571 0
757.272 0
766.016 0
774.736 0
783.473 0
792.226 0
800.949 0
809.531 0
818.226 0
827.021 0
835.628 0
844.348 0
853.087 0
861.787 0
870.424 0
879.199 0
887.770 0
896.616 0
905.175 0
913.940 0
922.618 0
931.397 0
940.168 0
948.622 0
957.250 0
966.048 0
974.757 0
983.457 0
992.187 0
1000.893 0
1009.337 0
1018.196 0
