# 0.470
27.113 0
36.044 0
44.832 0
53.718 0
62.712 0
71.615 0
80.531 0
89.360 0
98.284 0
107.292 0
116.118 0
124.942 0
133.855 0
142.626 0
151.560 0
160.354 0
169.329 0
178.113 0
186.897 0
195.771 0
204.658 0
213.496 0
222.184 0
231.066 0
240.042 0
248.771 0
257.551 0
266.333 0
275.007 0
284.054 0
292.835 0
301.505 0
310.322 0
319.213 0
328.042 0
336.927 0
345.701 0
363.123 0
371.922 0
380.729 0
389.641 0
398.349 0
407.120 0
415.972 0
424.657 0
433.356 0
442.105 0
450.957 0
459.654 0
468.396 0
477.164 0
485.946 0
494.671 0
503.299 0
512.125 0
520.944 0
529.576 0
538.396 0
547.074 0
555.821 0
564.465 0
573.316 0
582.067 0
590.739 0
599.483 0
608.234 0
616.946 0
625.643 0
634.457 0
643.079 0
651.876 0
660.552 0
669.302 0
678.105 0
686.760 0
704.169 0
712.921 0
721.587 0
730.224 0
738.919 0
747.687 0
756.477 0
765.117 0
773.866 0
782.556 0
791.351 0
800.026 0
808.626 0
817.224 0
825.978 0
834.702 0
843.431 0
852.069 0
860.754 0
869.538 0
878.205 0
886.792 0
895.585 0
904.163 0
912.956 0
921.704 0
930.304 0
939.022 0
947.585 0
956.378 0
965.001 0
973.722 0
982.414 0
990.986 0
999.859 0
1008.367 0
1017.142 0
