# 0.470
19.664 0
28.459 0
37.047 0
45.715 0
54.475 0
63.179 0
71.898 0
80.515 0
89.300 0
97.892 0
106.581 0
115.287 0
124.060 0
132.578 0
141.409 0
150.206 0
158.714 0
167.361 0
176.001 0
184.750 0
193.448 0
202.186 0
210.816 0
219.722 0
228.171 0
236.947 0
245.504 0
254.338 0
262.996 0
271.788 0
280.485 0
289.174 0
297.742 0
306.578 0
315.104 0
323.899 0
332.591 0
350.042 0
358.700 0
367.561 0
376.186 0
384.894 0
393.637 0
402.423 0
411.019 0
419.899 0
428.454 0
437.319 0
446.020 0
454.798 0
463.465 0
472.278 0
480.987 0
489.612 0
498.376 0
507.056 0
515.811 0
524.602 0
533.289 0
542.062 0
550.844 0
559.587 0
568.293 0
577.037 0
585.824 0
594.500 0
603.356 0
612.043 0
620.838 0
629.581 0
638.274 0
647.069 0
656.053 0
664.595 0
673.534 0
690.941 0
699.773 0
708.683 0
717.624 0
726.365 0
735.296 0
743.824 0
752.529 0
761.515 0
770.436 0
779.055 0
787.904 0
796.696 0
805.569 0
814.394 0
823.073 0
832.019 0
840.814 0
849.695 0
858.491 0
867.365 0
876.298 0
885.017 0
894.029 0
902.833 0
911.570 0
920.506 0
929.387 0
938.234 0
947.397 0
956.053 0
964.985 0
973.978 0
982.845 0
991.571 0
1000.612 0
1009.354 0
