# 0.470
31.231 0
40.383 0
49.127 0
58.079 0
66.845 0
76.000 0
84.663 0
93.640 0
102.342 0
111.444 0
120.324 0
129.079 0
137.667 0
146.815 0
155.731 0
164.533 0
173.313 0
182.122 0
191.059 0
199.842 0
208.759 0
217.208 0
226.192 0
235.153 0
243.840 0
252.542 0
261.316 0
269.949 0
279.081 0
287.763 0
296.895 0
305.140 0
314.448 0
323.309 0
340.710 0
358.288 0
367.106 0
375.763 0
384.687 0
393.484 0
402.336 0
410.866 0
419.834 0
428.682 0
437.577 0
446.202 0
454.775 0
463.206 0
472.199 0
480.985 0
489.785 0
498.558 0
507.237 0
515.788 0
524.000 1
533.126 0
542.303 0
550.908 0
559.667 0
568.059 0
576.952 0
585.691 0
594.352 0
602.815 0
611.972 0
620.680 0
629.508 0
638.163 0
646.917 0
655.639 0
664.398 0
673.195 0
682.010 0
690.485 0
699.335 0
707.910 0
716.595 0
725.162 0
733.904 0
742.737 0
751.420 0
759.961 0
768.678 0
777.518 0
786.057 0
794.805 0
803.730 0
811.942 0
820.679 0
829.539 0
838.022 0
846.943 0
855.860 0
864.161 0
872.905 0
881.378 0
890.421 0
899.021 0
907.587 0
916.778 0
925.110 0
934.086 0
942.523 0
951.318 0
959.813 0
968.572 0
977.526 0
985.836 0
994.958 0
1003.416 0
1012.016 0
1020.579 0
