# 0.470
7.246 0
15.844 0
24.689 0
33.160 0
41.918 0
50.778 0
59.293 0
68.039 0
76.588 0
85.436 0
94.005 0
102.598 0
111.442 0
120.088 0
128.772 0
137.305 0
146.170 0
154.777 0
163.415 0
172.250 0
180.894 0
189.507 0
198.177 0
206.928 0
215.808 0
224.286 0
232.975 0
241.717 0
250.482 0
259.030 0
267.814 0
276.668 0
285.402 0
294.022 0
302.740 0
311.330 0
320.038 0
328.705 0
337.557 0
346.315 0
354.872 0
363.570 0
372.483 0
381.044 0
389.861 0
398.562 0
407.234 0
416.161 0
424.811 0
433.518 0
442.221 0
451.071 0
459.613 0
468.421 0
477.193 0
485.858 0
494.591 0
503.336 0
511.994 0
520.738 0
529.712 0
538.215 0
547.060 0
564.629 0
582.046 0
590.799 0
599.533 0
608.461 0
617.090 0
625.785 0
634.650 0
643.341 0
652.285 0
661.026 0
669.872 0
678.729 0
687.472 0
696.312 0
705.069 0
713.926 0
722.792 0
731.360 0
740.132 0
748.849 0
757.803 0
766.435 0
775.205 0
784.232 0
793.077 0
801.941 0
810.675 0
819.669 0
828.469 0
837.272 0
846.031 0
854.992 0
863.747 0
872.612 0
881.473 0
890.441 0
899.156 0
908.046 0
917.051 0
925.900 0
934.720 0
943.620 0
952.505 0
961.392 0
970.147 0
979.089 0
988.083 0
997.022 0
