# 0.470
31.458 0
40.461 0
49.308 0
58.139 0
67.184 0
76.141 0
84.833 0
93.806 0
102.677 0
111.597 0
120.509 0
129.319 0
138.151 0
147.211 0
156.139 0
164.820 0
173.825 0
182.540 0
191.403 0
200.244 0
209.093 0
218.035 0
226.817 0
235.617 0
244.385 0
253.255 0
262.130 0
270.857 0
279.784 0
288.429 0
297.301 0
306.042 0
314.945 0
323.802 0
341.209 0
358.829 0
367.706 0
376.408 0
385.366 0
394.086 0
402.928 0
411.672 0
420.525 0
429.218 0
437.930 0
446.767 0
455.495 0
464.180 0
472.898 0
481.713 0
490.381 0
499.066 0
508.006 0
516.660 0
525.449 0
534.255 0
543.026 0
551.674 0
560.370 0
569.143 0
577.979 0
586.698 0
595.350 0
604.140 0
612.853 0
621.601 0
630.272 0
638.998 0
647.746 0
656.382 0
665.129 0
674.500 1
682.705 0
691.448 0
700.235 0
708.785 0
717.566 0
726.160 0
734.975 0
743.547 0
752.336 0
761.009 0
769.741 0
778.493 0
787.169 0
795.926 0
804.468 0
813.284 0
821.905 0
830.552 0
839.412 0
848.059 0
856.644 0
865.572 0
874.103 0
882.696 0
891.426 0
900.057 0
908.815 0
917.505 0
926.290 0
934.936 0
943.418 0
952.188 0
960.902 0
969.555 0
978.327 0
987.061 0
995.851 0
1004.434 0
1013.106 0
1021.785 0
