# 0.470
5.871 0
15.082 0
23.586 0
31.974 0
40.898 0
49.538 0
57.997 0
66.929 0
75.542 0
83.892 0
93.039 0
101.480 0
110.270 0
119.190 0
127.810 0
136.820 0
145.230 0
153.677 0
162.524 0
171.138 0
179.831 0
188.686 0
197.327 0
206.000 0
214.793 0
222.970 0
232.026 0
240.515 0
249.219 0
258.017 0
266.720 0
275.462 0
284.184 0
292.755 0
301.650 0
310.286 0
318.888 0
327.676 0
336.437 0
345.046 0
353.899 0
362.491 0
371.321 0
379.851 0
388.573 0
397.646 0
406.041 0
414.940 0
423.849 0
432.549 0
441.316 0
449.984 0
458.814 0
467.136 0
476.480 0
484.974 0
493.685 0
502.194 0
511.232 0
519.692 0
528.479 0
537.282 0
546.066 0
563.581 0
580.796 0
589.757 0
598.763 0
607.641 0
615.911 0
624.980 0
633.783 0
642.528 0
651.386 0
660.258 0
668.910 0
677.657 0
686.633 0
695.165 0
703.975 0
713.374 0
721.919 0
730.578 0
739.506 0
748.255 0
756.917 0
765.745 0
774.616 0
783.498 0
792.429 0
801.267 0
809.951 0
818.737 0
827.485 0
836.321 0
845.339 0
854.209 0
862.908 0
871.778 0
880.594 0
889.702 0
898.408 0
907.091 0
916.186 0
925.097 0
934.036 0
942.871 0
951.815 0
960.671 0
969.600 0
978.651 0
987.413 0
996.275 0
