# 0.470
23.523 0
32.317 0
40.663 0
49.350 0
58.039 0
66.786 0
75.480 0
84.301 0
92.885 0
101.438 0
110.235 0
119.024 0
127.802 0
136.367 0
145.029 0
153.763 0
162.539 0
171.309 0
180.012 0
188.753 0
197.413 0
206.188 0
214.989 0
223.667 0
232.286 0
241.032 0
249.744 0
258.557 0
267.205 0
275.900 0
284.772 0
293.393 0
302.047 0
310.739 0
319.314 0
328.229 0
336.834 0
354.235 0
362.940 0
371.673 0
380.428 0
389.262 0
398.100 0
406.925 0
415.501 0
424.127 0
432.956 0
441.794 0
450.483 0
459.236 0
468.139 0
476.812 0
485.552 0
494.377 0
503.208 0
511.968 0
520.707 0
529.498 0
538.250 0
546.961 0
555.630 0
564.556 0
573.207 0
582.026 0
590.676 0
599.579 0
608.241 0
617.166 0
625.862 0
634.598 0
643.341 0
652.046 0
660.878 0
669.565 0
678.493 0
695.983 0
704.735 0
713.449 0
722.400 0
731.297 0
740.095 0
748.936 0
757.763 0
766.744 0
775.495 0
784.448 0
793.238 0
802.065 0
810.936 0
819.740 0
828.573 0
837.508 0
846.481 0
855.154 0
864.193 0
872.982 0
881.914 0
890.764 0
899.753 0
908.539 0
917.432 0
926.405 0
935.312 0
943.987 0
952.820 0
961.599 0
970.398 0
979.157 0
988.375 0
997.096 0
1006.061 0
1014.960 0
