# 0.470
25.113 0
33.761 0
42.839 0
51.550 0
60.453 0
69.313 0
78.276 0
87.030 0
95.835 0
104.811 0
113.725 0
122.595 0
131.379 0
140.235 0
149.065 0
157.942 0
166.637 0
175.573 0
184.335 0
193.180 0
201.988 0
210.691 0
219.620 0
228.399 0
237.281 0
246.153 0
254.798 0
263.605 0
272.590 0
281.404 0
290.200 0
299.039 0
307.686 0
316.463 0
325.378 0
334.071 0
342.902 0
360.435 0
369.122 0
377.884 0
386.816 0
395.520 0
404.418 0
413.027 0
421.717 0
430.496 0
439.175 0
447.987 0
456.662 0
465.403 0
474.153 0
482.811 0
491.743 0
500.395 0
509.191 0
517.826 0
526.512 0
535.260 0
544.008 0
552.710 0
561.331 0
570.083 0
579.053 0
587.645 0
596.463 0
605.131 0
613.791 0
622.558 0
631.262 0
640.002 0
648.704 0
657.528 0
666.181 0
674.969 0
683.616 0
701.233 0
709.616 0
718.358 0
726.926 0
735.571 0
744.252 0
753.012 0
761.882 0
770.398 0
778.992 0
787.752 0
796.486 0
805.201 0
813.712 0
822.454 0
831.018 0
839.782 0
848.258 0
857.095 0
865.854 0
874.619 0
883.180 0
891.942 0
900.499 0
909.405 0
918.000 0
926.776 0
935.501 0
944.048 0
952.735 0
961.331 0
970.086 0
978.736 0
987.461 0
996.144 0
1004.817 0
1013.486 0
