# 0.470
17.408 0
26.230 0
35.175 0
44.071 0
53.002 0
61.892 0
70.927 0
79.933 0
88.634 0
97.656 0
106.490 0
115.437 0
124.235 0
132.970 0
141.930 0
150.754 0
159.709 0
168.670 0
177.541 0
186.161 0
195.115 0
204.072 0
213.006 0
221.781 0
230.566 0
239.481 0
248.431 0
257.144 0
265.917 0
274.867 0
283.616 0
292.469 0
301.174 0
310.105 0
319.154 0
327.888 0
336.651 0
354.340 0
363.159 0
371.842 0
380.820 0
389.549 0
398.404 0
407.344 0
415.986 0
424.796 0
433.611 0
442.379 0
451.119 0
459.839 0
468.533 0
477.378 0
486.189 0
494.906 0
503.796 0
512.491 0
521.331 0
529.819 0
538.643 0
547.480 0
556.219 0
564.959 0
573.589 0
582.456 0
591.163 0
599.797 0
608.534 0
617.368 0
626.322 0
635.003 0
643.661 0
652.620 0
661.149 0
670.148 0
678.673 0
696.216 0
705.063 0
713.723 0
722.260 0
731.155 0
739.786 0
748.358 0
757.122 0
765.765 0
774.539 0
783.305 0
792.082 0
800.901 0
809.347 0
817.966 0
826.684 0
835.553 0
844.273 0
853.002 0
861.356 0
870.398 0
879.022 0
887.691 0
896.350 0
905.206 0
913.872 0
922.545 0
931.662 0
940.162 0
949.028 0
957.495 0
966.236 0
975.027 0
983.733 0
992.654 0
1001.225 0
1010.015 0
