# 0.470
12.722 0
21.499 0
29.995 0
38.693 0
47.402 0
56.118 0
64.927 0
73.524 0
82.553 0
91.014 0
99.596 0
108.344 0
117.181 0
125.879 0
134.573 0
143.329 0
151.927 0
160.674 0
169.508 0
178.231 0
186.889 0
195.488 0
204.177 0
213.078 0
221.469 0
230.238 0
239.023 0
247.710 0
256.426 0
265.484 0
273.953 0
282.725 0
291.565 0
300.385 0
308.914 0
317.744 0
326.382 0
343.895 0
352.738 0
361.396 0
370.080 0
378.876 0
387.632 0
396.338 0
405.008 0
413.788 0
422.616 0
431.329 0
440.110 0
448.811 0
457.691 0
466.566 0
475.186 0
483.999 0
492.583 0
501.286 0
510.032 0
518.825 0
527.610 0
536.392 0
545.040 0
553.981 0
562.657 0
571.523 0
580.279 0
589.087 0
597.870 0
606.623 0
615.462 0
624.313 0
632.929 0
641.745 0
650.665 0
659.484 0
668.258 0
685.901 0
694.652 0
703.418 0
712.385 0
721.180 0
729.950 0
738.788 0
747.730 0
756.509 0
765.383 0
774.112 0
783.013 0
791.715 0
800.734 0
809.222 0
818.072 0
827.088 0
835.903 0
844.713 0
853.589 0
862.503 0
871.351 0
880.309 0
889.292 0
898.137 0
907.040 0
915.951 0
924.786 0
933.831 0
942.550 0
951.409 0
960.475 0
969.396 0
978.321 0
987.157 0
996.059 0
1004.952 0
