# 0.470
18.790 0
27.515 0
36.079 0
44.864 0
53.561 0
62.298 0
71.002 0
79.829 0
88.496 0
97.039 0
105.773 0
114.468 0
123.289 0
131.942 0
140.554 0
149.392 0
158.005 0
166.700 0
175.368 0
184.128 0
192.837 0
201.681 0
210.287 0
219.031 0
227.647 0
236.377 0
244.932 0
253.709 0
262.415 0
271.154 0
279.908 0
288.543 0
297.251 0
305.965 0
314.623 0
323.343 0
332.018 0
349.374 0
358.162 0
366.988 0
375.688 0
384.358 0
393.192 0
401.968 0
410.698 0
419.481 0
428.193 0
436.878 0
445.737 0
454.428 0
463.113 0
471.964 0
480.624 0
489.466 0
498.169 0
506.857 0
515.558 0
524.457 0
533.064 0
541.872 0
550.599 0
559.410 0
568.196 0
576.843 0
585.619 0
594.383 0
603.007 0
611.990 0
620.720 0
629.376 0
638.196 0
646.957 0
655.813 0
664.642 0
673.448 0
690.911 0
699.828 0
708.654 0
717.563 0
726.207 0
735.041 0
743.732 0
752.691 0
761.620 0
770.397 0
779.205 0
788.037 0
796.738 0
805.609 0
814.444 0
823.354 0
832.119 0
841.189 0
849.907 0
858.676 0
867.560 0
876.353 0
885.191 0
894.165 0
902.932 0
911.740 0
920.629 0
929.563 0
938.524 0
947.328 0
956.191 0
965.161 0
973.990 0
982.799 0
991.812 0
1000.828 0
1009.603 0
