# 0.470
18.270 0
26.972 0
35.617 0
44.312 0
53.077 0
61.891 0
70.718 0
79.401 0
88.071 0
96.677 0
105.588 0
114.243 0
122.891 0
131.771 0
140.431 0
149.215 0
157.922 0
166.618 0
175.386 0
183.905 0
192.689 0
201.577 0
210.236 0
218.976 0
227.519 0
236.296 0
244.870 0
253.828 0
262.500 0
271.071 0
279.843 0
288.620 0
297.341 0
306.116 0
314.740 0
323.540 0
332.140 0
349.665 0
358.513 0
367.387 0
376.001 0
384.768 0
393.587 0
402.271 0
411.081 0
419.876 0
428.530 0
437.350 0
445.991 0
454.890 0
463.642 0
472.602 0
481.124 0
489.966 0
498.617 0
507.459 0
516.063 0
525.046 0
533.838 0
542.608 0
551.368 0
560.104 0
568.912 0
577.579 0
586.236 0
594.961 0
603.999 0
612.687 0
621.406 0
630.000 1
639.086 0
647.823 0
656.753 0
665.457 0
674.417 0
691.983 0
700.832 0
709.613 0
718.642 0
727.379 0
736.085 0
744.931 0
753.799 0
762.759 0
771.626 0
780.503 0
789.281 0
798.072 0
807.162 0
815.870 0
824.572 0
833.495 0
842.477 0
851.270 0
860.121 0
869.094 0
877.941 0
886.771 0
895.649 0
904.428 0
913.292 0
922.348 0
931.168 0
940.158 0
948.996 0
957.808 0
966.945 0
975.754 0
984.766 0
993.546 0
1002.664 0
1011.493 0
