# 0.470
22.648 0
31.556 0
40.408 0
49.287 0
58.300 0
67.297 0
76.336 0
85.176 0
93.860 0
102.886 0
111.719 0
120.688 0
129.473 0
138.423 0
147.320 0
156.143 0
165.021 0
174.022 0
182.793 0
191.674 0
200.585 0
209.440 0
218.292 0
227.063 0
235.971 0
244.842 0
253.598 0
262.394 0
271.230 0
280.195 0
288.884 0
297.674 0
306.589 0
315.560 0
324.430 0
333.268 0
342.025 0
359.477 0
368.327 0
377.169 0
386.134 0
394.758 0
403.729 0
412.553 0
421.199 0
430.049 0
438.812 0
447.525 0
456.366 0
465.086 0
473.879 0
482.577 0
491.451 0
500.105 0
508.941 0
517.664 0
526.591 0
535.175 0
544.061 0
552.733 0
561.433 0
570.211 0
578.940 0
587.806 0
596.511 0
605.189 0
613.959 0
622.858 0
631.587 0
640.234 0
649.023 0
657.759 0
666.575 0
675.370 0
683.966 0
701.651 0
710.377 0
719.060 0
727.736 0
736.549 0
745.153 0
753.926 0
762.567 0
771.338 0
780.129 0
788.750 0
797.657 0
806.364 0
814.948 0
823.673 0
832.353 0
841.064 0
849.766 0
858.574 0
867.276 0
876.017 0
884.619 0
893.448 0
902.104 0
910.795 0
919.503 0
928.258 0
937.203 0
945.780 0
954.504 0
963.183 0
971.852 0
980.648 0
989.349 0
998.103 0
1006.828 0
1015.598 0
