# 0.470
28.992 0
37.827 0
46.758 0
55.768 0
64.748 0
73.465 0
82.410 0
91.307 0
100.196 0
109.093 0
117.896 0
126.862 0
135.764 0
144.493 0
153.505 0
162.306 0
171.124 0
180.136 0
189.311 0
197.910 0
206.800 0
215.563 0
224.524 0
233.202 0
242.150 0
251.053 0
259.700 0
268.582 0
277.487 0
286.338 0
295.269 0
303.904 0
312.698 0
321.522 0
330.348 0
339.288 0
347.929 0
365.483 0
374.175 0
383.000 0
391.842 0
400.622 0
409.392 0
418.277 0
426.992 0
435.677 0
444.534 0
453.316 0
462.153 0
470.775 0
479.578 0
488.461 0
497.176 0
505.904 0
514.819 0
523.626 0
532.213 0
541.005 0
549.860 0
558.631 0
567.312 0
576.030 0
584.772 0
593.599 0
602.441 0
611.024 0
619.733 0
628.528 0
637.482 0
645.938 0
654.695 0
663.486 0
672.358 0
680.839 0
689.613 0
707.132 0
715.760 0
724.627 0
733.014 0
741.881 0
751.000 1
759.231 0
768.019 0
776.814 0
785.357 0
794.388 0
803.135 0
811.781 0
820.426 0
829.189 0
838.012 0
846.737 0
855.296 0
863.997 0
872.860 0
881.439 0
890.172 0
898.858 0
907.572 0
916.266 0
925.067 0
933.722 0
942.377 0
950.953 0
959.713 0
968.379 0
977.061 0
985.896 0
994.669 0
1003.302 0
1011.764 0
1020.514 0
