# 0.470
22.877 0
31.739 0
40.879 0
49.583 0
58.566 0
67.484 0
76.391 0
85.274 0
93.935 0
103.083 0
111.826 0
120.887 0
129.716 0
138.555 0
147.475 0
156.363 0
165.159 0
173.889 0
182.909 0
191.779 0
200.703 0
209.496 0
218.321 0
227.198 0
236.018 0
245.202 0
253.906 0
262.590 0
271.419 0
280.408 0
289.180 0
298.321 0
306.798 0
315.729 0
324.562 0
333.384 0
342.182 0
359.685 0
368.495 0
377.178 0
386.213 0
394.904 0
403.758 0
412.591 0
421.293 0
430.060 0
438.941 0
447.634 0
456.280 0
465.066 0
473.962 0
482.665 0
491.618 0
500.192 0
508.955 0
517.718 0
526.436 0
535.261 0
544.156 0
552.963 0
561.636 0
570.384 0
579.203 0
587.932 0
596.798 0
605.408 0
614.257 0
623.026 0
631.885 0
640.459 0
649.299 0
658.023 0
666.682 0
675.549 0
684.214 0
701.805 0
710.595 0
719.184 0
727.899 0
736.528 0
745.149 0
753.996 0
762.852 0
771.543 0
780.241 0
788.889 0
797.900 0
806.420 0
814.922 0
823.834 0
832.531 0
841.306 0
849.950 0
858.676 0
867.590 0
876.307 0
884.881 0
893.658 0
902.205 0
911.015 0
919.648 0
928.517 0
937.132 0
945.927 0
954.679 0
963.474 0
972.116 0
980.758 0
989.489 0
998.253 0
1006.956 0
1015.785 0
