# 0.470
16.103 0
24.691 0
33.326 0
42.054 0
50.708 0
59.415 0
68.200 0
76.919 0
85.591 0
94.059 0
102.842 0
111.470 0
120.366 0
129.002 0
137.750 0
146.467 0
154.993 0
163.592 0
172.398 0
180.959 0
189.678 0
198.430 0
207.094 0
215.880 0
224.265 0
233.032 0
241.756 0
250.341 0
259.020 0
267.699 0
276.380 0
285.137 0
293.835 0
302.588 0
311.106 0
319.892 0
328.569 0
346.060 0
354.795 0
363.424 0
372.148 0
380.850 0
389.685 0
398.367 0
406.963 0
415.754 0
424.526 0
433.309 0
442.032 0
450.822 0
459.502 0
468.096 0
476.881 0
485.588 0
494.316 0
503.031 0
511.782 0
520.455 0
529.126 0
537.809 0
546.736 0
555.267 0
564.035 0
572.703 0
581.455 0
590.214 0
599.063 0
607.652 0
616.467 0
625.144 0
634.175 0
642.772 0
651.756 0
660.404 0
669.423 0
686.746 0
695.500 0
704.171 0
713.044 0
721.900 0
730.542 0
739.754 0
748.378 0
757.111 0
765.921 0
774.755 0
783.517 0
792.286 0
801.099 0
810.032 0
818.758 0
827.444 0
836.392 0
845.175 0
854.085 0
862.859 0
871.627 0
880.434 0
889.439 0
898.136 0
906.794 0
915.994 0
924.795 0
933.678 0
942.618 0
951.201 0
960.451 0
969.224 0
978.204 0
986.848 0
995.831 0
1004.887 0
