# 0.470
18.082 0
26.911 0
35.564 0
44.273 0
53.039 0
61.789 0
70.517 0
79.256 0
87.965 0
96.666 0
105.264 0
114.156 0
122.803 0
131.489 0
140.241 0
148.880 0
157.423 0
166.300 0
175.064 0
183.637 0
192.404 0
200.981 0
209.821 0
218.517 0
227.093 0
235.893 0
244.617 0
253.376 0
262.024 0
270.779 0
279.610 0
288.347 0
297.107 0
305.905 0
314.459 0
323.265 0
331.898 0
349.446 0
358.137 0
366.950 0
375.706 0
384.401 0
393.140 0
401.791 0
410.647 0
419.317 0
428.139 0
437.027 0
445.594 0
454.417 0
463.027 0
471.853 0
480.625 0
489.391 0
498.075 0
506.775 0
515.494 0
524.269 0
533.025 0
541.802 0
550.546 0
559.334 0
568.113 0
576.946 0
585.705 0
594.605 0
603.294 0
612.063 0
620.881 0
629.560 0
638.504 0
647.266 0
656.135 0
664.980 0
673.845 0
691.399 0
700.151 0
709.062 0
717.964 0
726.668 0
735.562 0
744.405 0
753.139 0
761.969 0
770.728 0
779.555 0
788.325 0
797.172 0
806.111 0
814.838 0
823.575 0
832.405 0
841.298 0
850.198 0
858.980 0
868.300 0
876.954 0
885.688 0
894.655 0
903.391 0
912.297 0
921.193 0
930.074 0
939.103 0
947.940 0
957.000 0
965.719 0
974.595 0
983.636 0
992.627 0
1001.699 0
1010.482 0
