# 0.470
25.008 0
33.850 0
42.846 0
51.696 0
60.646 0
69.510 0
78.447 0
87.269 0
96.076 0
105.024 0
113.911 0
122.808 0
131.541 0
140.560 0
149.499 0
158.324 0
167.070 0
175.995 0
184.774 0
193.656 0
202.512 0
211.453 0
220.311 0
228.987 0
237.976 0
246.836 0
255.645 0
264.573 0
273.183 0
282.169 0
290.889 0
299.913 0
308.514 0
317.428 0
326.270 0
335.100 0
343.847 0
361.392 0
370.194 0
378.882 0
387.844 0
396.500 0
405.327 0
414.082 0
422.876 0
431.558 0
440.459 0
449.209 0
457.933 0
466.699 0
475.466 0
484.222 0
493.071 0
501.716 0
510.487 0
519.215 0
527.949 0
536.716 0
545.559 0
554.350 0
563.011 0
571.837 0
580.602 0
589.353 0
598.047 0
606.841 0
615.596 0
624.365 0
633.091 0
641.748 0
650.426 0
659.269 0
667.923 0
676.699 0
685.340 0
702.815 0
711.514 0
720.279 0
728.793 0
737.688 0
746.405 0
754.961 0
763.800 0
772.491 0
781.330 0
789.839 0
798.612 0
807.422 0
815.946 0
824.723 0
833.361 0
842.001 0
850.795 0
859.534 0
868.313 0
877.095 0
885.530 0
894.330 0
903.027 0
911.781 0
920.576 0
929.286 0
938.101 0
946.574 0
955.236 0
964.003 0
972.724 0
981.347 0
990.152 0
998.783 0
1007.423 0
1016.163 0
