# 0.470
13.126 0
21.953 0
30.459 0
39.340 0
48.039 0
56.789 0
65.353 0
74.115 0
82.781 0
91.337 0
100.040 0
108.864 0
117.484 0
126.182 0
134.933 0
143.704 0
152.191 0
160.859 0
169.639 0
178.413 0
187.123 0
195.615 0
204.359 0
213.094 0
221.699 0
230.331 0
239.244 0
247.877 0
256.512 0
265.359 0
274.025 0
282.604 0
291.263 0
300.078 0
308.813 0
317.429 0
326.286 0
343.764 0
352.359 0
361.079 0
369.789 0
378.552 0
387.368 0
395.892 0
404.690 0
413.611 0
422.146 0
430.915 0
439.747 0
448.354 0
457.080 0
465.730 0
474.526 0
483.318 0
491.985 0
500.823 0
509.534 0
518.143 0
526.916 0
535.835 0
544.459 0
553.242 0
561.968 0
570.844 0
579.396 0
588.342 0
597.041 0
605.840 0
614.674 0
623.280 0
632.012 0
640.832 0
649.714 0
658.522 0
667.250 0
684.918 0
693.547 0
702.338 0
711.332 0
720.068 0
728.869 0
737.502 0
746.420 0
755.220 0
764.053 0
772.981 0
781.800 0
790.585 0
799.438 0
808.306 0
817.042 0
825.967 0
834.854 0
843.461 0
852.255 0
861.231 0
870.176 0
878.986 0
887.837 0
896.746 0
905.498 0
914.490 0
923.342 0
932.368 0
941.135 0
950.035 0
958.862 0
967.864 0
976.801 0
985.615 0
994.707 0
1003.438 0
