# 0.470
19.295 0
27.972 0
36.828 0
45.652 0
54.631 0
63.488 0
72.497 0
81.251 0
90.113 0
99.128 0
108.022 0
116.846 0
125.703 0
134.588 0
143.506 0
152.326 0
161.297 0
170.040 0
178.916 0
187.763 0
196.732 0
205.430 0
214.382 0
223.123 0
232.076 0
240.925 0
249.783 0
258.597 0
267.383 0
276.260 0
285.133 0
294.049 0
302.628 0
311.431 0
320.393 0
329.241 0
338.044 0
355.515 0
364.360 0
373.137 0
382.003 0
390.760 0
399.622 0
408.247 0
417.190 0
425.862 0
434.629 0
443.367 0
452.225 0
460.961 0
469.717 0
478.434 0
487.258 0
495.973 0
504.754 0
513.577 0
522.276 0
531.022 0
539.900 0
548.506 0
557.334 0
565.985 0
574.807 0
583.591 0
592.308 0
601.039 0
609.842 0
618.612 0
627.350 0
636.037 0
644.848 0
653.579 0
662.252 0
671.026 0
679.707 0
697.196 0
705.910 0
714.706 0
723.249 0
731.938 0
740.731 0
749.425 0
758.193 0
766.937 0
775.675 0
784.360 0
793.114 0
801.758 0
810.411 0
819.208 0
827.852 0
836.587 0
845.308 0
854.038 0
862.729 0
871.441 0
880.041 0
888.877 0
897.383 0
906.227 0
914.901 0
923.660 0
932.420 0
940.887 0
949.526 0
958.371 0
967.052 0
975.738 0
984.459 0
993.177 0
1001.686 0
1010.509 0
