# 0.470
23.129 0
32.090 0
40.896 0
49.760 0
58.826 0
67.729 0
76.637 0
85.492 0
94.407 0
103.439 0
112.314 0
121.162 0
130.047 0
138.842 0
147.742 0
156.554 0
165.568 0
174.370 0
183.175 0
191.987 0
200.956 0
209.770 0
218.443 0
227.339 0
236.358 0
245.094 0
253.844 0
262.669 0
271.309 0
280.384 0
289.129 0
297.855 0
306.668 0
315.537 0
324.395 0
333.292 0
342.072 0
359.515 0
368.271 0
377.122 0
386.042 0
394.728 0
403.550 0
412.353 0
421.037 0
429.765 0
438.555 0
447.399 0
456.098 0
464.870 0
473.632 0
482.424 0
491.176 0
499.748 0
508.588 0
517.448 0
526.089 0
534.912 0
543.614 0
552.370 0
561.000 0
569.849 0
578.628 0
587.342 0
596.040 0
604.779 0
613.516 0
622.226 0
631.009 0
639.674 0
648.445 0
657.141 0
665.869 0
674.649 0
683.330 0
700.805 0
709.528 0
718.238 0
726.848 0
735.565 0
744.325 0
753.063 0
761.713 0
770.533 0
779.194 0
788.017 0
796.687 0
805.294 0
813.927 0
822.626 0
831.396 0
840.090 0
848.799 0
857.450 0
866.234 0
874.997 0
883.542 0
892.290 0
900.885 0
909.663 0
918.409 0
927.012 0
935.769 0
944.304 0
953.135 0
961.692 0
970.463 0
979.185 0
987.783 0
996.663 0
1005.134 0
1013.922 0
