# 0.470
19.991 0
28.963 0
37.907 0
46.854 0
55.837 0
64.600 0
73.490 0
82.387 0
91.293 0
100.077 0
109.012 0
117.967 0
126.851 0
135.432 0
144.647 0
153.419 0
162.284 0
171.130 0
179.853 0
188.726 0
197.661 0
206.425 0
215.207 0
224.085 0
233.042 0
241.786 0
250.543 0
259.465 0
268.101 0
277.018 0
285.743 0
294.581 0
303.374 0
312.249 0
321.108 0
329.926 0
338.679 0
356.284 0
365.084 0
373.863 0
382.827 0
391.633 0
400.254 0
409.058 0
417.845 0
426.622 0
435.329 0
444.132 0
452.849 0
461.513 0
470.356 0
479.188 0
487.750 0
496.664 0
505.307 0
514.115 0
522.856 0
531.495 0
540.255 0
549.170 0
557.768 0
566.371 0
575.185 0
584.081 0
592.699 0
601.423 0
610.227 0
618.921 0
627.698 0
636.337 0
645.013 0
653.771 0
662.644 0
671.401 0
680.008 0
697.559 0
706.296 0
715.188 0
723.533 0
732.285 0
741.075 0
749.889 0
758.597 0
767.230 0
775.894 0
784.488 0
793.344 0
802.050 0
810.629 0
819.386 0
827.980 0
836.847 0
845.534 0
854.144 0
862.991 0
871.598 0
880.262 0
888.967 0
897.447 0
906.261 0
914.912 0
923.660 0
932.409 0
940.950 0
949.690 0
958.438 0
967.118 0
975.851 0
984.545 0
993.252 0
1001.863 0
1010.489 0
