# 0.470
16.453 0
25.256 0
33.881 0
42.526 0
51.219 0
59.970 0
68.667 0
77.366 0
86.055 0
94.699 0
103.455 0
112.096 0
120.863 0
129.441 0
138.269 0
147.028 0
155.573 0
164.185 0
172.885 0
181.634 0
190.307 0
199.048 0
207.683 0
216.557 0
225.071 0
233.823 0
242.397 0
251.212 0
259.895 0
268.709 0
277.376 0
286.085 0
294.697 0
303.496 0
312.055 0
320.804 0
329.541 0
346.946 0
355.676 0
364.489 0
373.122 0
381.798 0
390.589 0
399.380 0
407.988 0
416.825 0
425.428 0
434.285 0
442.978 0
451.754 0
460.460 0
469.283 0
477.947 0
486.636 0
495.384 0
504.084 0
512.849 0
521.616 0
530.333 0
539.109 0
547.876 0
556.636 0
565.384 0
574.079 0
582.872 0
591.583 0
600.420 0
609.141 0
617.909 0
626.661 0
635.383 0
644.132 0
653.158 0
661.711 0
670.667 0
688.031 0
696.885 0
705.792 0
714.748 0
723.517 0
732.423 0
740.985 0
749.713 0
758.687 0
767.596 0
776.251 0
785.097 0
793.888 0
802.772 0
811.639 0
820.327 0
829.268 0
838.080 0
846.956 0
855.771 0
864.629 0
873.570 0
882.280 0
891.349 0
900.142 0
908.876 0
917.810 0
926.723 0
935.566 0
944.735 0
953.409 0
962.334 0
971.229 0
980.207 0
988.939 0
997.958 0
1006.733 0
