# 0.470
13.092 0
21.907 0
30.397 0
39.182 0
47.971 0
56.627 0
65.258 0
73.996 0
82.802 0
91.410 0
100.128 0
108.832 0
117.523 0
126.142 0
134.932 0
143.666 0
152.167 0
160.881 0
169.576 0
178.301 0
187.033 0
195.826 0
204.496 0
213.260 0
221.855 0
230.559 0
239.162 0
247.932 0
256.788 0
265.317 0
274.151 0
282.882 0
291.620 0
300.340 0
308.794 0
317.528 0
326.318 0
343.835 0
352.498 0
361.271 0
369.926 0
378.689 0
387.349 0
396.101 0
404.871 0
413.657 0
422.300 0
431.032 0
439.875 0
448.450 0
457.272 0
466.101 0
474.750 0
483.605 0
492.233 0
500.989 0
509.783 0
518.552 0
527.225 0
536.024 0
544.853 0
553.497 0
562.257 0
571.056 0
579.823 0
588.610 0
597.294 0
606.145 0
614.694 0
623.525 0
632.319 0
641.080 0
649.919 0
658.711 0
667.567 0
685.016 0
693.792 0
702.740 0
711.531 0
720.265 0
729.136 0
737.966 0
746.794 0
755.672 0
764.254 0
773.115 0
782.078 0
790.758 0
799.753 0
808.514 0
817.361 0
826.131 0
835.063 0
843.831 0
852.731 0
861.600 0
870.405 0
879.273 0
888.186 0
897.011 0
905.775 0
915.025 0
923.671 0
932.576 0
941.410 0
950.194 0
959.277 0
968.196 0
976.948 0
985.934 0
994.853 0
1003.756 0
