# 0.470
25.903 0
34.816 0
43.858 0
52.728 0
61.621 0
70.482 0
79.425 0
88.237 0
97.190 0
106.084 0
114.860 0
123.828 0
132.700 0
141.445 0
150.386 0
159.223 0
168.109 0
177.068 0
185.747 0
194.695 0
203.486 0
212.289 0
221.211 0
229.921 0
238.883 0
247.723 0
256.490 0
265.431 0
274.162 0
283.021 0
291.779 0
300.681 0
309.422 0
318.220 0
327.116 0
335.874 0
344.743 0
362.305 0
371.046 0
379.813 0
388.603 0
397.455 0
406.339 0
415.070 0
423.710 0
432.630 0
441.095 0
450.022 0
458.666 0
467.404 0
476.237 0
485.016 0
493.817 0
502.363 0
511.257 0
520.036 0
528.693 0
537.551 0
546.225 0
554.923 0
563.776 0
572.382 0
581.202 0
589.959 0
598.713 0
607.615 0
616.078 0
624.884 0
633.635 0
642.260 0
651.204 0
659.810 0
668.658 0
677.301 0
685.949 0
703.619 0
712.220 0
721.019 0
729.539 0
738.187 0
746.980 0
755.637 0
764.456 0
773.165 0
781.817 0
790.472 0
799.189 0
807.936 0
816.534 0
825.230 0
833.926 0
842.684 0
851.333 0
860.099 0
868.842 0
877.535 0
886.098 0
894.781 0
903.492 0
912.373 0
920.978 0
929.841 0
938.415 0
946.949 0
955.649 0
964.475 0
973.164 0
981.889 0
990.584 0
999.289 0
1007.956 0
1016.660 0
