# 0.470
22.010 0
30.888 0
39.863 0
48.738 0
57.643 0
66.460 0
75.569 0
84.286 0
93.121 0
102.125 0
110.894 0
119.886 0
128.731 0
137.531 0
146.453 0
155.346 0
164.141 0
173.027 0
181.930 0
190.697 0
199.523 0
208.524 0
217.272 0
226.057 0
234.905 0
243.707 0
252.643 0
261.333 0
270.259 0
279.094 0
287.936 0
296.923 0
305.637 0
314.302 0
323.268 0
332.016 0
340.878 0
358.249 0
367.221 0
375.896 0
384.756 0
393.640 0
402.362 0
411.155 0
419.841 0
428.592 0
437.354 0
446.010 0
454.807 0
463.611 0
472.399 0
481.277 0
489.954 0
498.570 0
507.387 0
516.106 0
524.798 0
533.527 0
542.187 0
551.036 0
559.847 0
568.520 0
577.242 0
586.054 0
594.781 0
603.655 0
612.331 0
621.078 0
629.763 0
638.574 0
647.312 0
656.087 0
664.781 0
673.530 0
682.151 0
699.723 0
708.403 0
717.128 0
725.675 0
734.389 0
743.087 0
751.807 0
760.502 0
769.197 0
777.863 0
786.666 0
795.432 0
804.054 0
812.676 0
821.406 0
830.159 0
838.872 0
847.555 0
856.261 0
864.905 0
873.556 0
882.188 0
891.073 0
899.657 0
908.454 0
917.162 0
925.914 0
934.624 0
943.238 0
951.932 0
960.637 0
969.223 0
978.114 0
986.731 0
995.498 0
1004.036 0
1012.762 0
