# 0.470
21.171 0
30.109 0
38.952 0
47.861 0
56.770 0
65.642 0
74.547 0
83.551 0
92.297 0
101.316 0
110.064 0
119.092 0
127.890 0
136.675 0
145.634 0
154.351 0
163.284 0
172.203 0
181.083 0
189.895 0
198.736 0
207.590 0
216.369 0
225.232 0
233.984 0
243.077 0
251.592 0
260.513 0
269.284 0
278.122 0
286.972 0
295.821 0
304.623 0
313.374 0
322.356 0
331.121 0
339.916 0
357.569 0
366.280 0
374.981 0
384.089 0
392.884 0
401.551 0
410.243 0
419.078 0
427.819 0
436.652 0
445.311 0
454.136 0
462.828 0
471.623 0
480.405 0
489.000 0
497.881 0
506.596 0
515.308 0
524.086 0
532.854 0
541.533 0
550.327 0
559.060 0
567.858 0
576.536 0
585.211 0
593.904 0
602.695 0
611.451 0
620.193 0
629.085 0
637.772 0
646.504 0
655.231 0
664.008 0
672.684 0
681.485 0
698.984 0
707.642 0
716.269 0
724.955 0
733.639 0
742.310 0
751.147 0
759.803 0
768.424 0
777.168 0
785.934 0
794.671 0
803.357 0
811.895 0
820.696 0
829.381 0
838.055 0
846.835 0
855.469 0
864.135 0
872.884 0
881.422 0
890.191 0
898.923 0
907.609 0
916.342 0
925.042 0
933.856 0
942.408 0
951.118 0
959.866 0
968.513 0
977.203 0
985.932 0
994.698 0
1003.317 0
1012.064 0
