# 0.470
22.897 0
31.572 0
40.235 0
48.878 0
57.663 0
66.324 0
75.003 0
83.780 0
92.365 0
101.021 0
109.756 0
118.487 0
127.172 0
135.889 0
144.607 0
153.369 0
161.920 0
170.681 0
179.384 0
188.130 0
196.787 0
205.493 0
214.122 0
222.826 0
231.609 0
240.111 0
248.842 0
257.510 0
266.287 0
275.004 0
283.802 0
292.494 0
301.261 0
309.972 0
318.440 0
327.246 0
335.923 0
353.408 0
362.225 0
370.921 0
379.591 0
388.340 0
397.072 0
405.829 0
414.738 0
423.428 0
432.059 0
440.767 0
449.584 0
458.276 0
467.046 0
475.894 0
484.586 0
493.285 0
502.020 0
510.803 0
519.597 0
528.304 0
537.069 0
545.725 0
554.368 0
563.121 0
571.932 0
580.732 0
589.397 0
598.213 0
607.020 0
615.845 0
624.549 0
633.449 0
642.044 0
650.837 0
659.858 0
668.580 0
677.375 0
694.967 0
703.641 0
712.437 0
721.336 0
730.168 0
739.006 0
747.771 0
756.544 0
765.402 0
774.387 0
783.156 0
791.884 0
800.630 0
809.562 0
818.290 0
827.286 0
836.040 0
844.940 0
853.750 0
862.241 0
871.431 0
880.165 0
889.049 0
898.066 0
906.695 0
915.664 0
924.540 0
933.509 0
942.547 0
951.312 0
960.113 0
969.004 0
977.970 0
986.987 0
995.859 0
1004.896 0
1013.611 0
