# 0.470
26.793 0
35.488 0
44.178 0
52.852 0
61.581 0
70.261 0
78.947 0
87.739 0
96.413 0
105.052 0
113.778 0
122.427 0
131.222 0
139.875 0
148.600 0
157.340 0
165.920 0
174.701 0
182.500 1
192.131 0
200.812 0
209.469 0
218.195 0
226.966 0
235.636 0
244.258 0
253.041 0
261.811 0
270.509 0
279.122 0
287.887 0
296.686 0
305.305 0
313.968 0
322.626 0
331.270 0
340.034 0
357.525 0
366.273 0
375.032 0
383.727 0
392.480 0
401.163 0
409.961 0
418.664 0
427.395 0
436.153 0
444.859 0
453.616 0
462.388 0
471.037 0
479.826 0
488.551 0
497.360 0
506.131 0
514.815 0
523.500 1
532.406 0
541.130 0
549.818 0
558.693 0
567.381 0
576.126 0
584.912 0
593.721 0
602.431 0
611.175 0
619.981 0
628.746 0
637.469 0
646.227 0
655.104 0
663.800 0
672.739 0
681.488 0
699.034 0
707.886 0
716.690 0
725.487 0
734.335 0
743.146 0
751.928 0
760.835 0
769.766 0
778.500 0
787.210 0
796.111 0
804.902 0
813.857 0
822.668 0
831.447 0
840.430 0
849.170 0
857.934 0
866.790 0
875.797 0
884.607 0
893.458 0
902.454 0
911.233 0
919.996 0
928.986 0
937.754 0
946.768 0
955.657 0
964.414 0
973.401 0
982.221 0
991.151 0
1000.141 0
1009.116 0
1017.993 0
