# 0.470
19.308 0
27.979 0
36.636 0
45.385 0
54.037 0
62.867 0
71.479 0
80.200 0
88.897 0
97.518 0
106.152 0
115.048 0
123.793 0
132.413 0
141.086 0
149.844 0
158.398 0
167.041 0
175.880 0
184.572 0
193.340 0
202.008 0
210.582 0
219.296 0
227.924 0
236.679 0
245.354 0
254.132 0
262.822 0
271.402 0
280.402 0
288.957 0
297.601 0
306.292 0
314.991 0
323.709 0
332.450 0
350.024 0
358.735 0
367.394 0
376.093 0
384.854 0
393.615 0
402.410 0
411.064 0
419.871 0
428.601 0
437.379 0
445.944 0
454.776 0
463.522 0
472.168 0
480.827 0
489.774 0
498.493 0
507.309 0
515.835 0
524.514 0
533.525 0
542.114 0
550.774 0
559.466 0
568.483 0
577.247 0
586.099 0
594.709 0
603.543 0
612.249 0
621.030 0
629.844 0
638.487 0
647.328 0
656.145 0
664.839 0
673.628 0
691.204 0
699.910 0
708.867 0
717.841 0
726.669 0
735.406 0
744.087 0
752.899 0
761.943 0
770.716 0
779.494 0
788.346 0
796.992 0
805.984 0
814.740 0
823.652 0
832.468 0
841.239 0
850.194 0
858.810 0
867.766 0
876.626 0
885.444 0
894.329 0
903.306 0
911.827 0
921.029 0
929.840 0
938.740 0
947.545 0
956.551 0
965.467 0
974.472 0
983.189 0
992.020 0
1000.912 0
1009.902 0
