# 0.470
33.830 0
42.681 0
51.644 0
60.475 0
69.357 0
78.288 0
87.238 0
96.025 0
104.817 0
113.745 0
122.607 0
131.646 0
140.336 0
149.149 0
158.027 0
166.913 0
175.760 0
184.647 0
193.472 0
201.985 0
211.009 0
219.959 0
228.820 0
237.631 0
246.587 0
255.334 0
264.167 0
272.946 0
281.791 0
290.599 0
299.459 0
308.311 0
316.961 0
325.817 0
334.716 0
343.499 0
352.202 0
369.777 0
378.539 0
387.271 0
396.175 0
404.967 0
413.853 0
422.353 0
431.288 0
440.036 0
448.754 0
457.541 0
466.217 0
475.065 0
483.726 0
492.594 0
501.435 0
510.087 0
518.777 0
527.553 0
536.307 0
545.054 0
553.772 0
562.608 0
571.241 0
580.025 0
588.761 0
597.461 0
606.151 0
614.987 0
623.693 0
632.409 0
641.167 0
649.925 0
658.583 0
667.319 0
676.077 0
684.778 0
693.564 0
710.948 0
719.711 0
728.374 0
737.016 0
745.639 0
754.380 0
763.061 0
771.923 0
780.563 0
789.290 0
797.995 0
806.743 0
815.382 0
824.007 0
832.726 0
841.553 0
850.204 0
858.912 0
867.629 0
876.386 0
885.152 0
893.660 0
902.423 0
911.103 0
919.803 0
928.490 0
937.270 0
945.938 0
954.521 0
963.277 0
971.997 0
980.694 0
989.375 0
998.092 0
1006.778 0
1015.387 0
1024.098 0
