# 0.470
29.852 0
38.702 0
47.684 0
56.555 0
65.394 0
74.316 0
83.256 0
92.212 0
100.909 0
109.923 0
118.852 0
127.639 0
136.403 0
145.292 0
154.153 0
163.076 0
171.874 0
180.848 0
189.604 0
198.316 0
207.310 0
216.079 0
224.890 0
233.811 0
242.629 0
251.469 0
260.246 0
268.996 0
277.815 0
286.745 0
295.593 0
304.442 0
313.174 0
321.961 0
330.803 0
339.692 0
348.474 0
366.037 0
374.766 0
383.531 0
392.418 0
401.196 0
410.023 0
418.686 0
427.505 0
436.175 0
445.002 0
453.724 0
462.528 0
471.177 0
479.961 0
488.714 0
497.444 0
506.235 0
514.935 0
523.738 0
532.430 0
541.186 0
549.882 0
558.659 0
567.294 0
576.081 0
584.763 0
593.544 0
602.342 0
611.105 0
619.841 0
628.663 0
637.322 0
646.028 0
654.743 0
663.573 0
672.233 0
680.934 0
689.701 0
707.128 0
715.866 0
724.490 0
733.146 0
741.880 0
750.509 0
759.197 0
767.988 0
776.695 0
785.458 0
794.110 0
802.887 0
811.637 0
820.100 0
828.771 0
837.542 0
846.179 0
854.855 0
863.569 0
872.277 0
881.046 0
889.576 0
898.420 0
907.234 0
915.925 0
924.565 0
933.288 0
942.017 0
950.611 0
959.258 0
968.043 0
976.688 0
985.552 0
994.150 0
1002.890 0
1011.538 0
1020.258 0
