# 0.470
22.714 0
31.453 0
40.027 0
48.751 0
57.523 0
66.191 0
74.891 0
83.674 0
92.466 0
100.825 0
109.598 0
118.349 0
127.005 0
135.753 0
144.572 0
153.201 0
161.870 0
170.581 0
179.293 0
187.940 0
196.697 0
205.287 0
213.985 0
222.708 0
231.363 0
240.186 0
248.865 0
257.578 0
266.253 0
274.945 0
283.816 0
292.479 0
301.199 0
309.902 0
318.627 0
327.187 0
335.930 0
353.421 0
362.276 0
370.889 0
379.649 0
388.484 0
397.022 0
405.920 0
414.583 0
423.375 0
432.243 0
440.934 0
449.672 0
458.270 0
466.979 0
475.793 0
484.633 0
493.290 0
502.083 0
510.661 0
519.460 0
528.366 0
537.088 0
545.702 0
554.537 0
563.322 0
572.070 0
580.763 0
589.464 0
598.315 0
607.019 0
615.836 0
624.520 0
633.391 0
642.196 0
650.993 0
659.826 0
668.500 0
677.467 0
695.014 0
703.789 0
712.515 0
721.541 0
730.195 0
739.111 0
747.943 0
756.645 0
765.490 0
774.379 0
783.130 0
791.973 0
800.730 0
809.716 0
818.535 0
827.229 0
836.106 0
844.991 0
853.772 0
862.578 0
871.623 0
880.377 0
889.396 0
898.327 0
907.146 0
915.903 0
924.889 0
933.634 0
942.490 0
951.491 0
960.291 0
969.240 0
978.078 0
987.036 0
995.949 0
1004.822 0
1013.757 0
