# 0.470
14.763 0
23.458 0
32.021 0
40.710 0
49.476 0
58.164 0
66.864 0
75.623 0
84.277 0
92.904 0
101.642 0
110.335 0
119.029 0
127.746 0
136.386 0
145.053 0
153.755 0
162.514 0
171.134 0
179.890 0
188.538 0
197.211 0
205.950 0
214.676 0
223.280 0
231.957 0
240.640 0
249.366 0
258.029 0
266.802 0
275.545 0
284.244 0
293.013 0
301.631 0
310.339 0
319.083 0
327.844 0
345.246 0
353.974 0
362.686 0
371.468 0
380.104 0
388.862 0
397.618 0
406.353 0
415.067 0
423.846 0
432.591 0
441.269 0
449.981 0
458.768 0
467.463 0
476.216 0
484.933 0
493.728 0
502.368 0
511.102 0
519.820 0
528.622 0
537.314 0
546.076 0
554.835 0
563.601 0
572.316 0
581.090 0
589.902 0
598.643 0
607.378 0
616.193 0
624.985 0
633.792 0
642.472 0
651.407 0
660.143 0
668.922 0
686.605 0
695.316 0
704.103 0
713.015 0
721.804 0
730.496 0
739.299 0
748.104 0
757.007 0
765.795 0
774.564 0
783.413 0
792.223 0
801.158 0
809.876 0
818.673 0
827.427 0
836.365 0
845.144 0
854.016 0
862.980 0
871.820 0
880.566 0
889.624 0
898.338 0
907.209 0
916.183 0
925.043 0
934.065 0
942.825 0
951.678 0
960.564 0
969.396 0
978.417 0
987.194 0
996.203 0
1005.183 0
