# 0.470
15.401 0
24.236 0
32.823 0
41.574 0
50.251 0
58.978 0
67.774 0
76.256 0
85.084 0
93.703 0
102.389 0
111.183 0
119.832 0
128.530 0
137.162 0
145.896 0
154.693 0
163.289 0
172.023 0
180.744 0
189.405 0
198.117 0
206.795 0
215.448 0
224.035 0
232.740 0
241.484 0
250.173 0
258.929 0
267.579 0
276.424 0
285.066 0
293.844 0
302.601 0
311.090 0
319.849 0
328.728 0
345.997 0
354.848 0
363.546 0
372.241 0
381.008 0
389.738 0
398.521 0
407.150 0
415.987 0
424.649 0
433.499 0
442.162 0
450.994 0
459.689 0
468.464 0
477.190 0
485.911 0
494.637 0
503.372 0
512.161 0
520.892 0
529.576 0
538.297 0
547.007 0
555.774 0
564.641 0
573.312 0
582.053 0
590.867 0
599.610 0
608.342 0
617.177 0
625.980 0
634.686 0
643.495 0
652.392 0
661.101 0
669.897 0
687.482 0
696.294 0
705.132 0
713.913 0
722.774 0
731.514 0
740.286 0
749.077 0
758.060 0
766.915 0
775.568 0
784.421 0
793.178 0
802.059 0
810.850 0
819.670 0
828.465 0
837.338 0
846.132 0
854.969 0
863.891 0
872.763 0
881.582 0
890.541 0
899.376 0
908.091 0
917.041 0
925.897 0
934.945 0
943.737 0
952.484 0
961.615 0
970.311 0
979.282 0
988.206 0
997.176 0
1005.939 0
