# 0.470
29.184 0
38.114 0
47.069 0
55.838 0
64.901 0
73.787 0
82.645 0
91.507 0
100.374 0
109.445 0
118.199 0
127.153 0
135.879 0
144.840 0
153.651 0
162.442 0
171.349 0
180.254 0
189.163 0
197.802 0
206.864 0
215.835 0
224.386 0
233.371 0
242.174 0
251.055 0
259.849 0
268.716 0
277.447 0
286.341 0
295.074 0
303.965 0
312.794 0
321.741 0
330.427 0
339.341 0
348.130 0
365.590 0
374.384 0
383.233 0
392.068 0
400.940 0
409.647 0
418.477 0
427.172 0
436.038 0
444.711 0
453.462 0
462.118 0
470.980 0
479.684 0
488.390 0
497.110 0
505.850 0
514.760 0
523.250 1
532.206 0
540.923 0
549.629 0
558.396 0
567.048 0
575.940 0
584.608 0
593.259 0
602.048 0
610.745 0
619.528 0
628.328 0
637.054 0
645.741 0
654.540 0
663.305 0
671.955 0
680.693 0
689.471 0
706.951 0
715.636 0
724.369 0
733.009 0
741.562 0
750.424 0
759.060 0
767.780 0
776.500 0
785.202 0
793.952 0
802.670 0
811.424 0
819.904 0
828.686 0
837.438 0
846.143 0
854.792 0
863.549 0
872.215 0
880.958 0
889.495 0
898.186 0
906.888 0
915.635 0
924.377 0
933.116 0
941.883 0
950.463 0
959.243 0
967.816 0
976.530 0
985.296 0
994.070 0
1002.763 0
1011.340 0
1019.996 0
