# 0.470
16.552 0
25.332 0
33.812 0
42.671 0
51.271 0
60.028 0
68.747 0
77.512 0
86.133 0
94.819 0
103.632 0
112.158 0
120.999 0
129.565 0
138.620 0
147.140 0
155.822 0
164.408 0
173.196 0
181.901 0
190.663 0
199.386 0
208.087 0
216.805 0
225.377 0
234.143 0
242.827 0
251.496 0
260.177 0
268.907 0
277.760 0
286.312 0
295.147 0
303.836 0
312.448 0
321.242 0
329.829 0
347.498 0
356.133 0
364.828 0
373.690 0
382.346 0
391.032 0
399.816 0
408.521 0
417.360 0
426.035 0
434.800 0
443.609 0
452.302 0
461.141 0
469.867 0
478.580 0
487.369 0
496.028 0
504.895 0
513.598 0
522.382 0
531.052 0
539.856 0
548.594 0
557.349 0
565.997 0
574.775 0
583.494 0
592.352 0
601.082 0
609.852 0
618.650 0
627.429 0
636.176 0
644.968 0
653.845 0
662.686 0
671.496 0
689.059 0
697.857 0
706.697 0
715.550 0
724.347 0
733.201 0
741.999 0
750.741 0
759.764 0
768.459 0
777.336 0
786.070 0
794.884 0
803.796 0
812.622 0
821.415 0
830.124 0
839.271 0
847.953 0
856.743 0
865.754 0
874.392 0
883.240 0
892.246 0
901.006 0
909.904 0
918.882 0
927.661 0
936.721 0
945.535 0
954.353 0
963.386 0
972.139 0
981.187 0
990.090 0
998.975 0
1007.925 0
