# 0.470
22.127 0
31.006 0
40.005 0
48.738 0
57.751 0
66.678 0
75.640 0
84.494 0
93.298 0
102.288 0
111.141 0
120.135 0
128.950 0
137.731 0
146.666 0
155.515 0
164.319 0
173.305 0
182.213 0
190.904 0
199.836 0
208.812 0
217.629 0
226.419 0
235.309 0
244.159 0
252.991 0
261.798 0
270.549 0
279.595 0
288.386 0
297.121 0
306.085 0
314.679 0
323.573 0
332.456 0
341.175 0
358.741 0
367.516 0
376.295 0
385.150 0
394.008 0
402.709 0
411.389 0
420.259 0
429.045 0
437.833 0
446.611 0
455.280 0
464.139 0
472.964 0
481.615 0
490.431 0
499.183 0
507.951 0
516.796 0
525.410 0
534.143 0
542.987 0
551.671 0
560.481 0
569.250 0
577.996 0
586.805 0
595.416 0
604.213 0
613.081 0
621.625 0
630.484 0
639.209 0
647.917 0
656.748 0
665.000 1
674.038 0
682.803 0
700.349 0
708.942 0
717.675 0
726.336 0
734.981 0
743.732 0
752.483 0
761.230 0
769.928 0
778.763 0
787.350 0
796.299 0
804.832 0
813.417 0
822.265 0
830.955 0
839.573 0
848.318 0
857.107 0
865.836 0
874.618 0
883.326 0
891.928 0
900.619 0
909.415 0
918.169 0
926.848 0
935.583 0
944.169 0
952.825 0
961.655 0
970.294 0
979.138 0
987.870 0
996.528 0
1005.149 0
1013.833 0
