# 0.470
18.533 0
27.428 0
36.441 0
45.270 0
54.205 0
63.079 0
72.039 0
80.871 0
89.691 0
98.629 0
107.424 0
116.466 0
125.336 0
134.139 0
142.961 0
151.805 0
160.670 0
169.603 0
178.329 0
187.153 0
196.166 0
204.963 0
213.706 0
222.401 0
231.402 0
240.113 0
249.076 0
257.668 0
266.519 0
275.395 0
284.183 0
293.067 0
301.818 0
310.660 0
319.624 0
328.447 0
337.151 0
354.675 0
363.468 0
372.265 0
381.203 0
389.954 0
398.789 0
407.482 0
416.272 0
425.023 0
433.837 0
442.581 0
451.336 0
460.049 0
468.842 0
477.555 0
486.444 0
495.095 0
503.787 0
512.685 0
521.317 0
530.087 0
538.783 0
547.559 0
556.309 0
565.015 0
573.842 0
582.606 0
591.200 0
599.962 0
608.793 0
617.561 0
626.225 0
635.036 0
643.801 0
652.414 0
661.230 0
669.918 0
678.667 0
696.096 0
704.802 0
713.575 0
722.163 0
730.810 0
739.592 0
748.295 0
757.101 0
765.732 0
774.463 0
783.166 0
791.967 0
800.605 0
809.005 0
817.925 0
826.711 0
835.259 0
844.028 0
852.822 0
861.391 0
870.189 0
878.678 0
887.400 0
896.149 0
904.842 0
913.531 0
922.310 0
931.032 0
939.600 0
948.283 0
956.987 0
965.823 0
974.347 0
983.060 0
991.885 0
1000.479 0
1009.114 0
