# 0.470
11.766 0
20.496 0
29.068 0
37.850 0
46.507 0
55.301 0
63.896 0
72.699 0
81.399 0
90.009 0
98.760 0
107.435 0
116.082 0
124.715 0
133.560 0
142.380 0
150.854 0
159.625 0
168.191 0
176.961 0
185.571 0
194.354 0
202.998 0
211.773 0
220.266 0
229.110 0
237.811 0
246.677 0
255.254 0
263.930 0
272.652 0
281.261 0
290.164 0
298.854 0
307.508 0
316.079 0
324.896 0
342.461 0
351.044 0
359.666 0
368.330 0
377.152 0
386.012 0
394.677 0
403.283 0
412.181 0
420.747 0
429.498 0
438.291 0
447.111 0
455.852 0
464.419 0
473.199 0
481.952 0
490.710 0
499.410 0
508.187 0
516.905 0
525.618 0
534.403 0
543.168 0
551.981 0
560.762 0
569.369 0
578.092 0
586.864 0
595.654 0
604.442 0
613.203 0
622.000 0
630.770 0
639.494 0
648.441 0
657.237 0
666.054 0
683.589 0
692.303 0
701.074 0
710.082 0
718.798 0
727.482 0
736.281 0
745.051 0
753.966 0
762.776 0
771.568 0
780.347 0
789.118 0
798.056 0
806.901 0
815.648 0
824.487 0
833.384 0
842.168 0
850.972 0
859.949 0
868.850 0
877.708 0
886.578 0
895.512 0
904.118 0
913.192 0
922.137 0
930.879 0
939.795 0
948.637 0
957.544 0
966.494 0
975.416 0
984.207 0
993.098 0
1001.989 0
