# 0.470
27.927 0
36.832 0
45.628 0
54.483 0
63.337 0
72.209 0
81.164 0
89.909 0
98.798 0
107.814 0
116.746 0
125.545 0
134.241 0
143.215 0
152.082 0
160.966 0
169.763 0
178.666 0
187.668 0
196.341 0
205.136 0
214.093 0
222.743 0
231.685 0
240.574 0
249.307 0
258.076 0
267.055 0
275.700 0
284.800 0
293.556 0
302.381 0
311.040 0
319.804 0
328.663 0
337.546 0
346.345 0
363.939 0
372.709 0
381.540 0
390.353 0
399.040 0
407.848 0
416.691 0
425.373 0
433.956 0
442.852 0
451.664 0
460.355 0
469.135 0
477.919 0
486.599 0
495.371 0
504.077 0
512.831 0
521.657 0
530.505 0
539.124 0
547.844 0
556.565 0
565.309 0
574.150 0
582.838 0
591.716 0
600.258 0
608.999 0
617.719 0
626.634 0
635.288 0
644.033 0
652.633 0
661.444 0
670.130 0
678.951 0
687.702 0
705.106 0
713.744 0
722.450 0
731.088 0
739.821 0
748.472 0
757.186 0
765.856 0
774.754 0
783.357 0
792.072 0
800.797 0
809.494 0
818.104 0
826.788 0
835.553 0
844.174 0
852.970 0
861.684 0
870.335 0
879.071 0
887.690 0
896.486 0
905.080 0
913.925 0
922.679 0
931.183 0
940.022 0
948.543 0
957.282 0
966.040 0
974.699 0
983.503 0
992.135 0
1000.890 0
1009.522 0
1018.242 0
