# 0.470
20.833 0
29.576 0
38.257 0
46.920 0
55.711 0
64.338 0
73.014 0
81.781 0
90.499 0
99.129 0
107.891 0
116.521 0
125.269 0
133.955 0
142.680 0
151.336 0
159.950 0
168.721 0
177.475 0
186.213 0
194.904 0
203.583 0
212.221 0
220.988 0
229.541 0
238.230 0
246.946 0
255.604 0
264.326 0
273.091 0
281.881 0
290.439 0
299.181 0
307.883 0
316.569 0
325.301 0
334.022 0
351.464 0
360.181 0
368.954 0
377.658 0
386.424 0
395.104 0
403.786 0
412.661 0
421.355 0
430.087 0
438.703 0
447.612 0
456.344 0
465.069 0
473.910 0
482.589 0
491.346 0
499.993 0
508.726 0
517.545 0
526.218 0
534.992 0
543.670 0
552.431 0
561.164 0
570.035 0
578.742 0
587.468 0
596.204 0
605.030 0
613.781 0
622.520 0
631.212 0
639.979 0
648.830 0
657.735 0
666.471 0
675.272 0
692.849 0
701.538 0
710.424 0
719.370 0
728.073 0
736.898 0
745.731 0
754.478 0
763.481 0
772.194 0
781.020 0
789.700 0
798.635 0
807.495 0
816.270 0
825.136 0
833.941 0
842.909 0
851.758 0
860.360 0
869.413 0
878.244 0
887.082 0
895.887 0
904.776 0
913.725 0
922.483 0
931.363 0
940.277 0
949.160 0
958.043 0
967.045 0
975.875 0
984.890 0
993.779 0
1002.652 0
1011.161 0
