# 0.470
24.874 0
33.653 0
42.571 0
51.475 0
60.419 0
69.181 0
78.237 0
87.065 0
95.938 0
104.891 0
113.727 0
122.676 0
131.532 0
140.287 0
149.253 0
158.097 0
166.852 0
175.728 0
184.622 0
193.439 0
202.217 0
211.161 0
219.962 0
228.757 0
237.637 0
246.427 0
255.354 0
264.122 0
272.961 0
281.937 0
290.745 0
299.519 0
308.231 0
317.087 0
325.939 0
334.665 0
343.498 0
361.021 0
369.733 0
378.595 0
387.488 0
396.127 0
404.975 0
413.761 0
422.457 0
431.259 0
439.992 0
448.787 0
457.493 0
466.166 0
474.942 0
483.549 0
492.412 0
501.184 0
509.980 0
518.699 0
527.509 0
536.139 0
544.876 0
553.678 0
562.277 0
571.101 0
579.887 0
588.690 0
597.355 0
606.010 0
614.793 0
623.482 0
632.319 0
640.986 0
649.720 0
658.471 0
667.182 0
675.818 0
684.502 0
701.992 0
710.690 0
719.451 0
727.979 0
736.774 0
745.420 0
754.198 0
762.856 0
771.593 0
780.324 0
788.957 0
797.731 0
806.382 0
814.971 0
823.752 0
832.332 0
841.113 0
849.888 0
858.633 0
867.321 0
876.012 0
884.573 0
893.345 0
902.006 0
910.737 0
919.475 0
928.141 0
936.989 0
945.518 0
954.195 0
962.883 0
971.638 0
980.272 0
989.054 0
997.770 0
1006.341 0
1014.986 0
