# 0.470
17.733 0
26.356 0
35.082 0
43.675 0
52.408 0
61.186 0
69.924 0
78.465 0
87.279 0
95.891 0
104.555 0
113.268 0
121.982 0
130.764 0
139.387 0
148.188 0
156.813 0
165.478 0
174.219 0
182.884 0
191.561 0
200.210 0
208.964 0
217.733 0
226.306 0
235.032 0
243.745 0
252.487 0
261.160 0
269.846 0
278.521 0
287.245 0
295.899 0
304.678 0
313.231 0
321.959 0
330.699 0
348.109 0
356.899 0
365.602 0
374.264 0
383.029 0
391.794 0
400.533 0
409.259 0
418.023 0
426.684 0
435.440 0
444.163 0
452.939 0
461.657 0
470.349 0
479.127 0
487.859 0
496.573 0
505.373 0
514.107 0
522.783 0
531.586 0
540.301 0
549.035 0
557.731 0
566.448 0
575.321 0
583.994 0
592.754 0
601.498 0
610.146 0
618.889 0
627.744 0
636.562 0
645.343 0
654.071 0
662.979 0
671.620 0
689.184 0
698.100 0
706.869 0
715.726 0
724.545 0
733.290 0
742.113 0
750.827 0
759.752 0
768.624 0
777.459 0
786.282 0
794.974 0
804.018 0
812.767 0
821.411 0
830.184 0
839.216 0
848.002 0
856.815 0
865.701 0
874.574 0
883.453 0
892.264 0
901.101 0
909.964 0
918.864 0
927.747 0
936.647 0
945.532 0
954.240 0
963.385 0
972.107 0
981.095 0
989.924 0
998.933 0
1007.756 0
