# 0.470
27.833 0
36.576 0
45.257 0
53.92 0
62.711 0
71.338 0
80.014 0
88.781 0
97.499 0
106.129 0
114.891 0
123.521 0
132.269 0
140.955 0
149.68 0
158.336 0
166.95 0
175.721 0
184.475 0
193.213 0
201.904 0
210.583 0
219.221 0
227.988 0
236.541 0
245.23 0
253.946 0
262.604 0
271.326 0
280.091 0
288.881 0
297.439 0
306.181 0
314.883 0
323.569 0
332.301 0
341.022 0
358.464 0
367.181 0
375.954 0
384.658 0
393.424 0
402.104 0
410.786 0
419.661 0
428.355 0
437.087 0
445.703 0
454.612 0
463.344 0
472.069 0
480.91 0
489.589 0
498.346 0
506.993 0
515.726 0
524.545 0
533.218 0
541.992 0
550.67 0
559.431 0
568.164 0
577.035 0
585.742 0
594.468 0
603.204 0
612.03 0
620.781 0
629.52 0
638.212 0
646.979 0
655.83 0
664.735 0
673.471 0
682.272 0
699.849 0
708.538 0
717.424 0
726.37 0
735.073 0
743.898 0
752.731 0
761.478 0
770.481 0
779.194 0
788.02 0
796.7 0
805.635 0
814.495 0
823.27 0
832.136 0
840.941 0
849.909 0
858.758 0
867.36 0
876.413 0
885.244 0
894.082 0
902.887 0
911.776 0
920.725 0
929.483 0
938.363 0
947.277 0
956.16 0
965.043 0
974.045 0
982.875 0
991.89 0
1000.78 0
1009.65 0
1018.16 0
