# 0.470
20.927 0
29.832 0
38.628 0
47.483 0
56.337 0
65.209 0
74.164 0
82.909 0
91.798 0
100.814 0
109.746 0
118.545 0
127.241 0
136.215 0
145.082 0
153.966 0
162.763 0
171.666 0
180.668 0
189.341 0
198.136 0
207.093 0
215.743 0
224.685 0
233.574 0
242.307 0
251.076 0
260.055 0
268.7 0
277.8 0
286.556 0
295.381 0
304.04 0
312.804 0
321.663 0
330.546 0
339.345 0
356.939 0
365.709 0
374.54 0
383.353 0
392.04 0
400.848 0
409.691 0
418.373 0
426.956 0
435.852 0
444.664 0
453.355 0
462.135 0
470.919 0
479.599 0
488.371 0
497.077 0
505.831 0
514.657 0
523.505 0
532.124 0
540.844 0
549.565 0
558.309 0
567.15 0
575.838 0
584.716 0
593.258 0
601.999 0
610.719 0
619.634 0
628.288 0
637.033 0
645.633 0
654.444 0
663.13 0
671.951 0
680.702 0
698.106 0
706.744 0
715.45 0
724.088 0
732.821 0
741.472 0
750.186 0
758.856 0
767.754 0
776.357 0
785.072 0
793.797 0
802.494 0
811.104 0
819.788 0
828.553 0
837.174 0
845.97 0
854.684 0
863.335 0
872.071 0
880.69 0
889.486 0
898.08 0
906.925 0
915.679 0
924.183 0
933.022 0
941.543 0
950.282 0
959.04 0
967.699 0
976.503 0
985.135 0
993.89 0
1002.52 0
1011.24 0
