# 0.470
22.595 0
31.511 0
40.363 0
49.241 0
58.254 0
67.254 0
76.284 0
85.138 0
93.825 0
102.843 0
111.665 0
120.643 0
129.423 0
138.386 0
147.274 0
156.086 0
164.966 0
173.970 0
182.749 0
191.627 0
200.532 0
209.381 0
218.255 0
227.029 0
235.933 0
244.803 0
253.555 0
262.365 0
271.189 0
280.163 0
288.844 0
297.633 0
306.549 0
315.523 0
324.395 0
333.222 0
341.988 0
359.437 0
368.281 0
377.131 0
386.076 0
394.707 0
403.690 0
412.512 0
421.171 0
430.019 0
438.781 0
447.477 0
456.331 0
465.039 0
473.839 0
482.535 0
491.425 0
500.077 0
508.909 0
517.630 0
526.552 0
535.139 0
544.017 0
552.690 0
561.385 0
570.173 0
578.916 0
587.793 0
596.497 0
605.157 0
613.933 0
622.833 0
631.544 0
640.186 0
648.966 0
657.717 0
666.543 0
675.314 0
683.918 0
701.594 0
710.319 0
719.013 0
727.685 0
736.503 0
745.118 0
753.879 0
762.523 0
771.286 0
780.077 0
788.695 0
797.619 0
806.331 0
814.905 0
823.637 0
832.318 0
841.029 0
849.735 0
858.528 0
867.234 0
875.980 0
884.587 0
893.411 0
902.080 0
910.758 0
919.472 0
928.223 0
937.145 0
945.736 0
954.455 0
963.124 0
971.808 0
980.614 0
989.307 0
998.058 0
1006.784 0
1015.555 0
