# 0.470
18.209 0
26.911 0
35.556 0
44.259 0
53.004 0
61.814 0
70.656 0
79.345 0
88.020 0
96.606 0
105.524 0
114.175 0
122.804 0
131.712 0
140.366 0
149.130 0
157.847 0
166.553 0
175.332 0
183.846 0
192.633 0
201.520 0
210.167 0
218.906 0
227.461 0
236.242 0
244.803 0
253.764 0
262.426 0
271.010 0
279.776 0
288.567 0
297.273 0
306.060 0
314.681 0
323.473 0
332.083 0
349.601 0
358.449 0
367.321 0
375.937 0
384.710 0
393.533 0
402.216 0
411.026 0
419.827 0
428.474 0
437.288 0
445.932 0
454.843 0
463.583 0
472.552 0
481.052 0
489.905 0
498.568 0
507.399 0
516.011 0
525.000 0
533.787 0
542.547 0
551.317 0
560.042 0
568.849 0
577.520 0
586.173 0
594.905 0
603.949 0
612.629 0
621.344 0
630.000 1
639.027 0
647.777 0
656.705 0
665.400 0
674.359 0
691.930 0
700.773 0
709.542 0
718.587 0
727.323 0
736.019 0
744.872 0
753.736 0
762.707 0
771.560 0
780.441 0
789.224 0
798.015 0
807.112 0
815.821 0
824.517 0
833.436 0
842.428 0
851.220 0
860.074 0
869.034 0
877.870 0
886.719 0
895.593 0
904.375 0
913.246 0
922.301 0
931.121 0
940.099 0
948.946 0
957.757 0
966.887 0
975.698 0
984.699 0
993.488 0
1002.611 0
1011.445 0
