# 0.470
22.789 0
31.670 0
40.797 0
49.524 0
58.483 0
67.403 0
76.332 0
85.199 0
93.864 0
103.009 0
111.756 0
120.816 0
129.643 0
138.489 0
147.397 0
156.294 0
165.093 0
173.808 0
182.814 0
191.700 0
200.630 0
209.428 0
218.239 0
227.138 0
235.943 0
245.109 0
253.829 0
262.513 0
271.352 0
280.342 0
289.106 0
298.234 0
306.713 0
315.644 0
324.494 0
333.314 0
342.109 0
359.598 0
368.405 0
377.093 0
386.143 0
394.831 0
403.689 0
412.507 0
421.218 0
429.978 0
438.853 0
447.565 0
456.211 0
464.982 0
473.876 0
482.597 0
491.548 0
500.122 0
508.889 0
517.635 0
526.373 0
535.184 0
544.074 0
552.892 0
561.574 0
570.323 0
579.139 0
587.862 0
596.734 0
605.347 0
614.186 0
622.972 0
631.822 0
640.399 0
649.242 0
657.978 0
666.617 0
675.483 0
684.146 0
701.734 0
710.528 0
719.109 0
727.831 0
736.470 0
745.101 0
753.945 0
762.789 0
771.488 0
780.191 0
788.821 0
797.837 0
806.350 0
814.863 0
823.764 0
832.466 0
841.239 0
849.898 0
858.620 0
867.535 0
876.253 0
884.822 0
893.594 0
902.132 0
910.955 0
919.592 0
928.454 0
937.057 0
945.847 0
954.625 0
963.406 0
972.048 0
980.697 0
989.419 0
998.177 0
1006.885 0
1015.724 0
