# 0.470
18.038 0
26.865 0
35.526 0
44.243 0
53.002 0
61.752 0
70.481 0
79.214 0
87.931 0
96.626 0
105.241 0
114.107 0
122.762 0
131.450 0
140.213 0
148.848 0
157.401 0
166.252 0
175.031 0
183.612 0
192.367 0
200.967 0
209.790 0
218.476 0
227.046 0
235.850 0
244.569 0
253.327 0
262.010 0
270.757 0
279.594 0
288.317 0
297.087 0
305.847 0
314.414 0
323.227 0
331.875 0
349.427 0
358.125 0
366.909 0
375.657 0
384.379 0
393.101 0
401.773 0
410.622 0
419.319 0
428.111 0
437.011 0
445.589 0
454.396 0
463.032 0
471.819 0
480.614 0
489.373 0
498.060 0
506.762 0
515.498 0
524.264 0
533.016 0
541.805 0
550.532 0
559.330 0
568.098 0
576.925 0
585.689 0
594.582 0
603.278 0
612.045 0
620.861 0
629.560 0
638.508 0
647.258 0
656.098 0
664.956 0
673.797 0
691.356 0
700.109 0
709.021 0
717.921 0
726.651 0
735.526 0
744.376 0
753.127 0
761.969 0
770.744 0
779.599 0
788.319 0
797.163 0
806.101 0
814.810 0
823.566 0
832.423 0
841.314 0
850.200 0
858.979 0
868.259 0
876.920 0
885.679 0
894.643 0
903.398 0
912.295 0
921.190 0
930.072 0
939.110 0
947.969 0
956.953 0
965.710 0
974.577 0
983.645 0
992.621 0
1001.690 0
1010.427 0
