# 0.470
13.208 0
21.949 0
30.520 0
39.296 0
47.968 0
56.767 0
65.324 0
74.108 0
82.853 0
91.458 0
100.205 0
108.892 0
117.548 0
126.171 0
135.002 0
143.858 0
152.290 0
161.067 0
169.652 0
178.408 0
187.032 0
195.815 0
204.450 0
213.231 0
221.739 0
230.601 0
239.262 0
248.138 0
256.742 0
265.390 0
274.125 0
282.783 0
291.610 0
300.314 0
308.975 0
317.551 0
326.352 0
343.939 0
352.513 0
361.125 0
369.813 0
378.628 0
387.481 0
396.138 0
404.767 0
413.675 0
422.214 0
430.971 0
439.774 0
448.597 0
457.320 0
465.912 0
474.681 0
483.424 0
492.203 0
500.906 0
509.675 0
518.386 0
527.092 0
535.885 0
544.652 0
553.463 0
562.244 0
570.850 0
579.568 0
588.336 0
597.139 0
605.923 0
614.684 0
623.496 0
632.247 0
640.980 0
649.916 0
658.712 0
667.548 0
685.071 0
693.790 0
702.547 0
711.570 0
720.287 0
728.957 0
737.759 0
746.528 0
755.453 0
764.272 0
773.055 0
781.821 0
790.591 0
799.540 0
808.400 0
817.134 0
825.965 0
834.864 0
843.630 0
852.452 0
861.437 0
870.345 0
879.190 0
888.053 0
896.979 0
905.578 0
914.661 0
923.621 0
932.379 0
941.283 0
950.134 0
959.035 0
967.973 0
976.880 0
985.679 0
994.570 0
1003.453 0
