# 0.470
17.185 0
25.959 0
34.411 0
43.346 0
51.970 0
60.708 0
69.481 0
78.174 0
86.813 0
95.531 0
104.400 0
112.884 0
121.719 0
130.280 0
139.535 0
147.898 0
156.561 0
165.307 0
173.922 0
182.674 0
191.431 0
200.260 0
208.937 0
217.635 0
226.298 0
235.151 0
243.810 0
252.361 0
261.181 0
269.876 0
278.810 0
287.295 0
296.167 0
304.942 0
313.529 0
322.323 0
330.882 0
348.634 0
357.308 0
366.042 0
375.035 0
383.652 0
392.351 0
401.131 0
410.012 0
418.648 0
427.518 0
436.166 0
445.113 0
453.719 0
462.775 0
471.463 0
480.104 0
489.100 0
497.627 0
506.613 0
515.490 0
524.185 0
532.873 0
541.621 0
550.606 0
559.439 0
567.744 0
576.888 0
585.693 0
594.642 0
603.644 0
612.240 0
620.994 0
629.707 0
638.763 0
647.678 0
656.795 0
665.439 0
673.449 0
691.669 0
701.366 0
701.921 0
709.970 0
718.950 0
728.497 0
737.073 0
747.022 0
765.011 0
773.356 0
781.891 0
791.502 0
800.068 0
809.184 0
818.420 0
827.308 0
835.932 0
844.914 0
853.622 0
862.453 0
871.452 0
880.358 0
889.463 0
898.379 0
906.921 0
915.590 0
924.602 0
933.521 0
942.567 0
951.494 0
960.468 0
969.514 0
978.365 0
987.426 0
996.422 0
1005.361 0
1012.299 0
