# 0.470
19.761 0
28.662 0
37.669 0
46.505 0
55.442 0
64.320 0
73.300 0
82.122 0
90.953 0
99.870 0
108.690 0
117.718 0
126.591 0
135.381 0
144.216 0
153.089 0
161.939 0
170.847 0
179.610 0
188.424 0
197.430 0
206.249 0
215.006 0
223.672 0
232.694 0
241.426 0
250.371 0
258.965 0
267.820 0
276.665 0
285.493 0
294.382 0
303.107 0
311.957 0
320.909 0
329.751 0
338.460 0
355.991 0
364.797 0
373.595 0
382.547 0
391.272 0
400.115 0
408.800 0
417.618 0
426.356 0
435.186 0
443.939 0
452.681 0
461.390 0
470.207 0
478.894 0
487.805 0
496.462 0
505.160 0
514.040 0
522.692 0
531.453 0
540.166 0
548.914 0
557.685 0
566.381 0
575.220 0
583.976 0
592.586 0
601.366 0
610.187 0
618.938 0
627.611 0
636.408 0
645.180 0
653.796 0
662.619 0
671.301 0
680.059 0
697.501 0
706.193 0
714.983 0
723.568 0
732.217 0
740.990 0
749.715 0
758.506 0
767.139 0
775.873 0
784.571 0
793.367 0
802.018 0
810.432 0
819.332 0
828.130 0
836.691 0
845.457 0
854.241 0
862.821 0
871.647 0
880.111 0
888.836 0
897.592 0
906.265 0
914.970 0
923.758 0
932.464 0
941.015 0
949.734 0
958.426 0
967.245 0
975.806 0
984.504 0
993.319 0
1001.929 0
1010.551 0
