# 0.470
23.836 0
32.698 0
41.690 0
50.398 0
59.394 0
68.310 0
77.252 0
86.078 0
94.848 0
103.801 0
112.633 0
121.599 0
130.410 0
139.189 0
148.094 0
156.928 0
165.710 0
174.670 0
183.555 0
192.252 0
201.181 0
210.129 0
218.920 0
227.705 0
236.571 0
245.408 0
254.235 0
263.031 0
271.764 0
280.788 0
289.558 0
298.288 0
307.217 0
315.805 0
324.702 0
333.559 0
342.264 0
359.829 0
368.576 0
377.345 0
386.204 0
395.021 0
403.705 0
412.383 0
421.251 0
429.999 0
438.756 0
447.551 0
456.227 0
465.066 0
473.861 0
482.499 0
491.338 0
500.058 0
508.812 0
517.621 0
526.254 0
534.950 0
543.796 0
552.496 0
561.322 0
570.024 0
578.787 0
587.553 0
596.185 0
604.980 0
613.878 0
622.404 0
631.218 0
639.917 0
648.630 0
657.460 0
665.500 1
674.740 0
683.540 0
701.049 0
709.661 0
718.373 0
727.023 0
735.665 0
744.389 0
753.180 0
761.918 0
770.598 0
779.486 0
788.060 0
796.945 0
805.497 0
814.085 0
822.872 0
831.599 0
840.280 0
848.973 0
857.741 0
866.509 0
875.242 0
883.945 0
892.567 0
901.291 0
910.084 0
918.755 0
927.441 0
936.233 0
944.794 0
953.433 0
962.272 0
970.896 0
979.702 0
988.483 0
997.162 0
1005.730 0
1014.444 0
