# 0.470
24.911 0
33.712 0
42.235 0
50.924 0
59.607 0
68.439 0
77.151 0
86.006 0
94.500 1
103.174 0
111.882 0
120.696 0
129.440 0
137.960 0
146.661 0
155.543 0
164.146 0
172.831 0
181.384 0
190.270 0
198.927 0
207.685 0
216.249 0
224.870 0
233.606 0
242.312 0
250.967 0
259.724 0
268.448 0
277.202 0
285.891 0
294.609 0
303.469 0
312.186 0
320.700 0
329.485 0
338.285 0
355.655 0
364.427 0
373.177 0
381.831 0
390.601 0
399.372 0
408.214 0
416.864 0
425.558 0
434.304 0
443.010 0
451.797 0
460.507 0
469.266 0
478.147 0
486.637 0
495.585 0
504.336 0
513.049 0
521.692 0
530.378 0
539.121 0
547.848 0
556.665 0
565.458 0
574.288 0
582.987 0
591.820 0
600.362 0
609.228 0
618.241 0
626.873 0
635.624 0
644.403 0
653.120 0
662.153 0
670.956 0
679.690 0
697.203 0
705.855 0
714.801 0
723.683 0
732.477 0
741.176 0
750.043 0
758.788 0
767.808 0
776.495 0
785.377 0
794.207 0
802.972 0
811.923 0
820.828 0
829.459 0
838.303 0
847.223 0
856.054 0
864.898 0
873.820 0
882.709 0
891.510 0
900.414 0
909.254 0
918.170 0
927.104 0
936.054 0
944.786 0
953.840 0
962.643 0
971.509 0
980.254 0
989.268 0
998.139 0
1007.061 0
1015.999 0
