# 0.470
31.232 0
40.041 0
49.140 0
58.054 0
66.970 0
75.792 0
84.844 0
93.696 0
102.435 0
111.407 0
120.265 0
129.285 0
138.090 0
146.926 0
155.651 0
164.501 0
173.319 0
182.313 0
191.140 0
199.973 0
208.864 0
217.763 0
226.401 0
235.339 0
244.131 0
253.003 0
261.713 0
270.507 0
279.391 0
288.197 0
297.086 0
305.852 0
314.686 0
323.535 0
332.357 0
341.262 0
349.970 0
367.546 0
376.318 0
385.142 0
393.975 0
402.759 0
411.549 0
420.482 0
429.176 0
437.794 0
446.593 0
455.504 0
464.204 0
472.989 0
481.794 0
490.432 0
499.185 0
507.992 0
516.750 0
525.351 0
533.963 0
542.958 0
551.619 0
560.385 0
569.124 0
577.860 0
586.650 0
595.355 0
604.006 0
612.832 0
621.601 0
630.359 0
639.226 0
647.789 0
656.653 0
665.382 0
674.130 0
682.805 0
691.524 0
708.977 0
717.586 0
726.474 0
735.066 0
743.729 0
752.359 0
761.176 0
769.881 0
778.714 0
787.173 0
796.043 0
804.721 0
813.500 0
822.210 0
831.000 1
839.610 0
848.110 0
856.917 0
865.690 0
874.367 0
883.019 0
891.564 0
900.424 0
908.995 0
917.849 0
926.610 0
935.294 0
943.957 0
952.572 0
961.368 0
969.976 0
978.774 0
987.480 0
996.182 0
1004.925 0
1013.681 0
1022.399 0
