# 0.470
23.535 0
31.909 0
40.993 0
49.876 0
58.931 0
67.463 0
77.010 0
85.837 0
94.412 0
103.290 0
112.185 0
121.457 0
130.204 0
138.959 0
147.789 0
156.639 0
165.585 0
174.503 0
183.499 0
192.255 0
201.075 0
209.931 0
218.569 0
227.466 0
236.750 0
245.572 0
254.249 0
263.148 0
271.846 0
280.786 0
289.506 0
298.369 0
307.453 0
316.144 0
324.924 0
333.863 0
342.605 0
360.007 0
368.838 0
377.640 0
386.550 0
395.381 0
404.276 0
413.070 0
421.879 0
430.484 0
439.312 0
447.926 0
456.872 0
465.557 0
474.277 0
483.288 0
491.812 0
500.632 0
509.465 0
518.282 0
526.992 0
535.844 0
544.464 0
553.371 0
562.116 0
570.865 0
579.759 0
588.485 0
597.171 0
605.849 0
614.501 0
623.506 0
632.390 0
641.031 0
649.779 0
658.534 0
667.251 0
675.954 0
684.636 0
702.124 0
711.018 0
719.556 0
728.286 0
736.941 0
745.909 0
754.447 0
763.268 0
771.946 0
780.777 0
789.373 0
798.029 0
806.788 0
815.501 0
824.189 0
832.967 0
841.756 0
850.582 0
859.229 0
868.001 0
876.617 0
885.347 0
894.116 0
902.630 0
911.463 0
919.970 0
928.849 0
937.441 0
946.070 0
954.759 0
963.738 0
972.213 0
980.984 0
989.760 0
998.607 0
1007.183 0
1015.957 0
