# 0.470
18.971 0
27.319 0
35.894 0
44.844 0
53.397 0
62.335 0
70.993 0
79.621 0
88.468 0
96.980 0
105.808 0
114.329 0
123.111 0
131.936 0
140.644 0
149.226 0
158.027 0
166.556 0
175.712 0
184.224 0
192.770 0
201.603 0
210.422 0
219.042 0
227.671 0
236.308 0
244.950 0
253.798 0
262.496 0
271.061 0
280.043 0
288.777 0
297.467 0
306.005 0
314.764 0
323.405 0
332.313 0
350.083 0
358.282 0
367.277 0
376.086 0
384.676 0
393.641 0
402.385 0
410.976 0
419.898 0
428.597 0
437.173 0
446.141 0
454.856 0
463.624 0
472.243 0
480.797 0
489.732 0
498.517 0
507.365 0
515.933 0
524.661 0
533.467 0
542.474 0
550.936 0
559.909 0
568.789 0
577.454 0
586.166 0
594.616 0
603.540 0
612.182 0
621.145 0
629.945 0
638.808 0
647.452 0
656.532 0
664.975 0
673.698 0
691.737 0
700.330 0
709.279 0
718.097 0
727.109 0
735.900 0
744.415 0
753.295 0
762.199 0
771.061 0
779.882 0
788.867 0
797.361 0
806.303 0
815.187 0
824.151 0
832.967 0
842.052 0
850.574 0
859.620 0
868.512 0
877.068 0
886.272 0
894.966 0
903.906 0
912.880 0
921.765 0
930.532 0
939.343 0
948.488 0
957.183 0
966.016 0
975.157 0
983.897 0
992.762 0
1002.132 0
1010.448 0
