# 0.470
20.778 0
29.628 0
38.488 0
47.589 0
56.390 0
65.423 0
74.475 0
83.264 0
92.141 0
101.128 0
109.602 0
118.924 0
127.740 0
136.374 0
145.276 0
154.001 0
163.173 0
171.815 0
180.656 0
189.546 0
198.394 0
207.151 0
216.309 0
224.937 0
233.817 0
242.590 0
250.746 0
260.681 0
269.178 0
277.973 0
286.596 0
295.644 0
304.438 0
313.068 0
322.086 0
330.750 0
339.787 0
357.187 0
366.026 0
374.137 0
383.884 0
392.064 0
401.057 0
409.852 0
418.655 0
427.309 0
436.004 0
444.830 0
453.776 0
462.258 0
471.363 0
479.998 0
488.752 0
497.154 0
506.014 0
514.916 0
523.382 0
532.780 0
541.344 0
550.088 0
558.683 0
567.283 0
576.204 0
585.203 0
593.392 0
602.211 0
611.287 0
619.834 0
628.594 0
637.335 0
645.758 0
654.892 0
663.642 0
672.163 0
680.744 0
698.274 0
707.278 0
715.692 0
724.152 0
733.166 0
741.809 0
750.370 0
758.994 0
768.296 0
776.641 0
785.205 0
794.580 0
802.953 0
811.081 0
820.583 0
828.783 0
837.380 0
846.135 0
854.992 0
863.742 0
872.464 0
880.727 0
889.515 0
898.430 0
906.994 0
916.128 0
924.215 0
933.273 0
941.758 0
950.955 0
959.030 0
968.357 0
976.368 0
985.703 0
993.800 0
1002.413 0
1010.935 0
