# 0.470
13.846 0
22.028 0
31.120 0
39.443 0
48.690 0
57.623 0
65.713 0
74.959 0
83.307 0
91.795 0
100.811 0
109.362 0
117.913 0
126.706 0
135.247 0
143.887 0
152.889 0
161.801 0
170.455 0
179.436 0
187.616 0
196.329 0
204.945 0
213.737 0
221.767 0
231.101 0
239.396 0
248.455 0
257.052 0
265.853 0
274.472 0
282.720 0
291.600 0
300.517 0
309.093 0
317.945 0
326.477 0
344.023 0
352.555 0
361.354 0
369.922 0
378.647 0
387.568 0
396.304 0
405.205 0
413.423 0
422.194 0
431.411 0
439.965 0
448.738 0
456.851 0
466.324 0
474.666 0
483.510 0
492.145 0
501.037 0
509.719 0
518.369 0
527.229 0
535.516 0
544.854 0
553.038 0
561.915 0
571.113 0
579.503 0
588.131 0
596.761 0
605.878 0
614.585 0
623.078 0
631.394 0
640.561 0
649.741 0
657.870 0
667.518 0
684.791 0
693.121 0
702.201 0
711.217 0
719.494 0
728.457 0
737.086 0
745.952 0
755.404 0
763.901 0
772.470 0
781.354 0
790.108 0
798.920 0
807.748 0
816.570 0
825.450 0
834.213 0
842.975 0
851.523 0
860.976 0
869.332 0
878.222 0
887.214 0
895.851 0
904.691 0
914.041 0
922.300 0
931.500 0
940.543 0
948.693 0
958.224 0
966.710 0
975.766 0
984.597 0
993.427 0
1002.551 0
