# 0.470
18.945 0
27.683 0
36.317 0
45.001 0
53.545 0
62.434 0
71.064 0
79.713 0
88.379 0
96.942 0
105.710 0
114.315 0
123.085 0
131.847 0
140.456 0
149.244 0
157.782 0
166.487 0
175.252 0
183.900 0
192.579 0
201.231 0
210.050 0
218.801 0
227.243 0
235.928 0
244.712 0
253.392 0
262.146 0
270.855 0
279.592 0
288.287 0
296.946 0
305.588 0
314.227 0
323.005 0
331.711 0
349.027 0
357.810 0
366.560 0
375.333 0
384.018 0
392.690 0
401.456 0
410.186 0
418.901 0
427.628 0
436.345 0
445.121 0
453.886 0
462.589 0
471.327 0
479.872 0
488.722 0
497.410 0
506.168 0
514.889 0
523.595 0
532.419 0
541.159 0
549.862 0
558.683 0
567.418 0
576.061 0
584.935 0
593.555 0
602.292 0
611.014 0
619.761 0
628.637 0
637.412 0
645.987 0
654.974 0
663.695 0
672.507 0
689.981 0
698.766 0
707.621 0
716.426 0
725.128 0
733.897 0
742.737 0
751.507 0
760.217 0
769.163 0
777.752 0
786.670 0
795.222 0
804.067 0
813.078 0
821.466 0
830.660 0
839.552 0
848.277 0
857.207 0
866.141 0
874.803 0
883.539 0
892.547 0
901.204 0
910.007 0
919.069 0
927.650 0
936.708 0
945.682 0
954.288 0
963.279 0
972.117 0
981.023 0
989.919 0
998.855 0
1007.624 0
