# 0.470
26.853 0
35.627 0
44.514 0
53.403 0
62.236 0
71.101 0
80.098 0
88.660 0
97.646 0
106.583 0
115.450 0
124.370 0
133.120 0
141.987 0
150.916 0
159.652 0
168.557 0
177.470 0
186.311 0
195.125 0
203.959 0
212.710 0
221.561 0
230.360 0
239.357 0
247.973 0
256.971 0
265.707 0
274.570 0
283.409 0
292.295 0
301.013 0
309.687 0
318.656 0
327.413 0
336.200 0
345.104 0
362.476 0
371.161 0
380.009 0
388.867 0
397.779 0
406.428 0
415.152 0
423.939 0
432.533 0
441.321 0
450.045 0
458.821 0
467.644 0
476.532 0
485.147 0
494.007 0
502.700 0
511.321 0
520.161 0
528.890 0
537.527 0
546.410 0
555.035 0
563.777 0
572.488 0
581.256 0
590.087 0
598.671 0
607.509 0
616.063 0
625.129 0
633.544 0
642.375 0
650.982 0
659.979 0
668.654 0
677.377 0
685.986 0
703.622 0
712.246 0
720.909 0
729.503 0
738.218 0
746.954 0
755.603 0
764.401 0
773.196 0
781.810 0
790.442 0
799.192 0
807.937 0
816.425 0
825.192 0
833.903 0
842.607 0
851.267 0
860.147 0
868.708 0
877.432 0
885.931 0
894.767 0
903.378 0
912.182 0
920.488 0
929.699 0
938.384 0
946.901 0
955.485 0
964.271 0
973.012 0
981.761 0
990.369 0
999.067 0
1007.465 0
1016.367 0
