3.501003781999999774e+03 -1.501504000000000111e-17
3.502498973000000206e+03 -8.067263999999999292e-18
3.503994162999999844e+03 -1.539905999999999947e-18
3.505489352999999937e+03 1.888021999999999860e-17
3.506984543000000031e+03 3.275998999999999851e-18
3.508479734000000008e+03 3.170388999999999840e-17
3.509974924000000101e+03 6.535772999999999620e-18
3.511470114000000194e+03 -1.728631000000000074e-18
3.512965303999999833e+03 1.154791999999999949e-17
3.514460494999999810e+03 4.314735999999999996e-18
3.515955684999999903e+03 7.135053000000000486e-20
3.517450874999999996e+03 3.036548000000000045e-18
3.518946065000000090e+03 1.352622000000000074e-17
3.520441256000000067e+03 1.152500999999999966e-17
3.521936446000000160e+03 2.269941000000000161e-18
3.523431635999999799e+03 -4.674884000000000169e-19
3.524926826999999776e+03 -3.348675999999999915e-18
3.526422016999999869e+03 2.065814999999999819e-18
3.527917206999999962e+03 1.017714999999999981e-17
3.529412397000000055e+03 8.652574000000000071e-18
3.530907588000000032e+03 -1.094536999999999956e-17
3.532402778000000126e+03 -1.928678999999999997e-17
3.533897968000000219e+03 -5.015288999999999784e-18
3.535393157999999858e+03 -1.223577000000000041e-18
3.536888348999999835e+03 1.668472999999999950e-17
3.538383538999999928e+03 -2.430517999999999966e-17
3.539878729000000021e+03 7.129848999999999570e-18
3.541373919000000114e+03 -4.704605000000000244e-18
3.542869110000000092e+03 -7.898811000000000702e-18
3.544364300000000185e+03 2.983177000000000100e-18
3.545859489999999823e+03 5.941701000000000028e-18
3.547354680999999800e+03 4.639116000000000114e-18
3.548849870999999894e+03 1.029148000000000003e-17
3.550345060999999987e+03 1.302845000000000096e-18
3.551840251000000080e+03 -4.412375999999999886e-18
3.553335442000000057e+03 -1.302113999999999973e-17
3.554830632000000151e+03 1.186498000000000017e-17
3.556325821999999789e+03 4.238866999999999772e-18
3.557821011999999882e+03 -2.130271999999999938e-18
3.559316202999999859e+03 4.562740000000000113e-19
3.560811392999999953e+03 -1.818390000000000075e-17
3.562306583000000046e+03 -2.285303000000000157e-18
3.563801773000000139e+03 -9.228190999999999710e-18
3.565296964000000116e+03 4.989126999999999815e-18
3.566792154000000210e+03 1.240284000000000048e-17
3.568287343999999848e+03 -8.435218999999999967e-19
3.569782533999999941e+03 -6.158340999999999824e-18
3.571277724999999919e+03 -1.663829000000000054e-17
3.572772915000000012e+03 -9.357667999999999348e-18
3.574268105000000105e+03 -1.326300999999999919e-19
3.575763296000000082e+03 -5.154223000000000219e-18
3.577258486000000175e+03 4.866533000000000327e-18
3.578753675999999814e+03 2.041786999999999904e-17
3.580248865999999907e+03 1.482129999999999986e-17
3.581744056999999884e+03 -3.946589000000000224e-18
3.583239246999999978e+03 4.627145000000000195e-18
3.584734437000000071e+03 9.353971999999999487e-18
3.586229627000000164e+03 1.124001000000000002e-17
3.587724818000000141e+03 -4.973977000000000323e-18
3.589220007999999780e+03 -5.073405999999999673e-18
3.590715197999999873e+03 -4.034791000000000057e-18
3.592210387999999966e+03 -2.794627000000000052e-18
3.593705578999999943e+03 -1.598106999999999947e-19
3.595200769000000037e+03 -8.528187000000000765e-18
3.596695959000000130e+03 3.872060000000000064e-19
3.598191149000000223e+03 -1.221885999999999925e-18
3.599686340000000200e+03 -1.936395999999999984e-18
3.601181529999999839e+03 -5.663848999999999821e-18
3.602676719999999932e+03 3.775516999999999845e-18
3.604171910999999909e+03 4.215420999999999689e-18
3.605667101000000002e+03 -9.656267000000000697e-18
3.607162291000000096e+03 -5.542784999999999893e-18
3.608657481000000189e+03 1.421868000000000021e-17
3.610152672000000166e+03 5.321461000000000315e-18
3.611647861999999805e+03 -3.460696000000000032e-18
3.613143051999999898e+03 5.042591000000000195e-18
3.614638241999999991e+03 2.441073000000000138e-18
3.616133432999999968e+03 8.188177999999999264e-18
3.617628623000000061e+03 1.058113000000000064e-17
3.619123813000000155e+03 3.915821999999999654e-18
3.620619002999999793e+03 -6.887325999999999955e-18
3.622114194000000225e+03 -4.830602999999999625e-18
3.623609383999999864e+03 1.635948999999999957e-19
3.625104573999999957e+03 -1.791897999999999893e-18
3.626599764000000050e+03 4.377264999999999565e-19
3.628094955000000027e+03 -1.513259999999999950e-18
3.629590145000000120e+03 -6.881588000000000117e-18
3.631085335000000214e+03 -7.939017999999999582e-18
3.632580526000000191e+03 -8.856503000000000675e-18
3.634075715999999829e+03 -4.092063000000000029e-19
3.635570905999999923e+03 1.061470999999999997e-18
3.637066096000000016e+03 1.365391999999999930e-18
3.638561286999999993e+03 -2.951323000000000177e-18
3.640056477000000086e+03 4.411465999999999634e-19
3.641551667000000180e+03 -2.124186000000000123e-18
3.643046856999999818e+03 -4.877551999999999698e-18
3.644542047999999795e+03 -7.921759000000000466e-18
3.646037237999999888e+03 -6.033497000000000213e-18
3.647532427999999982e+03 -6.581531999999999778e-19
3.649027618000000075e+03 5.862806999999999776e-18
3.650522809000000052e+03 5.342098999999999973e-18
3.652017999000000145e+03 1.180221999999999936e-18
3.653513188999999784e+03 3.141329000000000089e-18
3.655008378999999877e+03 -5.116704000000000257e-18
3.656503569999999854e+03 -4.925824000000000237e-18
3.657998759999999947e+03 4.468554000000000358e-19
3.659493950000000041e+03 -4.877893999999999908e-18
3.660989141000000018e+03 7.249303999999999987e-18
3.662484331000000111e+03 -2.425246000000000180e-19
3.663979521000000204e+03 2.742064999999999977e-18
3.665474710999999843e+03 -1.618600000000000000e-18
3.666969901999999820e+03 3.532459000000000256e-18
3.668465091999999913e+03 -8.522469999999999534e-19
3.669960282000000007e+03 2.297653999999999838e-18
3.671455472000000100e+03 6.316467000000000180e-18
3.672950663000000077e+03 2.899871000000000168e-18
3.674445853000000170e+03 2.557631999999999854e-19
3.675941042999999809e+03 -3.836732000000000332e-18
3.677436232999999902e+03 -3.950703000000000170e-18
3.678931423999999879e+03 -8.185181000000000204e-19
3.680426613999999972e+03 -3.776903999999999883e-18
3.681921804000000066e+03 9.478576999999999594e-20
3.683416994000000159e+03 -8.428157000000000535e-18
3.684912185000000136e+03 -5.514565000000000054e-18
3.686407374999999774e+03 9.077099000000000899e-19
3.687902564999999868e+03 -5.776188000000000206e-19
3.689397755999999845e+03 -9.758797000000000721e-18
3.690892945999999938e+03 4.833543000000000320e-18
3.692388136000000031e+03 3.286628000000000104e-18
3.693883326000000125e+03 5.856114000000000084e-18
3.695378517000000102e+03 4.893587999999999987e-19
3.696873707000000195e+03 -1.439869999999999950e-18
3.698368896999999833e+03 1.229182999999999994e-18
3.699864086999999927e+03 -3.742143000000000103e-18
3.701359277999999904e+03 -5.137275000000000269e-18
3.702854467999999997e+03 3.659341999999999768e-18
3.704349658000000090e+03 -3.722097999999999837e-18
3.705844848000000184e+03 -1.439998000000000055e-18
3.707340039000000161e+03 1.197660999999999963e-17
3.708835228999999799e+03 1.910171999999999853e-18
3.710330418999999893e+03 -1.903556999999999831e-18
3.711825608999999986e+03 -1.801149999999999849e-18
3.713320799999999963e+03 -6.472354999999999947e-18
3.714815990000000056e+03 3.453833000000000132e-18
3.716311180000000149e+03 -9.709468000000000820e-19
3.717806371000000127e+03 1.403375999999999950e-18
3.719301561000000220e+03 8.434303999999999459e-18
3.720796750999999858e+03 3.025995000000000052e-18
3.722291940999999952e+03 -5.880047999999999783e-19
3.723787131999999929e+03 1.326244000000000013e-18
3.725282322000000022e+03 -2.309267999999999937e-18
3.726777512000000115e+03 -1.090418000000000063e-18
3.728272702000000208e+03 -1.835271999999999967e-18
3.729767893000000186e+03 -2.983108999999999786e-19
3.731263082999999824e+03 -6.214608999999999693e-19
3.732758272999999917e+03 -6.588953999999999684e-19
3.734253463000000011e+03 4.169045999999999810e-18
3.735748653999999988e+03 -5.837654999999999773e-18
3.737243844000000081e+03 2.357313999999999874e-18
3.738739034000000174e+03 1.851734999999999944e-19
3.740234225000000151e+03 3.131374000000000033e-19
3.741729414999999790e+03 7.994327000000000395e-19
3.743224604999999883e+03 -1.650847000000000080e-18
3.744719794999999976e+03 -2.189611999999999809e-18
3.746214985999999953e+03 -1.504400999999999958e-18
3.747710176000000047e+03 -1.385435000000000016e-18
3.749205366000000140e+03 -1.914908000000000057e-18
3.750700555999999779e+03 -3.736943999999999827e-18
3.752195747000000210e+03 -2.107968999999999988e-18
3.753690936999999849e+03 3.455307000000000068e-18
3.755186126999999942e+03 6.917248999999999638e-18
3.756681317000000035e+03 3.920664000000000110e-18
3.758176508000000013e+03 1.934013000000000080e-18
3.759671698000000106e+03 -6.041731999999999769e-18
3.761166888000000199e+03 -3.696028999999999918e-18
3.762662077999999838e+03 1.028941000000000058e-20
3.764157268999999815e+03 -2.227718000000000167e-18
3.765652458999999908e+03 -4.431965000000000129e-18
3.767147649000000001e+03 3.037192999999999859e-18
3.768642839999999978e+03 8.894526999999999079e-19
3.770138030000000072e+03 -5.374312000000000281e-18
3.771633220000000165e+03 5.955143000000000191e-19
3.773128409999999803e+03 1.261433999999999903e-19
3.774623600999999780e+03 1.577323999999999912e-18
3.776118790999999874e+03 -2.379256999999999927e-18
3.777613980999999967e+03 8.590901000000000152e-19
3.779109171000000060e+03 -9.620010000000000552e-19
3.780604362000000037e+03 -2.970340999999999917e-18
3.782099552000000131e+03 -3.312237000000000027e-18
3.783594742000000224e+03 -5.917634000000000355e-18
3.785089931999999862e+03 -5.242276999999999889e-18
3.786585122999999840e+03 1.345872000000000091e-18
3.788080312999999933e+03 -2.494023999999999819e-18
3.789575503000000026e+03 -1.840690000000000026e-18
3.791070693000000119e+03 -2.393392999999999865e-18
3.792565884000000096e+03 5.704269000000000258e-18
3.794061074000000190e+03 -1.650799999999999913e-18
3.795556263999999828e+03 -3.443688999999999996e-18
3.797051454999999805e+03 -1.830395000000000035e-18
3.798546644999999899e+03 -1.567063999999999976e-18
3.800041834999999992e+03 -1.475327000000000069e-18
3.801537025000000085e+03 2.444327999999999972e-18
3.803032216000000062e+03 2.414976999999999919e-18
3.804527406000000155e+03 -2.203148999999999816e-18
3.806022595999999794e+03 4.430972999999999849e-19
3.807517785999999887e+03 -2.464558000000000056e-18
3.809012976999999864e+03 -1.793302000000000105e-18
3.810508166999999958e+03 -1.941445000000000063e-19
3.812003357000000051e+03 -3.143767000000000106e-18
3.813498547000000144e+03 1.517148999999999961e-18
3.814993738000000121e+03 4.473983000000000247e-19
3.816488928000000215e+03 6.791134999999999687e-19
3.817984117999999853e+03 3.471227999999999877e-18
3.819479307999999946e+03 4.532767999999999700e-18
3.820974498999999923e+03 5.311567999999999746e-18
3.822469689000000017e+03 5.674968999999999815e-21
3.823964879000000110e+03 5.171378000000000032e-19
3.825460070000000087e+03 1.136119000000000033e-18
3.826955260000000180e+03 -1.379519999999999921e-18
3.828450449999999819e+03 1.041354999999999918e-18
3.829945639999999912e+03 -3.749321000000000297e-18
3.831440830999999889e+03 1.517745000000000008e-18
3.832936020999999982e+03 4.825975999999999750e-18
3.834431211000000076e+03 1.446462999999999928e-18
3.835926401000000169e+03 -1.063778999999999923e-18
3.837421592000000146e+03 1.027264000000000016e-19
3.838916781999999785e+03 3.821416999999999732e-18
3.840411971999999878e+03 -9.113422999999999150e-19
3.841907161999999971e+03 2.769501999999999964e-18
3.843402352999999948e+03 -1.307335000000000024e-18
3.844897543000000042e+03 -8.164771999999999683e-19
3.846392733000000135e+03 1.064409000000000031e-19
3.847887922999999773e+03 3.475376999999999684e-18
3.849383114000000205e+03 6.541689000000000382e-19
3.850878303999999844e+03 2.284582999999999979e-18
3.852373493999999937e+03 1.999582000000000058e-18
3.853868684999999914e+03 1.596469000000000052e-18
3.855363875000000007e+03 3.601971000000000172e-19
3.856859065000000101e+03 1.507500000000000067e-18
3.858354255000000194e+03 3.488527999999999777e-18
3.859849446000000171e+03 -3.573516999999999687e-18
3.861344635999999809e+03 7.814491000000000252e-19
3.862839825999999903e+03 5.626841000000000380e-19
3.864335015999999996e+03 2.209826000000000072e-20
3.865830206999999973e+03 2.239136000000000039e-18
3.867325397000000066e+03 -5.680409999999999960e-19
3.868820587000000160e+03 1.033278000000000073e-18
3.870315776999999798e+03 2.379324999999999760e-19
3.871810967999999775e+03 -2.675300999999999829e-18
3.873306157999999868e+03 2.200977000000000133e-19
3.874801347999999962e+03 2.164416000000000005e-19
3.876296538000000055e+03 -1.533570999999999973e-18
3.877791729000000032e+03 3.647324000000000165e-19
3.879286919000000125e+03 7.513927999999999944e-19
3.880782109000000219e+03 -2.215599000000000085e-18
3.882277300000000196e+03 4.104370999999999806e-18
3.883772489999999834e+03 2.108283999999999898e-18
3.885267679999999928e+03 3.219915000000000096e-19
3.886762870000000021e+03 -6.257814999999999546e-19
3.888258060999999998e+03 2.657522999999999861e-20
3.889753251000000091e+03 -1.130016999999999940e-18
3.891248441000000184e+03 1.085501999999999911e-18
3.892743630999999823e+03 -7.487274000000000386e-19
3.894238821999999800e+03 -2.354399000000000071e-18
3.895734011999999893e+03 1.594425999999999985e-18
3.897229201999999987e+03 -1.749104000000000165e-18
3.898724392000000080e+03 8.408288999999999564e-19
3.900219583000000057e+03 -1.260209000000000079e-18
3.901714773000000150e+03 -2.211318999999999904e-18
3.903209962999999789e+03 -3.737409999999999976e-19
3.904705152999999882e+03 2.387258999999999987e-18
3.906200343999999859e+03 -4.186922999999999788e-19
3.907695533999999952e+03 -1.585013000000000049e-18
3.909190724000000046e+03 -2.895567000000000148e-18
3.910685915000000023e+03 -2.654294999999999942e-18
3.912181105000000116e+03 -2.030740999999999924e-18
3.913676295000000209e+03 -5.459601000000000297e-19
3.915171484999999848e+03 5.294719000000000191e-19
3.916666675999999825e+03 -2.835634000000000018e-19
3.918161865999999918e+03 4.055780999999999786e-20
3.919657056000000011e+03 2.183671999999999977e-18
3.921152246000000105e+03 5.776935000000000107e-19
3.922647437000000082e+03 -1.386467999999999924e-18
3.924142627000000175e+03 -9.547978999999999044e-19
3.925637816999999814e+03 -1.597402000000000053e-18
3.927133006999999907e+03 -3.853160000000000207e-19
3.928628197999999884e+03 -1.537845000000000001e-18
3.930123387999999977e+03 -3.107940999999999862e-18
3.931618578000000070e+03 -2.851863000000000168e-18
3.933113769000000048e+03 -9.160017999999999094e-19
3.934608959000000141e+03 6.644411999999999786e-19
3.936104148999999779e+03 1.493896000000000028e-18
3.937599338999999873e+03 3.375381000000000190e-18
3.939094529999999850e+03 9.358634000000000380e-19
3.940589719999999943e+03 -2.231127999999999924e-19
3.942084910000000036e+03 -8.476226999999999733e-19
3.943580100000000130e+03 6.133151999999999732e-20
3.945075291000000107e+03 -2.783110999999999874e-18
3.946570481000000200e+03 -7.935713000000000469e-19
3.948065670999999838e+03 4.483225000000000463e-19
3.949560860999999932e+03 -1.676181000000000017e-18
3.951056051999999909e+03 5.732971000000000138e-19
3.952551242000000002e+03 8.063531999999999866e-19
3.954046432000000095e+03 6.376432000000000384e-19
3.955541622000000189e+03 2.706460999999999881e-19
3.957036813000000166e+03 2.843256999999999827e-19
3.958532002999999804e+03 -2.733000999999999915e-18
3.960027192999999897e+03 -2.538889000000000003e-18
3.961522383999999875e+03 6.239595000000000424e-19
3.963017573999999968e+03 -7.736442000000000206e-20
3.964512764000000061e+03 -1.244000000000000083e-18
3.966007954000000154e+03 4.480040000000000160e-19
3.967503145000000131e+03 7.278637999999999624e-20
3.968998335000000225e+03 -3.058405000000000098e-18
3.970493524999999863e+03 -1.224880999999999961e-18
3.971988714999999956e+03 -9.165978999999999844e-20
3.973483905999999934e+03 5.175910000000000063e-19
3.974979096000000027e+03 -2.421002999999999847e-19
3.976474286000000120e+03 3.190681999999999829e-19
3.977969476000000213e+03 -1.355002000000000095e-18
3.979464667000000190e+03 5.556771000000000451e-19
3.980959856999999829e+03 -2.142215999999999942e-18
3.982455046999999922e+03 -9.649382000000000079e-20
3.983950237000000016e+03 7.724354000000000013e-19
3.985445427999999993e+03 -2.377442000000000064e-18
3.986940618000000086e+03 -1.751371000000000077e-19
3.988435808000000179e+03 -2.080315999999999909e-18
3.989930999000000156e+03 -4.006921999999999886e-18
3.991426188999999795e+03 -2.581748999999999866e-18
3.992921378999999888e+03 -1.352905000000000005e-18
3.994416568999999981e+03 5.043682999999999997e-19
3.995911759999999958e+03 -1.009667999999999934e-18
3.997406950000000052e+03 -1.172486000000000018e-18
3.998902140000000145e+03 7.379116999999999683e-19
4.000397329999999783e+03 2.247214999999999967e-19
4.001892521000000215e+03 9.396711000000000258e-19
4.003387710999999854e+03 -4.715910999999999519e-19
4.004882900999999947e+03 1.597867000000000112e-19
4.006378091000000040e+03 8.068448999999999722e-19
4.007873282000000017e+03 7.200352000000000350e-19
4.009368472000000111e+03 1.602018999999999996e-18
4.010863662000000204e+03 -1.040798000000000091e-18
4.012358851999999843e+03 -1.463766999999999994e-18
4.013854042999999820e+03 -3.493992999999999906e-19
4.015349232999999913e+03 6.964541999999999907e-19
4.016844423000000006e+03 -3.210602999999999867e-19
4.018339613999999983e+03 9.792593999999999648e-20
4.019834804000000076e+03 1.241814000000000060e-19
4.021329994000000170e+03 8.390652999999999606e-20
4.022825183999999808e+03 3.323037999999999945e-20
4.024320374999999785e+03 -4.595160000000000284e-19
4.025815564999999879e+03 -6.368402999999999639e-19
4.027310754999999972e+03 8.564524999999999536e-21
4.028805945000000065e+03 -1.340231000000000083e-18
4.030301136000000042e+03 -2.281899000000000071e-19
4.031796326000000136e+03 -7.413536999999999921e-19
4.033291515999999774e+03 -2.224904999999999872e-18
4.034786705999999867e+03 -3.401639999999999797e-19
4.036281896999999844e+03 1.258199000000000079e-18
4.037777086999999938e+03 -1.281517999999999955e-19
4.039272277000000031e+03 -6.003943999999999590e-20
4.040767467000000124e+03 -9.291303000000000087e-19
4.042262658000000101e+03 -8.653686999999999635e-19
4.043757848000000195e+03 -2.034282999999999855e-18
4.045253037999999833e+03 2.149511000000000073e-19
4.046748228999999810e+03 1.801218000000000163e-18
4.048243418999999903e+03 -3.020951999999999717e-20
4.049738608999999997e+03 -1.991592999999999815e-18
4.051233799000000090e+03 8.307072999999999778e-19
4.052728990000000067e+03 9.310273000000000919e-19
4.054224180000000160e+03 -1.299506999999999952e-18
4.055719369999999799e+03 1.459214000000000007e-18
4.057214559999999892e+03 3.960741999999999952e-19
4.058709750999999869e+03 -3.524162999999999665e-18
4.060204940999999963e+03 -1.014336000000000016e-18
4.061700131000000056e+03 -3.897390999999999926e-19
4.063195321000000149e+03 3.383558999999999839e-18
4.064690512000000126e+03 -3.274439999999999811e-18
4.066185702000000219e+03 1.618371999999999989e-18
4.067680891999999858e+03 -1.050598000000000031e-18
4.069176081999999951e+03 -2.463220999999999876e-18
4.070671272999999928e+03 1.325499999999999996e-18
4.072166463000000022e+03 2.397551000000000093e-19
4.073661653000000115e+03 1.646306999999999910e-18
4.075156844000000092e+03 6.252586000000000242e-19
4.076652034000000185e+03 1.716235999999999917e-18
4.078147223999999824e+03 1.496470000000000096e-18
4.079642413999999917e+03 -9.689535999999999543e-21
4.081137604999999894e+03 -1.426246999999999942e-18
4.082632794999999987e+03 -1.604281999999999935e-18
4.084127985000000081e+03 -1.971076999999999916e-18
4.085623175000000174e+03 -2.189456000000000085e-18
4.087118366000000151e+03 1.421022000000000033e-18
4.088613555999999789e+03 1.635642000000000090e-18
4.090108745999999883e+03 -3.124897000000000048e-19
4.091603935999999976e+03 -2.987612000000000108e-18
4.093099126999999953e+03 -8.755005000000000277e-19
4.094594317000000046e+03 6.301100999999999826e-19
4.096089506999999685e+03 -7.673395000000000260e-19
4.097584697000000233e+03 -5.656817999999999700e-19
4.099079888000000210e+03 6.545272000000000327e-19
4.100575077999999849e+03 1.443491999999999922e-18
4.102070268000000397e+03 -1.086965999999999914e-18
4.103565459000000374e+03 -2.650695000000000015e-19
4.105060649000000012e+03 -7.327415000000000195e-20
4.106555838999999651e+03 2.127173000000000021e-19
4.108051029000000199e+03 2.438790999999999845e-19
4.109546220000000176e+03 -7.673859000000000229e-19
4.111041409999999814e+03 8.396497000000000081e-19
4.112536600000000362e+03 -7.797187000000000572e-20
4.114031790000000001e+03 -1.452806000000000041e-18
4.115526980999999978e+03 -1.787862999999999898e-18
4.117022170999999616e+03 -2.615489999999999939e-18
4.118517361000000164e+03 -1.152068999999999936e-18
4.120012550999999803e+03 -2.721015999999999993e-19
4.121507741999999780e+03 -1.991415000000000046e-18
4.123002932000000328e+03 -5.373385000000000047e-19
4.124498121999999967e+03 5.643047000000000300e-19
4.125993312999999944e+03 2.060906000000000102e-18
4.127488502999999582e+03 1.200857000000000096e-18
4.128983693000000130e+03 3.006415000000000230e-19
4.130478882999999769e+03 2.045873000000000115e-18
4.131974073999999746e+03 -5.886104999999999696e-19
4.133469264000000294e+03 -1.440624999999999990e-18
4.134964453999999932e+03 4.718733999999999747e-19
4.136459643999999571e+03 1.936777999999999926e-18
4.137954834999999548e+03 2.332206999999999858e-18
4.139450025000000096e+03 -2.797140999999999945e-18
4.140945214999999735e+03 -1.594496999999999991e-18
4.142440405000000283e+03 1.941073000000000054e-19
4.143935596000000260e+03 -2.288330999999999876e-18
4.145430785999999898e+03 -1.754325999999999997e-18
4.146925976000000446e+03 -7.429284999999999638e-19
4.148421166000000085e+03 -8.123810000000000378e-19
4.149916357000000062e+03 -2.060255000000000136e-18
4.151411546999999700e+03 -1.238615999999999989e-18
4.152906737000000248e+03 5.944882000000000117e-20
4.154401928000000225e+03 1.644460000000000069e-18
4.155897117999999864e+03 2.388808000000000093e-19
4.157392308000000412e+03 1.459715999999999914e-18
4.158887498000000051e+03 3.281737000000000074e-18
4.160382689000000028e+03 1.094677000000000096e-18
4.161877878999999666e+03 2.556098999999999941e-20
4.163373069000000214e+03 1.450942999999999922e-18
4.164868258999999853e+03 9.179645000000000430e-19
4.166363449999999830e+03 1.427287000000000044e-19
4.167858640000000378e+03 -8.377547000000000078e-19
4.169353830000000016e+03 -3.634704000000000073e-19
4.170849019999999655e+03 -2.330937000000000095e-18
4.172344210999999632e+03 -9.184410999999999566e-20
4.173839401000000180e+03 2.120807000000000062e-19
4.175334590999999818e+03 -5.192507999999999858e-19
4.176829781000000366e+03 2.215815000000000177e-18
4.178324972000000344e+03 9.328421000000000909e-19
4.179820161999999982e+03 1.021282000000000033e-18
4.181315351999999621e+03 4.217595000000000225e-19
4.182810542999999598e+03 1.002200000000000024e-19
4.184305733000000146e+03 -2.424270000000000178e-19
4.185800922999999784e+03 -8.703907000000000782e-19
4.187296113000000332e+03 1.338057000000000028e-18
4.188791304000000309e+03 1.796526000000000050e-18
4.190286493999999948e+03 -1.370450999999999989e-18
4.191781683999999586e+03 -9.355826999999999852e-19
4.193276874000000134e+03 2.883277999999999858e-18
4.194772065000000111e+03 2.317232000000000059e-18
4.196267254999999750e+03 -2.501715999999999839e-18
4.197762445000000298e+03 -7.934791999999999858e-20
4.199257634999999937e+03 2.504874999999999931e-18
4.200752825999999914e+03 3.567210999999999807e-18
4.202248015999999552e+03 3.097947000000000068e-18
4.203743206000000100e+03 2.634695999999999766e-19
4.205238395999999739e+03 1.400432999999999950e-18
4.206733586999999716e+03 1.553702999999999944e-18
4.208228777000000264e+03 9.222721999999999512e-19
4.209723966999999902e+03 1.949835000000000120e-19
4.211219157999999879e+03 -9.232601000000000366e-19
4.212714348000000427e+03 2.353715000000000036e-18
4.214209538000000066e+03 9.507246000000000803e-19
4.215704727999999704e+03 -4.220267000000000214e-19
4.217199918999999682e+03 -1.616126000000000032e-18
4.218695109000000230e+03 4.171501000000000099e-19
4.220190298999999868e+03 7.859183999999999857e-19
4.221685489000000416e+03 9.976743999999999936e-19
4.223180680000000393e+03 4.168766999999999948e-19
4.224675870000000032e+03 3.583679999999999793e-19
4.226171059999999670e+03 1.344169999999999903e-19
4.227666250000000218e+03 1.793745999999999823e-18
4.229161441000000195e+03 -9.671935000000000374e-19
4.230656630999999834e+03 -1.930598000000000019e-19
4.232151821000000382e+03 1.321891999999999930e-18
4.233647011000000020e+03 1.442270999999999927e-18
4.235142201999999997e+03 -1.593067000000000049e-19
4.236637391999999636e+03 -1.208748999999999930e-18
4.238132582000000184e+03 -3.007457000000000078e-19
4.239627773000000161e+03 6.190880000000000256e-19
4.241122962999999800e+03 1.939761000000000043e-18
4.242618153000000348e+03 2.336449000000000101e-18
4.244113342999999986e+03 1.341369999999999906e-19
4.245608533999999963e+03 1.741779000000000042e-19
4.247103723999999602e+03 7.188069000000000020e-19
4.248598914000000150e+03 -3.190284000000000188e-19
4.250094103999999788e+03 -1.758443999999999916e-18
4.251589294999999765e+03 -6.933592999999999788e-19
4.253084485000000313e+03 -8.680350000000000529e-20
4.254579674999999952e+03 1.639672999999999919e-18
4.256074864999999591e+03 3.528768000000000169e-19
4.257570055999999568e+03 1.246113000000000065e-18
4.259065246000000116e+03 3.756151000000000129e-18
4.260560435999999754e+03 2.296594999999999912e-18
4.262055626000000302e+03 -7.038197999999999664e-19
4.263550817000000279e+03 -6.310546999999999829e-19
4.265046006999999918e+03 1.690892000000000047e-18
4.266541196999999556e+03 1.616414999999999923e-18
4.268036388000000443e+03 1.860668000000000115e-19
4.269531578000000081e+03 8.572552000000000259e-19
4.271026767999999720e+03 -1.968655000000000032e-19
4.272521958000000268e+03 2.718052000000000134e-18
4.274017149000000245e+03 2.604308000000000025e-18
4.275512338999999884e+03 8.821379000000000152e-19
4.277007529000000432e+03 1.907512999999999874e-18
4.278502719000000070e+03 1.547786999999999952e-18
4.279997910000000047e+03 -5.931576000000000486e-20
4.281493099999999686e+03 1.308232000000000074e-18
4.282988290000000234e+03 1.927395999999999878e-18
4.284483479999999872e+03 1.367259000000000021e-18
4.285978670999999849e+03 1.122847000000000077e-18
4.287473861000000397e+03 -3.211358000000000099e-19
4.288969051000000036e+03 5.160844000000000201e-19
4.290464240999999674e+03 -3.190577999999999853e-19
4.291959431999999651e+03 1.835593000000000029e-18
4.293454622000000199e+03 1.884555000000000081e-19
4.294949811999999838e+03 -1.501074999999999926e-18
4.296445002999999815e+03 -6.826598999999999614e-20
4.297940193000000363e+03 -1.098139000000000081e-19
4.299435383000000002e+03 -5.121101000000000134e-19
4.300930572999999640e+03 -6.901022000000000341e-19
4.302425763999999617e+03 8.442052000000000260e-19
4.303920954000000165e+03 9.455127000000000164e-19
4.305416143999999804e+03 -1.623803999999999953e-18
4.306911334000000352e+03 -5.388886000000000362e-19
4.308406525000000329e+03 5.210576000000000384e-19
4.309901714999999967e+03 -2.024985999999999911e-18
4.311396904999999606e+03 -1.889131000000000105e-18
4.312892095000000154e+03 1.621154999999999907e-18
4.314387286000000131e+03 9.792371000000000277e-19
4.315882475999999770e+03 -3.073669000000000173e-18
4.317377666000000318e+03 -1.746232000000000170e-18
4.318872857000000295e+03 1.542280999999999906e-18
4.320368046999999933e+03 1.711489000000000076e-18
4.321863236999999572e+03 9.204391000000000304e-21
4.323358427000000120e+03 -1.347080999999999974e-18
4.324853618000000097e+03 -3.112675999999999880e-19
4.326348807999999735e+03 5.416500000000000221e-19
4.327843998000000283e+03 5.937807000000000147e-19
4.329339187999999922e+03 -7.578549000000000118e-19
4.330834378999999899e+03 8.450461000000000382e-19
4.332329569000000447e+03 3.366439999999999856e-20
4.333824759000000086e+03 -4.779856999999999888e-19
4.335319948999999724e+03 -2.223210999999999968e-19
4.336815139999999701e+03 3.082545999999999852e-18
4.338310330000000249e+03 1.604109000000000036e-18
4.339805519999999888e+03 6.183061000000000029e-19
4.341300710000000436e+03 1.237882999999999994e-18
4.342795901000000413e+03 -1.035982000000000039e-18
4.344291091000000051e+03 1.847444999999999879e-18
4.345786280999999690e+03 1.801081000000000023e-18
4.347281471999999667e+03 2.295060000000000097e-18
4.348776662000000215e+03 7.233238000000000091e-19
4.350271851999999853e+03 -4.233031000000000134e-20
4.351767042000000401e+03 1.001633000000000000e-19
4.353262233000000379e+03 1.063060000000000027e-18
4.354757423000000017e+03 2.280137999999999846e-18
4.356252612999999656e+03 2.946756000000000092e-19
4.357747803000000204e+03 3.265280999999999905e-19
4.359242994000000181e+03 2.624256999999999779e-19
4.360738183999999819e+03 8.002155999999999592e-19
4.362233374000000367e+03 9.251642000000000048e-19
4.363728564000000006e+03 1.490700000000000087e-18
4.365223754999999983e+03 1.087668999999999917e-18
4.366718944999999621e+03 1.006260999999999965e-18
4.368214135000000169e+03 2.670052999999999978e-18
4.369709324999999808e+03 1.673913000000000015e-18
4.371204515999999785e+03 2.583083999999999867e-18
4.372699706000000333e+03 1.771036999999999900e-19
4.374194895999999972e+03 1.607611999999999940e-18
4.375690086999999949e+03 1.412293000000000035e-19
4.377185276999999587e+03 -1.716196999999999890e-19
4.378680467000000135e+03 6.565223999999999965e-19
4.380175656999999774e+03 -1.296090999999999947e-18
4.381670847999999751e+03 -1.616045000000000093e-18
4.383166038000000299e+03 1.156821000000000032e-18
4.384661227999999937e+03 2.196722000000000074e-18
4.386156417999999576e+03 2.272798000000000161e-18
4.387651608999999553e+03 1.756219999999999812e-18
4.389146799000000101e+03 -7.346295999999999987e-19
4.390641988999999739e+03 -3.583272000000000218e-19
4.392137179000000287e+03 7.926411999999999974e-19
4.393632370000000265e+03 -1.543497000000000079e-19
4.395127559999999903e+03 1.908326000000000102e-18
4.396622750000000451e+03 6.720119999999999838e-19
4.398117940000000090e+03 3.944620000000000143e-19
4.399613131000000067e+03 1.068475999999999907e-18
4.401108320999999705e+03 1.040204000000000007e-19
4.402603511000000253e+03 3.781955999999999989e-19
4.404098702000000230e+03 1.589201999999999974e-18
4.405593891999999869e+03 -1.691761999999999989e-18
4.407089082000000417e+03 -2.325489999999999942e-18
4.408584272000000055e+03 1.907884000000000178e-18
4.410079463000000032e+03 2.388354999999999954e-18
4.411574652999999671e+03 1.190065000000000069e-18
4.413069843000000219e+03 5.746653000000000424e-19
4.414565032999999858e+03 -1.741184999999999982e-19
4.416060223999999835e+03 6.295912999999999573e-19
4.417555414000000383e+03 -9.689733999999999232e-22
4.419050604000000021e+03 -7.061574999999999921e-19
4.420545793999999660e+03 -1.368440000000000092e-18
4.422040984999999637e+03 -9.701701000000000821e-19
4.423536175000000185e+03 -6.357237999999999899e-19
4.425031364999999823e+03 1.862058999999999885e-18
4.426526555000000371e+03 1.134571999999999913e-18
4.428021746000000348e+03 -2.358946000000000097e-18
4.429516935999999987e+03 -1.187173000000000015e-18
4.431012125999999625e+03 -5.592347999999999765e-19
4.432507316999999603e+03 1.462046999999999975e-18
4.434002507000000151e+03 9.862360999999999779e-19
4.435497696999999789e+03 -4.148840999999999944e-19
4.436992887000000337e+03 -5.118572000000000053e-19
4.438488078000000314e+03 -5.452857000000000081e-19
4.439983267999999953e+03 -2.711608000000000120e-19
4.441478457999999591e+03 2.306305000000000071e-18
4.442973648000000139e+03 2.223006000000000187e-18
4.444468839000000116e+03 -2.156348000000000051e-19
4.445964028999999755e+03 -3.103108000000000021e-18
4.447459219000000303e+03 -1.484197999999999981e-18
4.448954408999999941e+03 -9.104405000000000513e-19
4.450449599999999919e+03 -1.047660999999999991e-18
4.451944789999999557e+03 1.259923000000000071e-18
4.453439980000000105e+03 1.936945999999999955e-18
4.454935169999999744e+03 9.364061000000000667e-19
4.456430360999999721e+03 -1.530792000000000028e-18
4.457925551000000269e+03 1.204298999999999927e-18
4.459420740999999907e+03 1.549239999999999932e-18
4.460915931999999884e+03 -2.347429000000000022e-18
4.462411122000000432e+03 -7.676867999999999979e-19
4.463906312000000071e+03 1.019406999999999995e-18
4.465401501999999709e+03 -9.110733000000000823e-19
4.466896692999999686e+03 -4.220048999999999846e-19
4.468391883000000234e+03 9.138550000000000188e-19
4.469887072999999873e+03 8.227619000000000008e-19
4.471382263000000421e+03 3.840195999999999823e-19
4.472877454000000398e+03 -5.859342000000000195e-19
4.474372644000000037e+03 -1.069671999999999973e-18
4.475867833999999675e+03 -1.125592000000000058e-18
4.477363024000000223e+03 -2.988465999999999965e-18
4.478858215000000200e+03 -2.235137000000000189e-18
4.480353404999999839e+03 -2.789494999999999808e-18
4.481848595000000387e+03 1.145888000000000084e-18
4.483343786000000364e+03 2.063749000000000003e-18
4.484838976000000002e+03 1.129126000000000042e-18
4.486334165999999641e+03 2.853740000000000193e-19
4.487829356000000189e+03 1.066233999999999923e-18
4.489324547000000166e+03 -4.242580999999999993e-19
4.490819736999999805e+03 -1.348337000000000023e-18
4.492314927000000353e+03 2.321604000000000007e-18
4.493810116999999991e+03 1.094464999999999977e-18
4.495305307999999968e+03 -4.162959000000000002e-19
4.496800497999999607e+03 -2.404682999999999825e-18
4.498295688000000155e+03 -7.913712999999999739e-19
4.499790877999999793e+03 2.081048000000000006e-18
4.501286068999999770e+03 2.677198000000000104e-18
4.502781259000000318e+03 2.192623000000000123e-18
4.504276448999999957e+03 -1.098101000000000047e-18
4.505771638999999595e+03 -2.452613000000000155e-18
4.507266829999999572e+03 -1.625961999999999923e-18
4.508762020000000120e+03 8.396495999999999257e-21
4.510257209999999759e+03 8.524555000000000475e-19
4.511752400999999736e+03 -4.687948000000000003e-20
4.513247591000000284e+03 -6.832709000000000279e-19
4.514742780999999923e+03 2.285371999999999983e-18
4.516237970999999561e+03 2.477867000000000052e-18
4.517733162000000448e+03 1.291487999999999911e-18
4.519228352000000086e+03 2.433045999999999861e-19
4.520723541999999725e+03 2.482380000000000114e-18
4.522218732000000273e+03 1.923719999999999883e-18
4.523713923000000250e+03 -2.486158999999999899e-18
4.525209112999999888e+03 -1.363005999999999997e-19
4.526704303000000436e+03 -1.122089000000000010e-19
4.528199493000000075e+03 1.434045999999999919e-18
4.529694684000000052e+03 -5.061632999999999967e-19
4.531189873999999691e+03 1.274677999999999998e-18
4.532685064000000239e+03 6.203770999999999782e-19
4.534180253999999877e+03 -8.101018999999999850e-19
4.535675444999999854e+03 3.849349999999999763e-19
4.537170635000000402e+03 -3.877029999999999950e-19
4.538665825000000041e+03 -6.210266999999999591e-20
4.540161016000000018e+03 -3.984246000000000055e-21
4.541656205999999656e+03 -1.080613000000000060e-18
4.543151396000000204e+03 9.455913000000000477e-19
4.544646585999999843e+03 -4.855249999999999645e-19
4.546141776999999820e+03 7.891730999999999754e-20
4.547636967000000368e+03 -6.895058999999999990e-19
4.549132157000000007e+03 7.791856000000000411e-20
4.550627346999999645e+03 4.811842999999999888e-18
4.552122537999999622e+03 2.872832000000000014e-18
4.553617728000000170e+03 8.786722000000000445e-19
4.555112917999999809e+03 1.013640000000000062e-18
4.556608108000000357e+03 -9.256618000000000182e-19
4.558103299000000334e+03 6.645032000000000442e-19
4.559598488999999972e+03 -2.781337999999999922e-19
4.561093678999999611e+03 -1.923224999999999978e-19
4.562588869000000159e+03 -1.510918999999999957e-18
4.564084060000000136e+03 2.388117000000000106e-19
4.565579249999999774e+03 1.203913999999999910e-18
4.567074440000000322e+03 -2.052751000000000010e-18
4.568569631000000300e+03 -3.328684999999999864e-18
4.570064820999999938e+03 3.708909999999999992e-19
4.571560010999999577e+03 2.258563999999999918e-18
4.573055201000000125e+03 1.373754999999999975e-18
4.574550392000000102e+03 -1.736985999999999980e-18
4.576045581999999740e+03 -2.377580000000000101e-18
4.577540772000000288e+03 1.518506999999999904e-18
4.579035961999999927e+03 1.009773999999999993e-18
4.580531152999999904e+03 -1.472779999999999916e-18
4.582026343000000452e+03 -1.280917000000000038e-18
4.583521533000000090e+03 2.729675999999999973e-18
4.585016722999999729e+03 8.489692000000000416e-19
4.586511913999999706e+03 1.579206000000000000e-18
4.588007104000000254e+03 1.846093000000000088e-18
4.589502293999999893e+03 -1.190258999999999923e-18
4.590997484000000441e+03 -2.196164000000000157e-18
4.592492675000000418e+03 1.091080999999999949e-18
4.593987865000000056e+03 1.961738999999999958e-18
4.595483054999999695e+03 -6.493074000000000266e-20
4.596978245999999672e+03 -1.490642999999999988e-18
4.598473436000000220e+03 -7.065543999999999973e-19
4.599968625999999858e+03 -2.370067000000000132e-18
4.601463816000000406e+03 9.069067999999999590e-19
4.602959007000000383e+03 -1.411346000000000032e-18
4.604454197000000022e+03 -5.290850000000000432e-19
4.605949386999999660e+03 4.312334999999999706e-20
4.607444577000000208e+03 9.202258000000000804e-19
4.608939768000000186e+03 -3.267157999999999930e-18
4.610434957999999824e+03 -6.851356999999999804e-19
4.611930148000000372e+03 1.834064999999999878e-18
4.613425338000000011e+03 9.632726000000000770e-19
4.614920528999999988e+03 7.776241999999999987e-19
4.616415718999999626e+03 3.146492000000000124e-19
4.617910909000000174e+03 4.751255999999999811e-19
4.619406098999999813e+03 8.055788999999999899e-19
4.620901289999999790e+03 -2.420966000000000095e-18
4.622396480000000338e+03 -3.173969999999999837e-18
4.623891669999999976e+03 2.734223999999999896e-19
4.625386860999999953e+03 9.151880000000000332e-19
4.626882050999999592e+03 -7.701733999999999590e-19
4.628377241000000140e+03 1.295198999999999960e-18
4.629872430999999779e+03 -7.329084999999999586e-19
4.631367621999999756e+03 3.623023000000000135e-19
4.632862812000000304e+03 2.721885999999999936e-19
4.634358001999999942e+03 1.890743999999999927e-19
4.635853191999999581e+03 6.405121000000000255e-19
4.637348382999999558e+03 1.378328000000000020e-18
4.638843573000000106e+03 -3.354193999999999976e-19
4.640338762999999744e+03 -1.581517000000000003e-20
4.641833953000000292e+03 -9.903466000000000918e-19
4.643329144000000269e+03 -1.353422999999999997e-18
4.644824333999999908e+03 3.102946000000000144e-19
4.646319523999999547e+03 1.427985999999999930e-18
4.647814714000000095e+03 8.301264000000000091e-21
4.649309905000000072e+03 -4.175980000000000100e-19
4.650805094999999710e+03 1.824797000000000028e-18
4.652300285000000258e+03 2.236104999999999859e-18
4.653795476000000235e+03 2.146695999999999936e-18
4.655290665999999874e+03 1.295133000000000017e-18
4.656785856000000422e+03 1.117174000000000092e-18
4.658281046000000060e+03 1.841354999999999995e-19
4.659776237000000037e+03 6.180335999999999529e-19
4.661271426999999676e+03 1.610466999999999953e-18
4.662766617000000224e+03 5.674713999999999840e-19
4.664261806999999862e+03 2.192316000000000160e-19
4.665756997999999840e+03 1.009186000000000086e-18
4.667252188000000388e+03 1.562821999999999926e-18
4.668747378000000026e+03 4.021381000000000017e-20
4.670242567999999665e+03 8.984884000000000731e-19
4.671737758999999642e+03 -7.538575000000000349e-19
4.673232949000000190e+03 -1.148622999999999939e-18
4.674728138999999828e+03 1.465717999999999907e-18
4.676223329999999805e+03 1.225533999999999915e-18
4.677718520000000353e+03 6.999946000000000478e-19
4.679213709999999992e+03 4.774297999999999908e-19
4.680708899999999630e+03 1.229459999999999966e-18
4.682204090999999607e+03 -6.757001000000000227e-19
4.683699281000000155e+03 -9.766249999999999937e-19
4.685194470999999794e+03 1.238866999999999942e-18
4.686689661000000342e+03 9.139766000000000506e-19
4.688184852000000319e+03 9.490165999999999812e-19
4.689680041999999958e+03 1.475847999999999945e-18
4.691175231999999596e+03 5.386767999999999739e-19
4.692670422000000144e+03 5.354228000000000373e-19
4.694165613000000121e+03 2.024345000000000070e-18
4.695660802999999760e+03 4.011838999999999935e-18
4.697155993000000308e+03 2.583059000000000131e-18
4.698651182999999946e+03 3.353684000000000027e-19
4.700146373999999923e+03 3.391728999999999927e-18
4.701641563999999562e+03 2.551932999999999947e-18
4.703136754000000110e+03 3.109670000000000013e-19
4.704631945000000087e+03 1.499430000000000079e-18
4.706127134999999726e+03 5.522768000000000402e-19
4.707622325000000274e+03 -6.931639000000000183e-19
4.709117514999999912e+03 4.925003999999999960e-19
4.710612705999999889e+03 1.546498000000000027e-18
4.712107896000000437e+03 4.711641999999999554e-19
4.713603086000000076e+03 -7.578318999999999734e-19
4.715098275999999714e+03 2.597527000000000153e-18
4.716593466999999691e+03 7.488141000000000444e-19
4.718088657000000239e+03 -8.836609999999999389e-19
4.719583846999999878e+03 2.872603000000000106e-18
4.721079037000000426e+03 2.200564999999999815e-18
4.722574228000000403e+03 -9.325274000000000014e-20
4.724069418000000042e+03 7.198075000000000119e-19
4.725564607999999680e+03 3.813281999999999722e-20
4.727059798000000228e+03 -1.043554000000000094e-18
4.728554989000000205e+03 -1.473439000000000022e-18
4.730050178999999844e+03 7.957270000000000415e-19
4.731545369000000392e+03 -1.174948999999999964e-18
4.733040560000000369e+03 2.133937999999999807e-18
4.734535750000000007e+03 1.639277000000000071e-18
4.736030939999999646e+03 1.845507999999999872e-18
4.737526130000000194e+03 1.604569999999999953e-20
4.739021321000000171e+03 -2.206034000000000013e-18
4.740516510999999809e+03 -1.852517999999999892e-19
4.742011701000000357e+03 -1.136874999999999969e-18
4.743506890999999996e+03 2.548249999999999903e-18
4.745002081999999973e+03 2.240347999999999998e-18
4.746497271999999612e+03 2.369892999999999951e-18
4.747992462000000160e+03 -4.759229000000000162e-19
4.749487651999999798e+03 8.125024000000000131e-19
4.750982842999999775e+03 3.980104999999999977e-18
4.752478033000000323e+03 1.290404999999999953e-18
4.753973222999999962e+03 1.181283000000000041e-18
4.755468412999999600e+03 -7.620290999999999968e-19
4.756963603999999577e+03 1.777201999999999859e-18
4.758458794000000125e+03 -5.531675999999999777e-19
4.759953983999999764e+03 2.212234000000000026e-18
4.761449174999999741e+03 1.312159000000000022e-18
4.762944365000000289e+03 1.636704999999999990e-18
4.764439554999999928e+03 1.504810999999999904e-18
4.765934744999999566e+03 -1.006920000000000070e-18
4.767429936000000453e+03 1.362676999999999941e-18
4.768925126000000091e+03 2.228014000000000107e-18
4.770420315999999730e+03 3.560883999999999779e-19
4.771915506000000278e+03 1.355539000000000056e-18
4.773410697000000255e+03 6.652741999999999764e-19
4.774905886999999893e+03 1.852180000000000089e-19
4.776401077000000441e+03 -2.664303999999999925e-19
4.777896267000000080e+03 -2.877534999999999958e-19
4.779391458000000057e+03 8.584324999999999435e-20
4.780886647999999695e+03 1.883926999999999960e-18
4.782381838000000243e+03 1.713090999999999924e-18
4.783877027999999882e+03 1.860659000000000031e-18
4.785372218999999859e+03 3.334950000000000116e-18
4.786867409000000407e+03 1.413513999999999934e-18
4.788362599000000046e+03 2.093795999999999913e-19
4.789857790000000023e+03 -6.540771999999999696e-19
4.791352979999999661e+03 -4.038812999999999946e-19
4.792848170000000209e+03 -5.632137000000000294e-19
4.794343359999999848e+03 7.441784999999999572e-19
4.795838550999999825e+03 1.846505999999999918e-18
4.797333741000000373e+03 -9.234683999999999960e-21
4.798828931000000011e+03 7.014938999999999963e-19
4.800324120999999650e+03 7.232655999999999565e-19
4.801819311999999627e+03 -5.885350000000000427e-19
4.803314502000000175e+03 -8.399126000000000454e-19
4.804809691999999814e+03 -1.864073999999999947e-18
4.806304882000000362e+03 -7.490958999999999983e-20
4.807800073000000339e+03 2.986776999999999834e-18
4.809295262999999977e+03 -2.584648999999999770e-19
4.810790452999999616e+03 -9.767788000000000599e-19
4.812285643000000164e+03 1.880303000000000001e-18
4.813780834000000141e+03 6.707417000000000399e-19
4.815276023999999779e+03 1.167791000000000021e-18
4.816771214000000327e+03 3.227786000000000167e-18
4.818266405000000304e+03 1.667608999999999929e-18
4.819761594999999943e+03 1.224177999999999958e-18
4.821256784999999581e+03 2.273612999999999991e-19
4.822751975000000130e+03 -2.169447999999999860e-18
4.824247166000000107e+03 -1.268313000000000032e-18
4.825742355999999745e+03 -3.969296999999999865e-19
4.827237546000000293e+03 1.858359999999999948e-18
4.828732735999999932e+03 2.735685999999999912e-18
4.830227926999999909e+03 3.230759000000000159e-18
4.831723116999999547e+03 2.340944999999999988e-18
4.833218307000000095e+03 -1.571313000000000076e-18
4.834713496999999734e+03 7.139908000000000180e-19
4.836208687999999711e+03 1.606422999999999922e-18
4.837703878000000259e+03 -2.533233999999999897e-19
4.839199067999999897e+03 1.075060000000000040e-18
4.840694258000000445e+03 2.482982000000000120e-18
4.842189449000000423e+03 9.421315000000000085e-19
4.843684639000000061e+03 2.941828999999999821e-19
4.845179828999999700e+03 1.310573000000000067e-18
4.846675019999999677e+03 9.642607000000000263e-19
4.848170210000000225e+03 9.003592000000000817e-19
4.849665399999999863e+03 1.317436999999999960e-19
4.851160590000000411e+03 2.336854999999999881e-18
4.852655781000000388e+03 8.615144000000000186e-19
4.854150971000000027e+03 5.951557000000000363e-19
4.855646160999999665e+03 4.619875999999999937e-19
4.857141351000000213e+03 1.227976999999999995e-18
4.858636542000000190e+03 4.630942999999999949e-19
4.860131731999999829e+03 1.716104999999999929e-18
4.861626922000000377e+03 -3.866912999999999825e-19
4.863122112000000016e+03 -6.208124000000000340e-19
4.864617302999999993e+03 3.823723000000000153e-19
4.866112492999999631e+03 -4.855550999999999841e-19
4.867607683000000179e+03 -1.906916000000000123e-18
4.869102874000000156e+03 -2.517864000000000148e-18
4.870598063999999795e+03 9.333603999999999751e-19
4.872093254000000343e+03 2.807217000000000152e-18
4.873588443999999981e+03 -1.637518000000000025e-18
4.875083634999999958e+03 -3.502896999999999982e-18
4.876578824999999597e+03 -2.784935999999999862e-18
4.878074015000000145e+03 6.088916000000000288e-19
4.879569204999999783e+03 8.652724999999999732e-19
4.881064395999999761e+03 1.289626999999999923e-19
4.882559586000000309e+03 -1.687237999999999904e-19
4.884054775999999947e+03 2.570521999999999964e-18
4.885549965999999586e+03 2.174218999999999925e-18
4.887045156999999563e+03 8.006499000000000217e-19
4.888540347000000111e+03 1.897972999999999923e-18
4.890035536999999749e+03 7.969804999999999633e-19
4.891530727000000297e+03 -1.490255000000000087e-18
4.893025918000000274e+03 6.581369000000000005e-19
4.894521107999999913e+03 1.474473999999999917e-18
4.896016297999999551e+03 8.936064000000000786e-19
4.897511489000000438e+03 2.868289999999999858e-18
4.899006679000000076e+03 3.164268000000000010e-18
4.900501868999999715e+03 1.065017000000000093e-18
4.901997059000000263e+03 1.464387999999999969e-18
4.903492250000000240e+03 2.455199999999999847e-18
4.904987439999999879e+03 1.631239999999999957e-18
4.906482630000000427e+03 1.296004000000000049e-18
4.907977820000000065e+03 1.289267000000000051e-20
4.909473011000000042e+03 -9.890198000000000936e-19
4.910968200999999681e+03 1.563662000000000069e-18
4.912463391000000229e+03 3.003222999999999878e-18
4.913958580999999867e+03 1.837956000000000068e-18
4.915453771999999844e+03 1.809046999999999939e-18
4.916948962000000392e+03 2.150321000000000177e-18
4.918444152000000031e+03 1.533295999999999988e-18
4.919939341999999669e+03 1.327493999999999910e-18
4.921434532999999647e+03 2.919703000000000032e-18
4.922929723000000195e+03 -3.904280999999999933e-19
4.924424912999999833e+03 -7.319478999999999693e-19
4.925920103999999810e+03 2.344314999999999917e-18
4.927415294000000358e+03 2.556609000000000168e-18
4.928910483999999997e+03 2.064751000000000023e-18
4.930405673999999635e+03 3.384881000000000023e-18
4.931900864999999612e+03 -6.315091999999999436e-20
4.933396055000000160e+03 -1.110453999999999908e-18
4.934891244999999799e+03 3.939998000000000234e-19
4.936386435000000347e+03 8.500270000000000145e-19
4.937881626000000324e+03 4.343610999999999775e-19
4.939376815999999963e+03 3.560646999999999828e-19
4.940872005999999601e+03 9.980899999999999792e-19
4.942367196000000149e+03 1.065902000000000031e-19
4.943862387000000126e+03 9.084969999999999430e-19
4.945357576999999765e+03 -1.352514999999999925e-18
4.946852767000000313e+03 -2.883588999999999987e-19
4.948347956999999951e+03 -1.259258000000000006e-19
4.949843147999999928e+03 3.797976000000000265e-20
4.951338337999999567e+03 3.001543999999999873e-18
4.952833528000000115e+03 1.415562000000000064e-18
4.954328719000000092e+03 1.258068999999999988e-18
4.955823908999999730e+03 7.411371000000000197e-19
4.957319099000000278e+03 1.617670000000000075e-18
4.958814288999999917e+03 8.759375999999999173e-19
4.960309479999999894e+03 2.058184999999999961e-18
4.961804670000000442e+03 1.485628999999999916e-18
4.963299860000000081e+03 -5.374410999999999713e-19
4.964795049999999719e+03 5.604536000000000251e-19
4.966290240999999696e+03 -4.743157999999999818e-19
4.967785431000000244e+03 -1.914660999999999932e-19
4.969280620999999883e+03 9.071920999999999616e-19
4.970775811000000431e+03 7.834404000000000441e-19
4.972271002000000408e+03 3.568649999999999881e-18
4.973766192000000046e+03 2.100539999999999841e-18
4.975261381999999685e+03 1.571489999999999948e-18
4.976756572000000233e+03 1.717852999999999953e-18
4.978251763000000210e+03 2.881971999999999952e-18
4.979746952999999849e+03 4.577147999999999767e-18
4.981242143000000397e+03 1.326156999999999922e-18
4.982737334000000374e+03 1.805146000000000009e-19
4.984232524000000012e+03 7.416357999999999584e-19
4.985727713999999651e+03 2.370329000000000108e-18
4.987222904000000199e+03 1.950478000000000092e-18
4.988718095000000176e+03 5.367800000000000049e-18
4.990213284999999814e+03 2.955097000000000092e-18
4.991708475000000362e+03 4.419150999999999605e-19
4.993203665000000001e+03 -1.285464000000000065e-18
4.994698855999999978e+03 -1.148437999999999928e-18
4.996194045999999616e+03 1.077913999999999964e-18
4.997689236000000164e+03 -4.640420000000000034e-19
4.999184425999999803e+03 4.698912999999999519e-19
5.000679616999999780e+03 3.515863999999999864e-19
5.002174807000000328e+03 1.414478999999999913e-18
5.003669996999999967e+03 2.767103000000000167e-18
5.005165186999999605e+03 2.660248999999999872e-18
5.006660377999999582e+03 1.659525000000000035e-18
5.008155568000000130e+03 2.038208000000000009e-18
5.009650757999999769e+03 -7.185698999999999546e-19
5.011145948999999746e+03 -1.074705000000000014e-18
5.012641139000000294e+03 1.164440999999999958e-18
5.014136328999999932e+03 -6.689180000000000332e-19
5.015631518999999571e+03 7.464890000000000112e-19
5.017126709999999548e+03 1.276151999999999933e-18
5.018621900000000096e+03 4.201786000000000146e-18
5.020117089999999735e+03 3.151773000000000139e-18
5.021612280000000283e+03 1.135878000000000012e-18
5.023107471000000260e+03 1.247261000000000069e-18
5.024602660999999898e+03 2.243544000000000132e-18
5.026097851000000446e+03 2.423361999999999817e-18
5.027593041000000085e+03 2.742353999999999868e-18
5.029088232000000062e+03 2.057840000000000060e-18
5.030583421999999700e+03 2.624138999999999993e-18
5.032078612000000248e+03 2.862985999999999998e-18
5.033573801999999887e+03 1.349477000000000080e-18
5.035068992999999864e+03 5.304939000000000011e-19
5.036564183000000412e+03 1.036345999999999909e-18
5.038059373000000051e+03 1.023333000000000046e-18
5.039554564000000028e+03 6.913352999999999771e-20
5.041049753999999666e+03 9.804147999999999379e-19
5.042544944000000214e+03 3.348895000000000083e-18
5.044040133999999853e+03 3.041724999999999891e-18
5.045535324999999830e+03 1.724609999999999985e-18
5.047030515000000378e+03 1.604451999999999950e-18
5.048525705000000016e+03 1.037107999999999998e-18
5.050020894999999655e+03 2.829139999999999954e-18
5.051516085999999632e+03 3.675265999999999654e-18
5.053011276000000180e+03 1.621324999999999922e-18
5.054506465999999818e+03 9.708934000000000357e-19
5.056001656000000366e+03 6.727565000000000456e-19
5.057496847000000344e+03 1.116432999999999959e-18
5.058992036999999982e+03 1.505419000000000063e-18
5.060487226999999621e+03 3.469463000000000256e-18
5.061982417999999598e+03 1.615688999999999978e-18
5.063477608000000146e+03 1.996789000000000014e-18
5.064972797999999784e+03 1.669623999999999895e-19
5.066467988000000332e+03 7.717510999999999787e-19
5.067963179000000309e+03 1.289284999999999954e-18
5.069458368999999948e+03 1.155929000000000045e-18
5.070953558999999586e+03 3.197023999999999853e-18
5.072448749000000134e+03 2.662552999999999825e-18
5.073943940000000111e+03 2.156627999999999954e-18
5.075439129999999750e+03 2.480197000000000023e-18
5.076934320000000298e+03 1.659136000000000044e-18
5.078429509999999937e+03 1.476991000000000078e-18
5.079924700999999914e+03 -3.244755000000000073e-19
5.081419890999999552e+03 3.244192000000000094e-18
5.082915081000000100e+03 2.226596000000000181e-18
5.084410270999999739e+03 5.595006000000000137e-20
5.085905461999999716e+03 2.187093000000000046e-18
5.087400652000000264e+03 2.768884999999999962e-18
5.088895841999999902e+03 3.609581999999999965e-19
5.090391032999999879e+03 -3.523420999999999827e-19
5.091886223000000427e+03 1.268324999999999951e-18
5.093381413000000066e+03 1.269567999999999992e-18
5.094876602999999704e+03 1.476404000000000067e-18
5.096371793999999682e+03 8.968720000000000145e-19
5.097866984000000230e+03 -2.066505000000000018e-20
5.099362173999999868e+03 1.776052999999999959e-18
5.100857364000000416e+03 2.138221999999999961e-18
5.102352555000000393e+03 1.810245000000000185e-18
5.103847745000000032e+03 4.551131000000000270e-19
5.105342934999999670e+03 1.331888999999999993e-18
5.106838125000000218e+03 2.394454999999999867e-18
5.108333316000000195e+03 5.944555999999999848e-19
5.109828505999999834e+03 2.292019000000000080e-19
5.111323696000000382e+03 -1.422800000000000072e-20
5.112818886000000020e+03 1.236224999999999945e-18
5.114314076999999997e+03 2.390523000000000049e-18
5.115809266999999636e+03 3.607071999999999660e-18
5.117304457000000184e+03 1.862105000000000154e-18
5.118799648000000161e+03 2.107265999999999985e-18
5.120294837999999800e+03 2.131228999999999971e-18
5.121790028000000348e+03 7.575465000000000389e-19
5.123285217999999986e+03 1.188456000000000076e-19
5.124780408999999963e+03 7.490839000000000066e-19
5.126275598999999602e+03 -1.057891000000000032e-19
5.127770789000000150e+03 1.494591999999999982e-18
5.129265978999999788e+03 1.163773000000000009e-18
5.130761169999999765e+03 2.090486999999999961e-18
5.132256360000000313e+03 1.789858999999999991e-18
5.133751549999999952e+03 1.997694000000000011e-18
5.135246739999999591e+03 2.804958000000000186e-18
5.136741930999999568e+03 3.499478999999999989e-18
5.138237121000000116e+03 3.158008000000000014e-18
5.139732310999999754e+03 2.220346999999999823e-18
5.141227501000000302e+03 1.209868999999999929e-18
5.142722692000000279e+03 2.715865999999999967e-18
5.144217881999999918e+03 4.968244999999999867e-18
5.145713071999999556e+03 1.741614000000000138e-18
5.147208263000000443e+03 8.803419999999999568e-19
5.148703453000000081e+03 2.592688000000000159e-18
5.150198642999999720e+03 6.046778999999999716e-19
5.151693833000000268e+03 8.308925999999999771e-19
5.153189024000000245e+03 -1.141992000000000024e-18
5.154684213999999884e+03 5.533459999999999559e-19
5.156179404000000432e+03 2.412156000000000063e-18
5.157674594000000070e+03 8.541765999999999913e-19
5.159169785000000047e+03 1.133400999999999967e-18
5.160664974999999686e+03 1.923181999999999833e-18
5.162160165000000234e+03 7.745376000000000178e-19
5.163655354999999872e+03 2.184150999999999942e-18
5.165150545999999849e+03 1.475761999999999944e-18
5.166645736000000397e+03 2.342167999999999970e-18
5.168140926000000036e+03 7.013981999999999546e-19
5.169636115999999674e+03 2.592247000000000132e-18
5.171131306999999651e+03 4.541809000000000205e-18
5.172626497000000199e+03 3.165871000000000139e-18
5.174121686999999838e+03 1.982054000000000146e-18
5.175616877999999815e+03 2.218176000000000037e-18
5.177112068000000363e+03 1.969994000000000150e-18
5.178607258000000002e+03 1.105954000000000047e-18
5.180102447999999640e+03 2.222151000000000048e-18
5.181597638999999617e+03 2.080450999999999870e-18
5.183092829000000165e+03 1.885901999999999905e-18
5.184588018999999804e+03 2.334430999999999962e-18
5.186083209000000352e+03 8.453993999999999699e-19
5.187578400000000329e+03 2.312269000000000126e-18
5.189073589999999967e+03 2.319550000000000111e-18
5.190568779999999606e+03 3.370133000000000146e-19
5.192063970000000154e+03 1.737770000000000114e-18
5.193559161000000131e+03 1.463918000000000040e-18
5.195054350999999770e+03 2.319669000000000179e-18
5.196549541000000318e+03 3.492827999999999824e-18
5.198044730999999956e+03 1.768189999999999834e-18
5.199539921999999933e+03 -6.000101000000000426e-19
5.201035111999999572e+03 -1.574903000000000118e-19
5.202530302000000120e+03 5.865353000000000224e-18
5.204025493000000097e+03 2.022696000000000057e-18
5.205520682999999735e+03 3.763858999999999657e-18
5.207015873000000283e+03 3.411202000000000178e-18
5.208511062999999922e+03 3.350724000000000044e-18
5.210006253999999899e+03 2.726245000000000164e-18
5.211501444000000447e+03 1.536644999999999961e-18
5.212996634000000086e+03 3.791754999999999743e-18
5.214491823999999724e+03 2.528268000000000081e-18
5.215987014999999701e+03 2.880157000000000089e-18
5.217482205000000249e+03 4.530125000000000383e-18
5.218977394999999888e+03 2.507140999999999947e-18
5.220472585000000436e+03 1.138813000000000066e-18
5.221967776000000413e+03 2.195904999999999872e-18
5.223462966000000051e+03 4.445847000000000037e-18
5.224958155999999690e+03 3.402884999999999824e-18
5.226453346000000238e+03 8.034074999999999946e-19
5.227948537000000215e+03 9.237741000000000556e-19
5.229443726999999853e+03 3.546279999999999899e-18
5.230938917000000401e+03 3.271946000000000170e-18
5.232434108000000379e+03 1.303593999999999983e-18
5.233929298000000017e+03 2.980489000000000026e-18
5.235424487999999656e+03 4.123846999999999747e-18
5.236919678000000204e+03 3.071109000000000011e-18
5.238414869000000181e+03 2.921165999999999945e-18
5.239910058999999819e+03 2.681543000000000138e-18
5.241405249000000367e+03 1.845562999999999984e-18
5.242900439000000006e+03 2.251626999999999937e-18
5.244395629999999983e+03 3.915472999999999781e-18
5.245890819999999621e+03 3.480822000000000043e-18
5.247386010000000169e+03 3.114072999999999947e-18
5.248881199999999808e+03 4.753105999999999921e-18
5.250376390999999785e+03 2.454301000000000003e-18
5.251871581000000333e+03 2.882456000000000172e-18
5.253366770999999972e+03 3.672659999999999993e-18
5.254861961999999949e+03 1.285978000000000084e-18
5.256357151999999587e+03 2.796605000000000073e-18
5.257852342000000135e+03 2.435786000000000067e-18
5.259347531999999774e+03 2.354941000000000094e-18
5.260842722999999751e+03 2.676377999999999827e-18
5.262337913000000299e+03 1.817277000000000010e-18
5.263833102999999937e+03 2.620862000000000114e-18
5.265328292999999576e+03 1.545492000000000034e-18
5.266823483999999553e+03 2.172631000000000176e-18
5.268318674000000101e+03 4.842678999999999899e-18
5.269813863999999739e+03 4.104099000000000089e-18
5.271309054000000287e+03 2.538724000000000147e-19
5.272804245000000265e+03 4.505390000000000207e-20
5.274299434999999903e+03 4.008965999999999657e-18
5.275794625000000451e+03 3.586823000000000378e-18
5.277289815000000090e+03 2.523449999999999850e-18
5.278785006000000067e+03 3.158557999999999984e-18
5.280280195999999705e+03 1.030425999999999943e-18
5.281775386000000253e+03 2.595549000000000132e-18
5.283270577000000230e+03 2.447543999999999970e-18
5.284765766999999869e+03 1.360810999999999938e-18
5.286260957000000417e+03 1.161097999999999944e-18
5.287756147000000055e+03 2.092741999999999954e-18
5.289251338000000032e+03 3.176421000000000056e-18
5.290746527999999671e+03 2.275129999999999926e-18
5.292241718000000219e+03 1.857810999999999875e-18
5.293736907999999858e+03 2.408915999999999840e-18
5.295232098999999835e+03 2.015661000000000156e-18
5.296727289000000383e+03 1.974498999999999881e-18
5.298222479000000021e+03 -5.313023999999999947e-20
5.299717668999999660e+03 1.056105999999999968e-19
5.301212859999999637e+03 1.426569999999999990e-18
5.302708050000000185e+03 2.394050999999999881e-18
5.304203239999999823e+03 3.020476999999999894e-18
5.305698430000000371e+03 3.624233999999999908e-18
5.307193621000000348e+03 -6.892923000000000065e-19
5.308688810999999987e+03 -1.870321000000000126e-18
5.310184000999999625e+03 3.648180999999999616e-18
5.311679191999999603e+03 4.815491000000000071e-18
5.313174382000000151e+03 3.229802000000000126e-18
5.314669571999999789e+03 1.755774999999999811e-18
5.316164762000000337e+03 2.721139999999999836e-18
5.317659953000000314e+03 2.735106999999999848e-18
5.319155142999999953e+03 4.103870000000000181e-18
5.320650332999999591e+03 5.542377999999999830e-18
5.322145523000000139e+03 3.839948999999999843e-18
5.323640714000000116e+03 2.561314999999999995e-18
5.325135903999999755e+03 2.521189000000000090e-18
5.326631094000000303e+03 6.437504999999999657e-20
5.328126283999999941e+03 -2.913755000000000159e-19
5.329621474999999919e+03 3.387550000000000128e-18
5.331116664999999557e+03 2.161414000000000063e-19
5.332611855000000105e+03 2.808138999999999938e-18
5.334107044999999744e+03 3.408537999999999943e-18
5.335602235999999721e+03 2.036232000000000167e-18
5.337097426000000269e+03 4.964287000000000030e-18
5.338592615999999907e+03 5.644426000000000198e-18
5.340087806999999884e+03 3.307879000000000177e-18
5.341582997000000432e+03 2.461245000000000033e-18
5.343078187000000071e+03 9.726965000000000072e-19
5.344573376999999709e+03 1.466554999999999974e-18
5.346068567999999686e+03 3.075963000000000001e-18
5.347563758000000234e+03 1.737947999999999883e-18
5.349058947999999873e+03 1.276265999999999939e-18
5.350554138000000421e+03 1.415616999999999984e-18
5.352049329000000398e+03 2.422551000000000153e-18
5.353544519000000037e+03 8.784861999999999439e-19
5.355039708999999675e+03 4.314352999999999772e-18
5.356534899000000223e+03 3.345720999999999995e-18
5.358030090000000200e+03 2.937140000000000073e-18
5.359525279999999839e+03 4.079516999999999922e-18
5.361020470000000387e+03 1.811614000000000150e-18
5.362515660000000025e+03 3.994043999999999792e-18
5.364010851000000002e+03 4.352900999999999669e-18
5.365506040999999641e+03 1.089306000000000011e-18
5.367001231000000189e+03 3.117573999999999863e-18
5.368496422000000166e+03 4.396523000000000006e-18
5.369991611999999805e+03 1.586038000000000011e-18
5.371486802000000353e+03 1.465453000000000048e-18
5.372981991999999991e+03 2.961989000000000086e-18
5.374477182999999968e+03 5.215027999999999796e-18
5.375972372999999607e+03 4.452061000000000149e-18
5.377467563000000155e+03 1.762518000000000131e-18
5.378962752999999793e+03 2.223500000000000148e-18
5.380457943999999770e+03 1.599231000000000015e-18
5.381953134000000318e+03 1.982893999999999905e-18
5.383448323999999957e+03 3.849547000000000367e-18
5.384943513999999595e+03 2.758402000000000077e-18
5.386438704999999572e+03 3.948577000000000371e-18
5.387933895000000120e+03 9.897227999999999041e-19
5.389429084999999759e+03 3.634509999999999930e-18
5.390924275000000307e+03 3.289362999999999959e-18
5.392419466000000284e+03 2.490876000000000134e-18
5.393914655999999923e+03 4.920006999999999677e-18
5.395409845999999561e+03 5.107398999999999982e-18
5.396905037000000448e+03 3.547177999999999943e-19
5.398400227000000086e+03 2.179262000000000091e-18
5.399895416999999725e+03 2.133117000000000018e-18
5.401390607000000273e+03 2.095552000000000172e-18
5.402885798000000250e+03 1.769103000000000161e-18
5.404380987999999888e+03 1.894509999999999944e-18
5.405876178000000436e+03 3.258975000000000025e-18
5.407371368000000075e+03 3.503848999999999759e-18
5.408866559000000052e+03 1.030969000000000057e-18
5.410361748999999691e+03 1.278782999999999908e-18
5.411856939000000239e+03 4.874857000000000345e-18
5.413352128999999877e+03 4.591856000000000105e-18
5.414847319999999854e+03 3.698657999999999906e-18
5.416342510000000402e+03 3.582364000000000146e-18
5.417837700000000041e+03 2.062058999999999976e-18
5.419332889999999679e+03 2.398230999999999962e-18
5.420828080999999656e+03 3.096961999999999838e-18
5.422323271000000204e+03 1.924821000000000106e-18
5.423818460999999843e+03 4.909771999999999670e-18
5.425313651999999820e+03 2.853562999999999936e-18
5.426808842000000368e+03 3.267983000000000077e-18
5.428304032000000007e+03 2.386193999999999908e-18
5.429799221999999645e+03 2.932215000000000078e-18
5.431294412999999622e+03 1.689364999999999985e-18
5.432789603000000170e+03 2.515547999999999890e-18
5.434284792999999809e+03 3.652065000000000142e-18
5.435779983000000357e+03 4.358063999999999801e-18
5.437275174000000334e+03 4.072227999999999992e-18
5.438770363999999972e+03 4.146956999999999773e-18
5.440265553999999611e+03 4.617866000000000323e-18
5.441760744000000159e+03 2.327471000000000039e-18
5.443255935000000136e+03 1.005024000000000077e-18
5.444751124999999774e+03 2.728786999999999869e-18
5.446246315000000322e+03 3.032876000000000023e-18
5.447741506000000300e+03 2.987122000000000120e-18
5.449236695999999938e+03 3.973119000000000036e-18
5.450731885999999577e+03 3.049715000000000031e-18
5.452227076000000125e+03 3.112131000000000069e-18
5.453722267000000102e+03 3.499753999999999782e-18
5.455217456999999740e+03 3.415335000000000093e-18
5.456712647000000288e+03 5.882741000000000305e-18
5.458207836999999927e+03 4.395606000000000090e-18
5.459703027999999904e+03 5.212409000000000319e-18
5.461198218000000452e+03 2.795453000000000097e-18
5.462693408000000090e+03 2.826697999999999964e-18
5.464188597999999729e+03 3.706341000000000083e-18
5.465683788999999706e+03 1.770395999999999866e-18
5.467178979000000254e+03 1.063370999999999963e-18
5.468674168999999893e+03 1.535532000000000012e-18
5.470169359000000441e+03 3.056768000000000004e-18
5.471664550000000418e+03 3.280347999999999857e-18
5.473159740000000056e+03 2.610370999999999898e-18
5.474654929999999695e+03 2.956881000000000067e-18
5.476150120999999672e+03 -9.616566999999999668e-19
5.477645311000000220e+03 1.452507999999999921e-18
5.479140500999999858e+03 5.899301999999999673e-18
5.480635691000000406e+03 4.200385000000000010e-18
5.482130882000000383e+03 1.644120000000000038e-18
5.483626072000000022e+03 1.588678000000000022e-18
5.485121261999999660e+03 3.563873000000000049e-18
5.486616452000000208e+03 2.391967999999999890e-18
5.488111643000000186e+03 3.696317000000000297e-18
5.489606832999999824e+03 4.875706000000000332e-18
5.491102023000000372e+03 2.222331999999999893e-18
5.492597213000000011e+03 3.953785000000000105e-18
5.494092403999999988e+03 3.153534000000000171e-18
5.495587593999999626e+03 3.331211000000000062e-18
5.497082784000000174e+03 4.462067000000000248e-18
5.498577973999999813e+03 3.525126000000000235e-18
