11.447 1.000
19.288 1.000
27.287 0.000
35.345 0.000
43.521 0.000
51.431 0.000
59.517 0.000
67.589 0.000
75.642 0.000
83.587 0.000
91.620 0.000
99.669 0.000
107.681 0.000
115.804 0.000
123.697 0.000
131.764 0.000
139.901 0.000
147.940 0.000
155.918 0.000
163.898 0.000
172.084 0.000
179.938 0.000
187.933 0.000
195.999 0.000
203.838 0.000
211.824 0.000
219.789 0.000
227.781 0.000
235.822 0.000
243.846 0.000
251.816 0.000
259.839 0.000
267.784 0.000
275.723 0.000
283.731 0.000
291.672 0.000
299.624 0.000
307.601 0.000
315.574 0.000
323.489 0.000
331.506 0.000
339.444 0.000
347.323 0.000
363.259 0.000
371.162 0.000
379.103 0.000
387.014 0.000
394.995 0.000
402.970 0.000
410.990 0.000
418.907 0.000
426.883 0.000
434.807 0.000
442.734 0.000
450.610 0.000
458.542 0.000
466.744 0.000
474.368 0.000
482.528 0.000
490.097 0.000
498.200 0.000
506.157 0.000
514.079 0.000
521.894 0.000
529.699 0.000
537.712 0.000
545.584 0.000
553.538 0.000
561.474 0.000
569.386 0.000
577.392 0.000
585.134 0.000
600.937 0.000
608.849 0.000
616.677 0.000
624.677 0.000
632.593 0.000
640.518 0.000
648.286 0.000
656.172 0.000
664.363 0.000
671.966 0.000
679.977 0.000
687.844 0.000
695.636 0.000
703.434 0.000
711.474 0.000
719.399 0.000
727.214 0.000
735.013 0.000
742.974 0.000
750.822 0.000
758.743 0.000
766.670 0.000
774.375 0.000
782.327 0.000
790.195 0.000
798.077 0.000
805.987 0.000
813.766 0.000
821.733 0.000
837.441 0.000
845.458 0.000
853.251 0.000
861.145 0.000
868.954 0.000
876.878 0.000
884.638 0.000
892.503 0.000
900.236 0.000
908.111 0.000
916.242 0.000
924.052 0.000
932.040 0.000
939.856 0.000
947.767 0.000
955.770 0.000
963.452 0.000
971.400 0.000
979.231 0.000
987.157 0.000
995.037 0.000
1002.965 0.000
1018.394 0.000
1026.354 0.000
1034.048 0.000
1042.068 0.000
1049.969 0.000
1057.869 0.000
1065.495 0.000
1073.505 0.000
1081.452 0.000
1089.397 0.000
1097.192 0.000
1105.129 0.000
1113.143 0.000
1120.999 0.000
1128.731 0.000
1136.667 0.000
1144.366 0.000
1152.274 0.000
1160.196 0.000
1168.201 0.000
1175.895 0.000
1183.775 0.000
1199.608 0.000
1207.481 0.000
1215.266 0.000
1223.274 0.000
1231.041 0.000
1238.973 0.000
1246.930 0.000
1254.546 0.000
1262.481 0.000
1270.577 0.000
1278.329 0.000
1286.151 0.000
1294.056 0.000
1301.841 0.000
1309.877 0.000
1317.744 0.000
1325.676 0.000
1333.499 0.000
1341.343 0.000
1349.237 0.000
1356.944 0.000
1365.046 0.000
1373.018 0.000
1380.765 0.000
1388.707 0.000
1396.689 0.000
1404.622 0.000
1412.497 0.000
1420.309 0.000
1436.053 0.000
1443.950 0.000
1451.866 0.000
1459.963 0.000
1467.771 0.000
1475.689 0.000
1483.629 0.000
1491.587 0.000
1499.503 0.000
1507.331 0.000
1515.196 0.000
1522.958 0.000
1530.926 0.000
1538.578 0.000
1546.792 0.000
1554.497 0.000
1562.761 0.000
1570.639 0.000
1578.505 0.000
1586.392 0.000
1594.392 0.000
1602.280 0.000
1610.283 0.000
1618.248 0.000
1626.228 0.000
1634.132 0.000
1641.957 0.000
1650.110 0.000
1657.936 0.000
1673.911 0.000
1681.834 0.000
1689.695 0.000
1697.698 0.000
1705.666 0.000
1713.548 0.000
1721.527 0.000
1729.589 0.000
1737.421 0.000
1745.418 0.000
1753.318 0.000
1761.394 0.000
1769.347 0.000
1777.249 0.000
1785.431 0.000
1793.294 0.000
1801.208 0.000
1809.321 0.000
1817.197 0.000
1825.196 0.000
1833.042 0.000
1841.113 0.000
1848.932 0.000
1857.297 0.000
1865.238 0.000
1873.163 0.000
1881.275 0.000
1889.276 0.000
1897.239 0.000
1905.295 0.000
1913.294 0.000
1921.263 0.000
1929.395 0.000
1937.344 0.000
1945.452 0.000
1953.517 0.000
1961.520 0.000
1969.546 0.000
1977.525 0.000
1985.699 0.000
1993.721 0.000
2001.759 0.000
2009.736 0.000
