# 0.470
29.194 0
38.148 0
47.102 0
55.851 0
64.783 0
73.676 0
82.565 0
91.429 0
100.315 0
109.283 0
118.137 0
127.122 0
135.994 0
144.734 0
153.621 0
162.527 0
171.298 0
180.298 0
189.022 0
197.871 0
206.759 0
215.424 0
224.325 0
233.093 0
242.018 0
250.764 0
259.524 0
268.370 0
277.233 0
286.078 0
294.810 0
303.580 0
312.382 0
321.116 0
329.978 0
338.845 0
347.530 0
365.058 0
373.909 0
382.515 0
391.442 0
400.189 0
408.934 0
417.832 0
426.659 0
435.350 0
444.227 0
452.892 0
461.681 0
470.364 0
479.187 0
487.881 0
496.745 0
505.536 0
514.141 0
522.849 0
531.565 0
540.299 0
549.061 0
557.822 0
566.451 0
575.172 0
583.871 0
592.725 0
601.386 0
610.199 0
618.952 0
627.643 0
636.226 0
644.903 0
653.637 0
662.353 0
671.074 0
679.757 0
688.472 0
705.933 0
714.679 0
723.372 0
732.083 0
740.775 0
749.491 0
758.160 0
766.831 0
775.624 0
784.324 0
793.104 0
801.650 0
810.531 0
819.001 0
827.685 0
836.485 0
845.180 0
853.785 0
862.499 0
871.203 0
880.022 0
888.560 0
897.237 0
905.801 0
914.644 0
923.314 0
931.928 0
940.658 0
949.253 0
957.963 0
966.642 0
975.310 0
983.989 0
992.778 0
1001.421 0
1009.938 0
1018.511 0
