# 0.470
18.034 0
26.893 0
35.876 0
44.740 0
53.659 0
62.448 0
71.577 0
80.323 0
89.163 0
98.164 0
106.971 0
115.950 0
124.823 0
133.602 0
142.558 0
151.485 0
160.231 0
169.125 0
178.048 0
186.897 0
195.728 0
204.708 0
213.453 0
222.222 0
231.077 0
239.877 0
248.841 0
257.538 0
266.494 0
275.316 0
284.189 0
293.193 0
301.890 0
310.583 0
319.504 0
328.283 0
337.129 0
354.546 0
363.534 0
372.252 0
381.106 0
389.970 0
398.721 0
407.492 0
416.164 0
424.929 0
433.727 0
442.381 0
451.153 0
459.998 0
468.778 0
477.663 0
486.355 0
494.960 0
503.802 0
512.479 0
521.169 0
529.894 0
538.666 0
547.495 0
556.283 0
564.983 0
573.686 0
582.515 0
591.202 0
600.097 0
608.790 0
617.553 0
626.248 0
635.038 0
643.813 0
652.598 0
661.253 0
670.033 0
678.637 0
696.209 0
704.916 0
713.652 0
722.211 0
730.919 0
739.623 0
748.347 0
757.050 0
765.751 0
774.387 0
783.228 0
792.014 0
800.643 0
809.269 0
818.006 0
826.750 0
835.499 0
844.177 0
852.883 0
861.511 0
870.172 0
878.829 0
887.730 0
896.319 0
905.129 0
913.815 0
922.573 0
931.289 0
939.913 0
948.626 0
957.341 0
965.964 0
974.858 0
983.464 0
992.258 0
1000.792 0
1009.507 0
