# 0.470
24.170 0
32.943 0
41.487 0
50.122 0
58.876 0
67.523 0
76.421 0
84.958 0
93.770 0
102.199 0
110.960 0
119.754 0
128.377 0
137.161 0
145.717 0
154.544 0
163.114 0
171.827 0
180.521 0
189.170 0
197.797 0
206.488 0
215.199 0
223.895 0
232.634 0
241.166 0
249.962 0
258.771 0
267.512 0
276.168 0
284.882 0
293.502 0
302.119 0
310.987 0
319.531 0
328.188 0
337.040 0
354.516 0
363.186 0
371.968 0
380.715 0
389.394 0
398.135 0
406.745 0
415.422 0
424.302 0
433.021 0
441.779 0
450.430 0
459.362 0
467.961 0
476.589 0
485.252 0
494.312 0
502.918 0
511.527 0
520.382 0
529.039 0
537.960 0
546.598 0
555.485 0
564.031 0
572.790 0
581.710 0
590.516 0
598.984 0
608.026 0
616.697 0
625.485 0
634.189 0
642.986 0
651.721 0
660.567 0
669.504 0
678.257 0
695.677 0
704.370 0
713.174 0
722.029 0
730.799 0
739.611 0
748.540 0
757.168 0
766.134 0
774.843 0
783.635 0
792.633 0
801.212 0
810.101 0
819.266 0
827.953 0
836.679 0
845.820 0
854.608 0
863.390 0
872.114 0
881.143 0
889.826 0
898.639 0
907.749 0
916.374 0
925.294 0
934.206 0
943.319 0
952.076 0
960.804 0
969.823 0
978.678 0
987.626 0
996.473 0
1005.383 0
1014.419 0
