# 0.470
23.189 0
32.042 0
41.104 0
49.852 0
58.731 0
67.668 0
76.712 0
85.582 0
94.480 0
103.292 0
112.082 0
121.344 0
130.107 0
138.786 0
147.827 0
156.594 0
165.505 0
174.417 0
183.296 0
191.975 0
200.965 0
209.830 0
218.856 0
227.512 0
236.303 0
245.162 0
254.143 0
262.678 0
271.634 0
280.568 0
289.415 0
298.126 0
306.818 0
315.733 0
324.692 0
333.357 0
342.246 0
359.678 0
368.468 0
377.174 0
386.089 0
394.995 0
403.742 0
412.449 0
421.227 0
429.944 0
438.604 0
447.516 0
456.235 0
465.014 0
473.913 0
482.563 0
491.242 0
500.073 0
508.645 0
517.286 0
526.239 0
535.005 0
543.898 0
552.590 0
561.263 0
570.043 0
578.765 0
587.485 0
596.198 0
604.937 0
613.478 0
622.302 0
631.079 0
639.998 0
648.573 0
657.335 0
666.086 0
674.588 0
683.328 0
700.839 0
709.760 0
718.412 0
726.951 0
735.587 0
744.406 0
753.076 0
761.898 0
770.570 0
779.154 0
787.973 0
796.738 0
805.523 0
813.885 0
822.758 0
831.441 0
840.154 0
848.823 0
857.595 0
866.312 0
874.951 0
883.672 0
892.310 0
901.148 0
909.740 0
918.472 0
927.258 0
935.948 0
944.483 0
953.181 0
961.941 0
970.652 0
979.292 0
988.031 0
996.707 0
1005.349 0
1013.989 0
