# 0.470
37.153 0
46.384 0
54.976 0
63.931 0
72.716 0
81.751 0
90.564 0
99.476 0
108.351 0
117.113 0
126.112 0
135.169 0
143.644 0
152.557 0
161.519 0
170.247 0
179.257 0
188.146 0
196.796 0
206.035 0
214.913 0
223.636 0
232.345 0
241.340 0
249.945 0
258.879 0
267.535 0
276.252 0
285.142 0
293.969 0
302.858 0
311.587 0
320.465 0
329.205 0
346.809 0
364.349 0
373.087 0
381.701 0
390.894 0
399.504 0
408.423 0
417.110 0
425.794 0
434.884 0
443.513 0
452.319 0
460.865 0
469.506 0
478.316 0
487.072 0
495.827 0
504.492 0
513.266 0
521.943 0
530.576 0
539.396 0
548.461 0
556.964 0
565.645 0
574.547 0
583.431 0
591.909 0
600.731 0
609.253 0
618.029 0
627.323 0
635.459 0
644.630 0
653.100 0
662.009 0
670.456 0
679.467 0
687.933 0
696.687 0
705.289 0
714.204 0
723.053 0
731.606 0
740.329 0
748.988 0
757.432 0
766.172 0
775.169 0
783.906 0
792.469 0
801.175 0
809.771 0
818.212 0
827.311 0
835.783 0
844.946 0
853.430 0
861.827 0
870.798 0
879.308 0
888.337 0
896.685 0
905.283 0
913.990 0
922.767 0
931.418 0
940.728 0
948.700 0
957.679 0
966.010 0
975.031 0
983.609 0
992.094 0
1000.936 0
1009.543 0
1018.206 0
1026.961 0
