# 0.470
22.570 0
31.420 0
40.389 0
49.106 0
58.094 0
67.009 0
76.105 0
84.925 0
93.822 0
102.802 0
111.436 0
120.557 0
129.339 0
138.220 0
147.171 0
156.098 0
164.905 0
173.893 0
182.631 0
191.373 0
200.430 0
209.230 0
218.379 0
227.031 0
235.887 0
244.581 0
253.430 0
262.217 0
271.078 0
280.038 0
288.827 0
297.565 0
306.429 0
315.296 0
324.137 0
332.946 0
341.513 0
359.153 0
368.301 0
376.842 0
385.867 0
394.586 0
403.412 0
412.254 0
420.920 0
429.804 0
438.428 0
447.233 0
456.141 0
464.743 0
473.646 0
482.343 0
491.098 0
499.974 0
508.647 0
517.387 0
526.211 0
534.903 0
543.654 0
552.275 0
561.160 0
569.848 0
578.690 0
587.518 0
596.135 0
604.958 0
613.693 0
622.370 0
631.156 0
640.015 0
648.689 0
657.480 0
666.210 0
674.766 0
683.629 0
701.205 0
709.928 0
718.715 0
727.267 0
735.938 0
744.606 0
753.497 0
762.110 0
770.987 0
779.496 0
788.291 0
797.087 0
805.754 0
814.372 0
823.183 0
831.893 0
840.759 0
849.381 0
858.061 0
866.741 0
875.485 0
884.038 0
892.815 0
901.518 0
910.182 0
918.977 0
927.619 0
936.296 0
944.969 0
953.683 0
962.461 0
971.136 0
979.748 0
988.574 0
997.205 0
1005.891 0
1014.474 0
