# 0.470
20.923 0
29.875 0
38.741 0
47.666 0
56.542 0
65.441 0
74.328 0
83.345 0
92.082 0
101.092 0
109.859 0
118.875 0
127.653 0
136.456 0
145.389 0
154.137 0
163.072 0
172.004 0
180.870 0
189.674 0
198.516 0
207.367 0
216.131 0
225.043 0
233.768 0
242.860 0
251.351 0
260.273 0
269.112 0
277.908 0
286.750 0
295.604 0
304.377 0
313.152 0
322.135 0
330.904 0
339.699 0
357.330 0
366.056 0
374.774 0
383.905 0
392.667 0
401.329 0
410.059 0
418.881 0
427.615 0
436.446 0
445.108 0
453.963 0
462.643 0
471.388 0
480.201 0
488.804 0
497.698 0
506.387 0
515.123 0
523.882 0
532.651 0
541.318 0
550.120 0
558.869 0
567.665 0
576.307 0
585.019 0
593.709 0
602.490 0
611.262 0
619.996 0
628.902 0
637.556 0
646.288 0
655.044 0
663.829 0
672.474 0
681.282 0
698.800 0
707.441 0
716.068 0
724.783 0
733.439 0
742.137 0
750.951 0
759.592 0
768.214 0
776.988 0
785.767 0
794.483 0
803.168 0
811.701 0
820.476 0
829.158 0
837.844 0
846.640 0
855.271 0
863.937 0
872.657 0
881.213 0
889.990 0
898.714 0
907.378 0
916.147 0
924.858 0
933.656 0
942.220 0
950.956 0
959.670 0
968.315 0
976.992 0
985.745 0
994.502 0
1003.147 0
1011.889 0
