# 0.470
30.951 0
39.701 0
48.655 0
57.510 0
66.378 0
75.228 0
84.262 0
93.055 0
101.823 0
110.924 0
119.760 0
128.697 0
137.266 0
146.301 0
155.326 0
164.080 0
172.772 0
181.823 0
190.591 0
199.403 0
208.450 0
217.229 0
226.044 0
234.740 0
243.602 0
252.402 0
261.253 0
269.875 0
278.594 0
287.721 0
296.458 0
305.291 0
314.088 0
322.761 0
331.626 0
340.334 0
349.149 0
366.576 0
375.538 0
384.188 0
392.849 0
401.919 0
410.662 0
419.505 0
428.208 0
436.963 0
445.743 0
454.476 0
463.116 0
471.902 0
480.666 0
489.401 0
498.132 0
506.945 0
515.689 0
524.512 0
533.073 0
541.890 0
550.529 0
559.304 0
568.065 0
576.764 0
585.532 0
594.253 0
602.969 0
611.733 0
620.385 0
629.155 0
637.853 0
646.549 0
655.288 0
663.991 0
672.769 0
681.433 0
690.163 0
707.639 0
716.264 0
725.040 0
733.601 0
742.295 0
751.060 0
759.707 0
768.450 0
777.232 0
785.891 0
794.631 0
803.625 0
812.108 0
820.740 0
829.374 0
838.021 0
846.672 0
855.421 0
864.177 0
872.860 0
881.511 0
890.077 0
898.809 0
907.510 0
916.201 0
924.874 0
933.585 0
942.309 0
950.875 0
959.632 0
968.231 0
977.004 0
985.777 0
994.449 0
1003.061 0
1011.716 0
1020.467 0
