# 0.470
11.781 0
20.510 0
29.225 0
37.874 0
46.570 0
55.207 0
64.135 0
72.878 0
81.368 0
90.288 0
98.823 0
107.282 0
116.328 0
125.029 0
133.461 0
142.274 0
151.018 0
159.503 0
168.588 0
177.226 0
185.947 0
194.540 0
203.319 0
211.958 0
220.754 0
229.431 0
237.954 0
246.792 0
255.522 0
264.285 0
272.802 0
281.542 0
290.421 0
299.169 0
307.711 0
316.358 0
324.976 0
333.793 0
342.577 0
351.127 0
359.974 0
368.696 0
377.368 0
386.032 0
394.851 0
403.617 0
412.411 0
421.039 0
429.856 0
438.493 0
447.251 0
455.909 0
464.617 0
473.464 0
482.071 0
490.863 0
499.573 0
508.443 0
517.058 0
525.789 0
534.530 0
543.318 0
552.226 0
569.603 0
587.108 0
595.869 0
604.524 0
613.380 0
621.942 0
630.836 0
639.536 0
648.156 0
657.187 0
665.924 0
674.919 0
683.667 0
692.187 0
701.000 0
709.816 0
718.634 0
727.486 0
736.237 0
744.724 0
753.834 0
762.783 0
771.536 0
780.275 0
789.019 0
797.996 0
806.784 0
815.655 0
824.467 0
833.249 0
842.087 0
850.947 0
859.887 0
868.673 0
877.473 0
886.275 0
895.300 0
904.095 0
912.939 0
921.856 0
930.592 0
939.765 0
948.441 0
957.324 0
966.242 0
975.062 0
984.109 0
992.902 0
1001.890 0
