# 0.470
15.352 0
24.063 0
32.628 0
41.410 0
50.122 0
58.726 0
67.413 0
76.244 0
84.664 0
93.532 0
102.217 0
110.975 0
119.779 0
128.249 0
136.974 0
145.736 0
154.426 0
162.995 0
171.542 0
180.555 0
189.050 0
197.689 0
206.520 0
215.114 0
223.825 0
232.564 0
241.285 0
250.004 0
258.759 0
267.325 0
276.037 0
285.112 0
293.644 0
302.285 0
310.886 0
319.588 0
328.334 0
345.776 0
354.470 0
363.294 0
372.002 0
380.743 0
389.453 0
398.184 0
406.868 0
415.718 0
424.304 0
433.034 0
441.759 0
450.554 0
459.051 0
468.092 0
476.854 0
485.329 0
494.189 0
502.791 0
511.683 0
520.295 0
529.109 0
537.893 0
546.675 0
555.389 0
564.232 0
572.822 0
581.525 0
590.407 0
599.081 0
607.827 0
616.542 0
625.405 0
634.133 0
642.967 0
651.843 0
660.733 0
669.414 0
686.832 0
695.642 0
704.509 0
713.499 0
722.150 0
730.927 0
739.604 0
748.650 0
757.343 0
766.145 0
775.031 0
783.853 0
792.686 0
801.635 0
810.318 0
819.042 0
827.976 0
836.723 0
845.637 0
854.420 0
863.357 0
872.161 0
880.907 0
889.825 0
898.687 0
907.505 0
916.612 0
925.214 0
934.352 0
943.139 0
952.018 0
960.972 0
969.784 0
978.792 0
987.521 0
996.677 0
1005.455 0
