# 0.470
34.190 0
42.901 0
51.936 0
60.764 0
69.845 0
78.620 0
87.721 0
96.430 0
105.213 0
114.112 0
122.943 0
131.916 0
140.679 0
149.414 0
158.485 0
167.261 0
176.108 0
185.099 0
193.627 0
202.639 0
211.498 0
220.342 0
228.967 0
237.931 0
246.427 0
255.730 0
264.410 0
273.217 0
281.860 0
291.010 0
299.647 0
308.343 0
317.433 0
325.676 0
334.962 0
343.627 0
352.331 0
369.738 0
378.485 0
387.545 0
396.412 0
405.131 0
413.842 0
422.557 0
431.144 0
439.975 0
448.850 0
457.611 0
466.323 0
475.003 0
483.711 0
492.286 0
501.302 0
510.050 0
518.758 0
527.571 0
536.229 0
545.008 0
553.674 0
562.407 0
571.134 0
579.705 0
588.630 0
597.364 0
606.031 0
614.813 0
623.513 0
632.233 0
641.012 0
649.729 0
658.354 0
667.117 0
675.781 0
684.556 0
693.248 0
710.834 0
719.369 0
728.153 0
736.697 0
745.332 0
754.082 0
762.764 0
771.526 0
780.422 0
788.909 0
797.692 0
806.366 0
815.085 0
823.597 0
832.362 0
841.017 0
849.838 0
858.470 0
867.274 0
875.902 0
884.577 0
893.116 0
901.715 0
910.681 0
919.272 0
927.907 0
936.720 0
945.440 0
954.001 0
962.659 0
971.231 0
979.984 0
988.691 0
997.379 0
1006.103 0
1014.628 0
1023.363 0
