# 0.470
16.112 0
24.765 0
33.491 0
42.200 0
50.805 0
59.575 0
68.319 0
77.095 0
85.838 0
94.360 0
102.983 0
111.699 0
120.567 0
129.062 0
137.900 0
146.655 0
155.331 0
164.001 0
172.730 0
181.429 0
190.149 0
198.892 0
207.466 0
216.246 0
224.823 0
233.570 0
242.289 0
250.941 0
259.702 0
268.327 0
277.127 0
285.675 0
294.485 0
303.197 0
311.733 0
320.475 0
329.202 0
346.739 0
355.349 0
364.239 0
372.944 0
381.612 0
390.326 0
399.053 0
407.705 0
416.517 0
425.343 0
433.988 0
442.789 0
451.493 0
460.144 0
468.927 0
477.696 0
486.449 0
495.174 0
504.007 0
512.681 0
521.437 0
530.154 0
538.909 0
547.589 0
556.400 0
565.131 0
573.898 0
582.466 0
591.231 0
599.980 0
608.792 0
617.567 0
626.241 0
635.096 0
643.831 0
652.812 0
661.493 0
670.230 0
687.820 0
696.577 0
705.379 0
714.251 0
722.832 0
731.862 0
740.587 0
749.406 0
758.224 0
767.114 0
775.878 0
784.664 0
793.526 0
802.361 0
811.177 0
819.860 0
828.742 0
837.530 0
846.523 0
855.302 0
864.216 0
873.013 0
881.932 0
890.660 0
899.590 0
908.388 0
917.319 0
926.113 0
934.981 0
943.944 0
952.777 0
961.685 0
970.457 0
979.533 0
988.263 0
997.326 0
1006.175 0
