# 0.470
31.010 0
39.773 0
48.720 0
57.484 0
66.264 0
75.043 0
84.192 0
93.206 0
101.703 0
110.814 0
119.700 0
128.513 0
137.322 0
146.119 0
155.102 0
163.967 0
173.018 0
181.687 0
190.376 0
199.303 0
208.216 0
216.947 0
225.642 0
234.452 0
243.649 0
252.390 0
261.094 0
269.843 0
278.476 0
287.591 0
296.335 0
305.057 0
313.898 0
322.635 0
331.717 0
340.379 0
349.294 0
366.637 0
375.395 0
384.135 0
392.987 0
402.119 0
410.598 0
419.280 0
428.107 0
436.784 0
445.643 0
454.288 0
463.049 0
472.153 0
480.612 0
489.403 0
497.981 0
506.761 0
515.558 0
524.284 0
533.153 0
541.666 0
550.420 0
559.172 0
567.984 0
576.791 0
585.454 0
594.083 0
602.802 0
611.828 0
620.333 0
629.116 0
637.814 0
646.531 0
655.338 0
663.998 0
672.692 0
681.560 0
690.162 0
707.515 0
716.267 0
724.975 0
733.536 0
742.341 0
751.085 0
759.544 0
768.395 0
776.984 0
785.907 0
794.638 0
803.241 0
812.078 0
820.543 0
829.252 0
838.038 0
846.817 0
855.327 0
864.007 0
872.847 0
881.543 0
890.068 0
898.634 0
907.539 0
916.122 0
924.859 0
933.738 0
942.303 0
950.962 0
959.782 0
968.556 0
977.046 0
985.916 0
994.606 0
1003.091 0
1011.781 0
1020.462 0
