# 0.470
16.946 0
25.583 0
34.129 0
43.024 0
51.739 0
60.268 0
69.118 0
77.780 0
86.444 0
94.915 0
103.742 0
112.407 0
121.117 0
129.862 0
138.640 0
147.262 0
155.857 0
164.579 0
173.188 0
181.975 0
190.674 0
199.370 0
208.097 0
216.801 0
225.374 0
234.103 0
242.927 0
251.575 0
260.288 0
268.918 0
277.741 0
286.551 0
295.147 0
303.892 0
312.440 0
321.164 0
329.855 0
347.330 0
356.054 0
364.854 0
373.469 0
382.225 0
390.942 0
399.665 0
408.387 0
417.160 0
425.891 0
434.571 0
443.263 0
451.961 0
460.780 0
469.537 0
478.274 0
486.999 0
495.792 0
504.472 0
513.130 0
521.976 0
530.593 0
539.381 0
548.025 0
556.878 0
565.582 0
574.433 0
583.126 0
591.824 0
600.699 0
609.415 0
618.116 0
626.986 0
635.679 0
644.466 0
653.343 0
662.103 0
670.912 0
688.486 0
697.179 0
705.997 0
714.801 0
723.595 0
732.397 0
741.175 0
749.999 0
758.901 0
767.635 0
776.387 0
785.248 0
793.962 0
802.825 0
811.605 0
820.577 0
829.257 0
838.154 0
847.088 0
855.841 0
864.709 0
873.591 0
882.395 0
891.354 0
900.150 0
908.985 0
917.937 0
926.727 0
935.691 0
944.578 0
953.350 0
962.372 0
971.288 0
980.017 0
988.888 0
997.900 0
1006.802 0
