# 0.470
17.120 0
25.940 0
34.856 0
43.671 0
52.643 0
61.572 0
70.531 0
79.350 0
88.020 0
96.869 0
105.732 0
114.687 0
123.553 0
132.350 0
141.336 0
150.136 0
159.087 0
168.035 0
176.885 0
185.695 0
194.615 0
203.728 0
212.132 0
221.031 0
229.801 0
238.737 0
247.579 0
256.193 0
264.962 0
273.839 0
282.728 0
291.703 0
300.316 0
309.027 0
317.968 0
326.827 0
335.591 0
353.106 0
361.893 0
370.519 0
379.424 0
388.250 0
397.045 0
405.769 0
414.502 0
423.284 0
432.113 0
440.904 0
449.597 0
458.302 0
467.005 0
475.769 0
484.709 0
493.293 0
502.040 0
510.970 0
519.415 0
528.178 0
537.089 0
545.842 0
554.574 0
563.364 0
572.266 0
580.824 0
589.752 0
598.206 0
606.946 0
615.680 0
624.694 0
633.259 0
642.004 0
650.748 0
659.386 0
668.212 0
676.993 0
694.398 0
703.076 0
711.783 0
720.309 0
729.012 0
737.805 0
746.536 0
755.361 0
763.874 0
772.700 0
781.195 0
790.093 0
798.943 0
807.429 0
816.106 0
824.820 0
833.694 0
842.277 0
850.990 0
859.805 0
868.440 0
876.978 0
885.805 0
894.371 0
903.136 0
911.788 0
920.549 0
929.410 0
937.913 0
946.657 0
955.554 0
964.248 0
972.716 0
981.378 0
990.277 0
998.837 0
1007.409 0
