# 0.470
26.146 0
35.037 0
44.114 0
52.945 0
61.868 0
70.723 0
79.682 0
88.462 0
97.388 0
106.318 0
115.067 0
124.035 0
132.900 0
141.650 0
150.604 0
159.418 0
168.295 0
177.267 0
185.969 0
194.882 0
203.725 0
212.484 0
221.410 0
230.128 0
239.083 0
247.931 0
256.717 0
265.629 0
274.345 0
283.181 0
291.974 0
300.855 0
309.630 0
318.410 0
327.304 0
336.071 0
344.917 0
362.489 0
371.227 0
380.006 0
388.782 0
397.611 0
406.514 0
415.271 0
423.918 0
432.793 0
441.265 0
450.200 0
458.868 0
467.591 0
476.412 0
485.165 0
493.988 0
502.548 0
511.451 0
520.193 0
528.859 0
537.705 0
546.377 0
555.100 0
563.936 0
572.541 0
581.363 0
590.105 0
598.876 0
607.769 0
616.251 0
625.025 0
633.810 0
642.439 0
651.341 0
659.948 0
668.804 0
677.464 0
686.080 0
703.762 0
712.361 0
721.150 0
729.689 0
738.327 0
747.100 0
755.781 0
764.601 0
773.303 0
781.953 0
790.615 0
799.340 0
808.077 0
816.663 0
825.367 0
834.056 0
842.812 0
851.451 0
860.227 0
868.970 0
877.645 0
886.236 0
894.902 0
903.652 0
912.506 0
921.088 0
929.978 0
938.563 0
947.076 0
955.779 0
964.591 0
973.289 0
982.007 0
990.723 0
999.410 0
1008.047 0
1016.788 0
