# 0.470
18.088 0
26.840 0
35.794 0
44.615 0
53.558 0
62.389 0
71.288 0
80.209 0
89.000 0
97.962 0
106.850 0
115.872 0
124.648 0
133.544 0
142.377 0
151.357 0
160.108 0
168.915 0
177.885 0
186.690 0
195.567 0
204.517 0
213.279 0
222.142 0
231.125 0
239.739 0
248.475 0
257.311 0
266.103 0
275.017 0
283.910 0
292.611 0
301.484 0
310.169 0
319.265 0
327.895 0
336.689 0
354.262 0
362.985 0
371.696 0
380.654 0
389.325 0
398.186 0
406.945 0
415.710 0
424.407 0
433.192 0
441.935 0
450.711 0
459.468 0
468.204 0
476.846 0
485.638 0
494.401 0
503.226 0
512.000 0
520.662 0
529.427 0
538.081 0
546.709 0
555.496 0
564.251 0
573.065 0
581.797 0
590.575 0
599.260 0
607.970 0
616.702 0
625.471 0
634.408 0
642.912 0
651.703 0
660.384 0
669.054 0
677.703 0
695.328 0
703.866 0
712.513 0
721.055 0
730.053 0
738.629 0
747.399 0
756.084 0
764.766 0
773.496 0
782.316 0
790.868 0
799.599 0
808.293 0
816.986 0
825.616 0
834.392 0
843.119 0
851.832 0
860.516 0
869.252 0
877.851 0
886.578 0
895.308 0
903.962 0
912.678 0
921.453 0
930.144 0
938.786 0
947.473 0
956.172 0
964.880 0
973.555 0
982.378 0
991.155 0
999.565 0
1008.360 0
