# 0.470
22.263 0
31.120 0
40.053 0
48.977 0
58.025 0
66.729 0
75.803 0
84.591 0
93.513 0
102.366 0
111.246 0
120.387 0
129.039 0
137.875 0
146.856 0
155.791 0
164.471 0
173.387 0
182.257 0
191.093 0
199.998 0
208.804 0
217.624 0
226.412 0
235.411 0
244.259 0
253.100 0
261.950 0
270.754 0
279.689 0
288.443 0
297.154 0
306.066 0
314.779 0
323.810 0
332.519 0
341.164 0
358.774 0
367.704 0
376.383 0
385.320 0
394.045 0
402.895 0
411.711 0
420.425 0
429.225 0
437.931 0
446.741 0
455.537 0
464.204 0
472.893 0
481.602 0
490.261 0
499.120 0
508.064 0
516.712 0
525.571 0
534.314 0
543.100 0
551.733 0
560.442 0
569.237 0
577.950 0
586.717 0
595.420 0
604.237 0
613.060 0
621.745 0
630.560 0
639.145 0
648.009 0
656.644 0
665.430 0
674.037 0
682.743 0
700.218 0
708.929 0
717.692 0
726.305 0
734.949 0
743.687 0
752.471 0
761.184 0
769.852 0
778.380 0
787.256 0
796.000 1
804.651 0
813.328 0
822.040 0
830.772 0
839.418 0
848.182 0
856.974 0
865.695 0
874.434 0
882.973 0
891.747 0
900.346 0
909.142 0
917.886 0
926.561 0
935.301 0
943.896 0
952.622 0
961.441 0
970.082 0
978.774 0
987.389 0
996.112 0
1004.742 0
1013.533 0
