# 0.470
17.868 0
26.478 0
35.242 0
43.788 0
52.732 0
61.194 0
69.885 0
78.680 0
87.465 0
95.987 0
104.751 0
113.432 0
122.174 0
130.767 0
139.518 0
148.043 0
156.897 0
165.576 0
174.301 0
182.957 0
191.778 0
200.434 0
209.281 0
217.846 0
226.417 0
235.181 0
243.946 0
252.628 0
261.267 0
270.067 0
278.812 0
287.502 0
296.251 0
305.079 0
313.367 0
322.234 0
331.012 0
348.486 0
357.065 0
366.011 0
374.729 0
383.357 0
392.189 0
400.886 0
409.527 0
418.235 0
426.962 0
435.802 0
444.462 0
453.276 0
461.943 0
470.710 0
479.515 0
488.234 0
496.935 0
505.624 0
514.384 0
523.229 0
531.959 0
540.651 0
549.521 0
558.203 0
566.976 0
575.790 0
584.442 0
593.358 0
602.085 0
610.748 0
619.553 0
628.342 0
637.141 0
645.746 0
654.754 0
663.561 0
672.256 0
689.834 0
698.599 0
707.388 0
716.344 0
725.235 0
733.771 0
742.664 0
751.608 0
760.299 0
769.117 0
778.090 0
787.028 0
795.548 0
804.775 0
813.338 0
822.103 0
830.896 0
840.058 0
848.964 0
857.532 0
866.494 0
875.178 0
883.975 0
892.997 0
901.963 0
910.655 0
919.884 0
928.498 0
937.271 0
946.217 0
955.068 0
964.010 0
972.914 0
981.857 0
990.804 0
999.726 0
1008.399 0
