# 0.470
23.723 0
32.510 0
41.498 0
50.441 0
59.351 0
68.213 0
77.122 0
85.993 0
94.734 0
103.811 0
112.572 0
121.517 0
130.333 0
139.081 0
148.090 0
156.828 0
165.767 0
174.507 0
183.428 0
192.258 0
201.209 0
210.050 0
218.818 0
227.593 0
236.595 0
245.300 0
254.153 0
262.879 0
271.599 0
280.639 0
289.388 0
298.278 0
307.135 0
315.842 0
324.698 0
333.588 0
342.325 0
359.769 0
368.618 0
377.321 0
386.143 0
395.026 0
403.828 0
412.558 0
421.249 0
429.944 0
438.682 0
447.514 0
456.282 0
464.995 0
473.778 0
482.450 0
491.281 0
500.109 0
508.723 0
517.505 0
526.282 0
535.124 0
543.749 0
552.656 0
561.245 0
569.910 0
578.719 0
587.434 0
596.236 0
604.973 0
613.698 0
622.447 0
631.151 0
639.924 0
648.547 0
657.455 0
666.107 0
674.755 0
683.616 0
700.927 0
709.699 0
718.400 0
727.052 0
735.697 0
744.531 0
753.093 0
761.827 0
770.495 0
779.323 0
787.993 0
796.668 0
805.474 0
813.911 0
822.648 0
831.403 0
840.322 0
848.916 0
857.569 0
866.246 0
875.058 0
883.687 0
892.310 0
901.081 0
909.713 0
918.603 0
927.246 0
935.915 0
944.571 0
953.288 0
962.008 0
970.741 0
979.468 0
988.134 0
996.905 0
1005.422 0
1014.246 0
