# 0.470
20.674 0
29.466 0
37.948 0
46.686 0
55.427 0
64.231 0
72.921 0
81.603 0
90.319 0
98.956 0
107.668 0
116.476 0
125.086 0
133.807 0
142.483 0
151.314 0
159.877 0
168.621 0
177.340 0
185.998 0
194.777 0
203.402 0
212.109 0
220.848 0
229.488 0
238.164 0
246.915 0
255.605 0
264.329 0
273.015 0
281.842 0
290.595 0
299.224 0
308.007 0
316.617 0
325.258 0
334.074 0
351.502 0
360.280 0
368.981 0
377.721 0
386.416 0
395.202 0
403.966 0
412.638 0
421.426 0
430.124 0
438.872 0
447.692 0
456.424 0
465.144 0
473.893 0
482.623 0
491.333 0
500.135 0
508.856 0
517.532 0
526.328 0
535.087 0
543.849 0
552.603 0
561.392 0
570.209 0
578.940 0
587.715 0
596.344 0
605.090 0
613.871 0
622.613 0
631.317 0
640.127 0
648.906 0
657.837 0
666.623 0
675.365 0
693.049 0
701.736 0
710.581 0
719.413 0
728.342 0
737.020 0
745.806 0
754.687 0
763.540 0
772.365 0
781.202 0
790.021 0
798.820 0
807.698 0
816.536 0
825.338 0
834.181 0
843.119 0
851.993 0
860.500 1
869.738 0
878.553 0
887.415 0
896.285 0
905.109 0
913.826 0
922.833 0
931.675 0
940.631 0
949.404 0
958.293 0
967.314 0
976.078 0
985.020 0
993.870 0
1002.901 0
1011.819 0
