# 0.470
21.778 0
30.461 0
39.015 0
47.816 0
56.495 0
65.186 0
73.903 0
82.743 0
91.424 0
99.902 0
108.686 0
117.368 0
126.057 0
134.844 0
143.439 0
152.238 0
160.811 0
169.563 0
178.250 0
186.991 0
195.693 0
204.315 0
212.883 0
221.739 0
230.265 0
238.994 0
247.608 0
256.359 0
265.116 0
273.847 0
282.549 0
291.256 0
299.978 0
308.757 0
317.331 0
326.070 0
334.816 0
352.272 0
361.034 0
369.672 0
378.439 0
387.204 0
395.925 0
404.535 0
413.298 0
422.054 0
430.812 0
439.547 0
448.259 0
457.091 0
465.666 0
474.367 0
483.208 0
491.921 0
500.721 0
509.453 0
518.049 0
526.895 0
535.525 0
544.342 0
553.066 0
561.781 0
570.498 0
579.313 0
588.088 0
596.813 0
605.688 0
614.344 0
623.155 0
631.968 0
640.776 0
649.481 0
658.306 0
667.116 0
675.909 0
693.504 0
702.273 0
711.081 0
720.003 0
728.803 0
737.582 0
746.340 0
755.109 0
763.993 0
772.817 0
781.544 0
790.317 0
799.253 0
808.136 0
816.925 0
825.602 0
834.371 0
843.310 0
852.149 0
860.910 0
869.925 0
878.686 0
887.560 0
896.567 0
905.322 0
914.163 0
923.177 0
931.926 0
940.860 0
949.622 0
958.648 0
967.496 0
976.383 0
985.263 0
994.213 0
1003.145 0
1012.031 0
