# 0.470
22.719 0
31.455 0
40.522 0
49.337 0
58.273 0
67.001 0
75.985 0
84.776 0
93.721 0
102.588 0
111.495 0
120.529 0
129.335 0
138.007 0
146.964 0
155.797 0
164.761 0
173.535 0
182.323 0
190.961 0
200.105 0
208.883 0
217.751 0
226.577 0
235.555 0
244.203 0
252.954 0
261.714 0
270.613 0
279.499 0
288.242 0
297.082 0
305.787 0
314.700 0
323.550 0
332.317 0
341.118 0
358.735 0
367.536 0
376.207 0
385.039 0
393.960 0
402.502 0
411.444 0
420.095 0
428.953 0
437.601 0
446.553 0
454.978 0
463.829 0
472.761 0
481.312 0
490.088 0
499.001 0
507.459 0
516.343 0
525.149 0
533.745 0
542.619 0
551.415 0
560.039 0
568.901 0
577.438 0
586.329 0
594.901 0
603.829 0
612.489 0
621.082 0
629.903 0
638.716 0
647.338 0
656.001 0
664.525 0
673.602 0
682.178 0
699.691 0
708.417 0
717.085 0
725.704 0
734.491 0
743.065 0
751.676 0
760.540 0
769.131 0
777.992 0
786.550 0
795.387 0
804.100 0
812.560 0
821.308 0
830.113 0
838.778 0
847.436 0
856.093 0
864.840 0
873.577 0
882.076 0
890.802 0
899.521 0
908.244 0
916.873 0
925.631 0
934.349 0
942.909 0
951.690 0
960.356 0
968.926 0
977.696 0
986.375 0
995.120 0
1003.575 0
1012.415 0
