# 0.470
17.957 0
26.129 0
34.821 0
43.647 0
52.612 0
61.363 0
70.457 0
79.341 0
88.189 0
97.018 0
106.344 0
115.247 0
124.094 0
132.754 0
141.561 0
150.416 0
159.317 0
168.288 0
176.970 0
185.835 0
194.739 0
203.509 0
212.398 0
221.571 0
230.562 0
239.284 0
247.996 0
256.900 0
265.658 0
274.658 0
283.432 0
292.451 0
301.154 0
309.959 0
318.859 0
327.887 0
336.414 0
354.253 0
363.087 0
371.668 0
380.582 0
389.688 0
398.219 0
406.982 0
415.694 0
424.521 0
433.019 0
442.066 0
450.712 0
459.488 0
468.194 0
476.993 0
485.713 0
494.612 0
503.340 0
512.092 0
521.004 0
529.632 0
538.429 0
547.339 0
556.005 0
564.589 0
573.486 0
582.252 0
590.982 0
599.710 0
608.518 0
617.327 0
626.088 0
634.647 0
643.581 0
652.259 0
660.890 0
669.792 0
678.264 0
695.901 0
704.486 0
713.446 0
722.038 0
730.688 0
739.438 0
748.056 0
756.922 0
765.452 0
774.227 0
782.937 0
791.814 0
800.474 0
808.977 0
817.792 0
826.446 0
835.279 0
844.017 0
852.793 0
861.426 0
870.085 0
878.786 0
887.472 0
896.251 0
904.983 0
913.696 0
922.326 0
931.127 0
939.787 0
948.421 0
957.079 0
965.912 0
974.550 0
983.348 0
991.999 0
1000.543 0
1009.353 0
