# 0.470
23.690 0
32.608 0
41.550 0
50.399 0
59.493 0
68.313 0
77.240 0
86.155 0
95.054 0
103.931 0
112.773 0
121.714 0
130.672 0
139.385 0
148.321 0
157.145 0
165.928 0
174.888 0
183.825 0
192.493 0
201.480 0
210.303 0
219.045 0
227.981 0
236.878 0
245.611 0
254.483 0
263.250 0
272.196 0
281.065 0
289.760 0
298.585 0
307.294 0
316.182 0
325.150 0
333.953 0
342.738 0
360.236 0
369.071 0
377.901 0
386.793 0
395.557 0
404.400 0
413.164 0
421.867 0
430.721 0
439.500 0
448.193 0
457.037 0
465.723 0
474.413 0
483.326 0
492.020 0
500.822 0
509.435 0
518.311 0
527.069 0
535.777 0
544.540 0
553.295 0
562.078 0
570.765 0
579.547 0
588.263 0
596.921 0
605.706 0
614.496 0
623.286 0
632.085 0
640.706 0
649.496 0
658.197 0
667.038 0
675.655 0
684.382 0
701.884 0
710.651 0
719.380 0
727.952 0
736.678 0
745.391 0
754.130 0
762.957 0
771.558 0
780.274 0
789.054 0
797.762 0
806.550 0
815.028 0
823.828 0
832.513 0
841.231 0
849.888 0
858.607 0
867.273 0
875.990 0
884.700 0
893.306 0
902.051 0
910.776 0
919.533 0
928.317 0
936.988 0
945.536 0
954.250 0
962.857 0
971.605 0
980.340 0
989.154 0
997.831 0
1006.428 0
1015.105 0
