# 0.470
24.143 0
33.033 0
41.941 0
50.869 0
59.812 0
68.582 0
77.612 0
86.378 0
95.265 0
104.241 0
112.953 0
122.049 0
130.792 0
139.689 0
148.547 0
157.415 0
166.134 0
175.141 0
184.126 0
192.827 0
201.757 0
210.505 0
219.211 0
228.451 0
237.044 0
245.779 0
254.811 0
263.501 0
272.333 0
281.193 0
290.108 0
298.830 0
307.499 0
316.411 0
325.240 0
334.099 0
342.848 0
360.449 0
369.155 0
377.822 0
386.703 0
395.149 0
404.169 0
412.941 0
421.661 0
430.526 0
439.224 0
448.036 0
456.773 0
465.466 0
474.416 0
483.158 0
491.782 0
500.710 0
509.283 0
518.054 0
526.904 0
535.496 0
544.139 0
552.999 0
561.777 0
570.594 0
579.335 0
587.984 0
596.861 0
605.442 0
614.280 0
623.070 0
631.764 0
640.412 0
649.075 0
657.741 0
666.432 0
675.166 0
683.975 0
701.288 0
709.922 0
718.815 0
727.343 0
736.014 0
744.928 0
753.451 0
762.151 0
770.702 0
779.721 0
788.331 0
797.047 0
805.807 0
814.424 0
822.955 0
831.933 0
840.424 0
849.156 0
857.834 0
866.717 0
875.217 0
883.861 0
892.683 0
901.361 0
910.122 0
918.853 0
927.391 0
936.169 0
944.762 0
953.339 0
962.215 0
970.908 0
979.414 0
988.225 0
996.929 0
1005.466 0
1014.127 0
