# 0.470
22.368 0
30.933 0
39.629 0
48.208 0
57.051 0
65.638 0
74.414 0
83.112 0
91.690 0
100.265 0
109.067 0
117.777 0
126.361 0
135.177 0
143.773 0
152.561 0
161.199 0
169.888 0
178.577 0
187.231 0
196.097 0
204.657 0
213.394 0
222.139 0
230.775 0
239.349 0
248.131 0
256.886 0
265.418 0
274.104 0
282.980 0
291.639 0
300.466 0
309.039 0
317.700 0
326.293 0
335.113 0
352.591 0
361.211 0
370.019 0
378.775 0
387.382 0
396.156 0
404.774 0
413.457 0
422.295 0
431.032 0
439.676 0
448.399 0
457.040 0
465.870 0
474.614 0
483.320 0
492.061 0
500.834 0
509.593 0
518.409 0
527.041 0
535.831 0
544.619 0
553.264 0
562.015 0
570.893 0
579.618 0
588.354 0
597.129 0
605.912 0
614.586 0
623.307 0
632.153 0
640.804 0
649.694 0
658.498 0
667.266 0
676.140 0
693.569 0
702.400 0
711.136 0
719.988 0
728.865 0
737.548 0
746.352 0
755.040 0
764.002 0
772.784 0
781.650 0
790.316 0
799.249 0
808.221 0
816.961 0
825.704 0
834.526 0
843.481 0
852.422 0
861.188 0
870.101 0
878.869 0
887.709 0
896.670 0
905.460 0
914.202 0
923.294 0
931.944 0
941.008 0
949.701 0
958.498 0
967.661 0
976.499 0
985.354 0
994.258 0
1003.289 0
1012.044 0
