# 0.470
21.724 0
30.656 0
39.707 0
48.598 0
57.539 0
66.402 0
75.435 0
84.156 0
93.145 0
102.014 0
110.820 0
119.790 0
128.743 0
137.434 0
146.394 0
155.091 0
164.015 0
172.912 0
182.010 0
190.668 0
199.584 0
208.393 0
217.231 0
225.851 0
234.956 0
243.638 0
252.565 0
261.306 0
270.187 0
278.979 0
287.849 0
296.711 0
305.397 0
314.279 0
323.102 0
331.778 0
340.651 0
358.261 0
367.131 0
375.829 0
384.694 0
393.545 0
402.283 0
411.194 0
419.777 0
428.504 0
437.167 0
446.077 0
454.835 0
463.622 0
472.331 0
481.207 0
489.932 0
498.637 0
507.238 0
516.042 0
524.762 0
533.602 0
542.238 0
550.725 0
559.825 0
568.496 0
577.197 0
586.026 0
594.765 0
603.329 0
612.213 0
620.926 0
629.682 0
638.389 0
647.230 0
655.930 0
664.653 0
673.388 0
682.084 0
699.570 0
708.210 0
716.908 0
725.596 0
734.231 0
743.008 0
751.766 0
760.539 0
769.290 0
777.829 0
786.545 0
795.267 0
803.998 0
812.523 0
821.339 0
829.910 0
838.696 0
847.340 0
856.088 0
864.786 0
873.592 0
882.184 0
890.917 0
899.523 0
908.299 0
917.021 0
925.635 0
934.542 0
943.030 0
951.816 0
960.509 0
969.275 0
977.980 0
986.849 0
995.288 0
1003.929 0
1012.609 0
