# 0.470
31.039 0
39.842 0
48.843 0
57.734 0
66.610 0
75.548 0
84.464 0
93.269 0
102.185 0
111.069 0
119.973 0
128.844 0
137.709 0
146.572 0
155.569 0
164.358 0
173.163 0
182.229 0
190.949 0
199.754 0
208.781 0
217.495 0
226.291 0
235.111 0
243.952 0
252.685 0
261.644 0
270.338 0
279.204 0
288.156 0
297.072 0
305.887 0
314.700 0
323.386 0
332.356 0
341.246 0
349.842 0
358.761 0
376.290 0
385.093 0
394.052 0
402.871 0
411.599 0
420.373 0
429.179 0
437.816 0
446.638 0
455.405 0
464.156 0
472.932 0
481.654 0
490.424 0
499.220 0
507.929 0
516.684 0
525.409 0
534.158 0
542.955 0
551.602 0
560.436 0
569.121 0
577.830 0
586.603 0
595.336 0
604.267 0
612.999 0
621.697 0
630.443 0
639.189 0
647.923 0
656.610 0
665.465 0
674.142 0
682.917 0
691.575 0
709.136 0
717.916 0
726.535 0
735.160 0
743.813 0
752.598 0
761.142 0
770.053 0
778.768 0
787.478 0
796.188 0
804.895 0
813.629 0
822.190 0
830.946 0
839.598 0
848.310 0
856.988 0
865.704 0
874.423 0
883.159 0
891.857 0
900.615 0
909.333 0
918.107 0
926.841 0
935.549 0
944.178 0
952.925 0
961.576 0
970.233 0
979.122 0
987.570 0
996.435 0
1005.170 0
1013.810 0
1022.520 0
