# 0.470
27.459 0
36.112 0
44.808 0
53.448 0
62.251 0
70.932 0
79.701 0
88.338 0
97.100 0
105.596 0
114.402 0
123.040 0
131.786 0
140.493 0
149.206 0
157.890 0
166.461 0
175.258 0
183.937 0
192.682 0
201.350 0
210.082 0
218.740 0
227.491 0
235.968 0
244.790 0
253.408 0
262.280 0
270.918 0
279.532 0
288.319 0
297.064 0
305.762 0
314.391 0
323.073 0
331.764 0
340.502 0
357.944 0
366.652 0
375.379 0
384.081 0
392.850 0
401.621 0
410.219 0
419.092 0
427.831 0
436.551 0
445.237 0
453.938 0
462.774 0
471.401 0
480.026 0
488.882 0
497.672 0
506.248 0
515.110 0
523.889 0
532.554 0
541.345 0
550.072 0
558.838 0
567.672 0
576.398 0
585.026 0
593.800 0
602.576 0
611.411 0
620.052 0
628.878 0
637.718 0
646.366 0
655.213 0
664.113 0
672.862 0
681.669 0
699.174 0
707.976 0
716.751 0
725.664 0
734.466 0
743.167 0
751.982 0
760.756 0
769.657 0
778.477 0
787.286 0
796.025 0
804.949 0
813.816 0
822.564 0
831.348 0
840.222 0
848.929 0
857.921 0
866.796 0
875.752 0
884.509 0
893.355 0
902.224 0
910.989 0
919.929 0
928.819 0
937.686 0
946.633 0
955.560 0
964.246 0
973.258 0
982.179 0
990.997 0
1000.024 0
1009.002 0
1017.777 0
