# 0.470
28.660 0
37.424 0
46.419 0
55.276 0
64.174 0
73.103 0
82.213 0
90.882 0
99.604 0
108.628 0
117.444 0
126.381 0
135.212 0
144.045 0
152.918 0
161.729 0
170.665 0
179.406 0
188.274 0
197.250 0
205.984 0
214.919 0
223.761 0
232.535 0
241.400 0
250.183 0
258.985 0
267.843 0
276.673 0
285.492 0
294.326 0
303.129 0
311.737 0
320.786 0
329.725 0
338.474 0
347.233 0
364.818 0
373.506 0
382.381 0
391.208 0
399.974 0
408.699 0
417.475 0
426.211 0
435.120 0
443.737 0
452.510 0
461.240 0
469.948 0
478.691 0
487.482 0
496.287 0
504.838 0
513.686 0
522.511 0
531.190 0
540.041 0
548.637 0
557.431 0
566.110 0
574.957 0
583.634 0
592.399 0
601.073 0
609.829 0
618.512 0
627.420 0
636.014 0
644.839 0
653.550 0
662.222 0
671.078 0
679.677 0
688.486 0
705.954 0
714.678 0
723.368 0
732.021 0
740.738 0
749.351 0
758.078 0
766.792 0
775.589 0
784.204 0
793.050 0
801.710 0
810.391 0
819.072 0
827.721 0
836.411 0
845.124 0
853.873 0
862.603 0
871.154 0
880.024 0
888.601 0
897.258 0
905.871 0
914.612 0
923.384 0
932.277 0
940.916 0
949.444 0
958.250 0
966.901 0
975.549 0
984.289 0
993.040 0
1001.781 0
1010.382 0
1019.135 0
