# 0.470
19.773 0
28.749 0
37.588 0
46.354 0
55.357 0
64.136 0
73.006 0
81.938 0
90.852 0
99.730 0
108.605 0
117.469 0
126.280 0
135.205 0
144.117 0
153.044 0
161.725 0
170.618 0
179.306 0
188.259 0
197.140 0
205.949 0
214.749 0
223.656 0
232.398 0
241.490 0
250.396 0
259.065 0
267.741 0
276.767 0
285.469 0
294.250 0
302.913 0
311.736 0
320.715 0
329.528 0
338.159 0
355.736 0
364.338 0
373.369 0
382.263 0
391.103 0
399.707 0
408.683 0
417.392 0
425.935 0
434.598 0
443.564 0
452.000 1
460.938 0
469.802 0
478.560 0
487.319 0
496.012 0
504.806 0
513.765 0
522.263 0
531.070 0
539.897 0
548.449 0
557.224 0
565.965 0
574.622 0
583.107 0
592.186 0
601.041 0
609.652 0
618.472 0
627.257 0
635.803 0
644.665 0
653.362 0
662.048 0
670.792 0
679.377 0
696.943 0
705.863 0
714.500 1
723.098 0
731.745 0
740.484 0
749.035 0
757.914 0
766.603 0
775.335 0
784.038 0
792.812 0
801.432 0
810.118 0
818.800 0
827.538 0
836.220 0
844.976 0
853.646 0
862.308 0
871.092 0
879.535 0
888.315 0
897.127 0
905.785 0
914.397 0
923.211 0
931.904 0
940.412 0
949.225 0
958.038 0
966.851 0
975.210 0
983.968 0
992.640 0
1001.402 0
1009.910 0
