# 0.470
12.079 0
20.666 0
29.287 0
38.083 0
46.815 0
55.534 0
64.180 0
73.019 0
81.665 0
90.266 0
99.071 0
107.806 0
116.463 0
125.261 0
133.910 0
142.575 0
151.199 0
159.991 0
168.689 0
177.490 0
186.053 0
194.796 0
203.297 0
212.238 0
220.821 0
229.572 0
238.160 0
247.047 0
255.577 0
264.384 0
273.173 0
281.975 0
290.591 0
299.124 0
307.788 0
316.548 0
325.303 0
342.737 0
351.506 0
360.554 0
368.928 0
377.803 0
386.411 0
395.077 0
403.958 0
412.804 0
421.433 0
430.237 0
438.994 0
447.683 0
456.373 0
465.275 0
473.960 0
482.719 0
491.441 0
500.269 0
509.014 0
517.711 0
526.476 0
535.183 0
543.958 0
552.756 0
561.528 0
570.296 0
578.901 0
587.748 0
596.321 0
605.201 0
613.799 0
622.666 0
631.347 0
640.181 0
649.155 0
657.941 0
666.725 0
684.309 0
693.069 0
701.835 0
710.766 0
719.561 0
728.407 0
737.194 0
745.929 0
754.738 0
763.715 0
772.422 0
781.252 0
790.002 0
798.877 0
807.687 0
816.385 0
825.337 0
834.272 0
843.212 0
852.175 0
860.843 0
869.569 0
878.539 0
887.381 0
896.138 0
904.919 0
914.012 0
922.451 0
931.801 0
940.562 0
949.248 0
958.195 0
967.176 0
976.291 0
985.043 0
994.153 0
1002.799 0
