# 0.470
14.553 0
23.239 0
31.836 0
40.477 0
49.280 0
57.987 0
66.676 0
75.452 0
84.088 0
92.716 0
101.446 0
110.155 0
118.850 0
127.548 0
136.212 0
144.898 0
153.563 0
162.355 0
170.971 0
179.713 0
188.348 0
197.025 0
205.778 0
214.488 0
223.105 0
231.820 0
240.469 0
249.189 0
257.879 0
266.653 0
275.375 0
284.094 0
292.850 0
301.445 0
310.172 0
318.933 0
327.678 0
345.080 0
353.813 0
362.491 0
371.300 0
379.963 0
388.684 0
397.442 0
406.195 0
414.913 0
423.692 0
432.431 0
441.124 0
449.872 0
458.591 0
467.322 0
476.097 0
484.796 0
493.570 0
502.213 0
510.952 0
519.695 0
528.499 0
537.184 0
545.933 0
554.681 0
563.410 0
572.178 0
580.943 0
589.746 0
598.477 0
607.239 0
616.055 0
624.828 0
633.633 0
642.318 0
651.249 0
660.005 0
668.782 0
686.458 0
695.164 0
703.935 0
712.865 0
721.641 0
730.335 0
739.142 0
747.952 0
756.856 0
765.646 0
774.401 0
783.277 0
792.072 0
800.994 0
809.742 0
818.516 0
827.295 0
836.240 0
845.001 0
853.873 0
862.848 0
871.658 0
880.390 0
889.449 0
898.188 0
907.059 0
916.039 0
924.903 0
933.927 0
942.662 0
951.505 0
960.416 0
969.248 0
978.272 0
987.064 0
996.067 0
1005.056 0
