# 0.470
17.807 0
26.449 0
35.035 0
43.840 0
52.484 0
61.236 0
69.911 0
78.634 0
87.385 0
95.915 0
104.627 0
113.401 0
122.134 0
130.800 0
139.574 0
148.251 0
156.877 0
165.564 0
174.247 0
183.018 0
191.641 0
200.328 0
209.048 0
217.767 0
226.329 0
235.026 0
243.808 0
252.544 0
261.181 0
269.921 0
278.689 0
287.384 0
296.048 0
304.868 0
313.452 0
322.120 0
330.876 0
348.359 0
357.038 0
365.790 0
374.492 0
383.211 0
391.978 0
400.714 0
409.472 0
418.194 0
426.956 0
435.645 0
444.351 0
453.030 0
461.769 0
470.573 0
479.203 0
487.985 0
496.731 0
505.510 0
514.201 0
522.975 0
531.795 0
540.460 0
549.169 0
557.949 0
566.744 0
575.412 0
584.142 0
592.942 0
601.730 0
610.436 0
619.252 0
627.976 0
636.764 0
645.597 0
654.429 0
663.161 0
671.999 0
689.542 0
698.177 0
707.124 0
715.977 0
724.708 0
733.492 0
742.315 0
751.119 0
760.112 0
768.686 0
777.495 0
786.250 0
795.070 0
803.998 0
812.854 0
821.606 0
830.381 0
839.332 0
848.246 0
856.856 0
865.860 0
874.715 0
883.585 0
892.346 0
901.169 0
909.940 0
918.983 0
927.780 0
936.750 0
945.561 0
954.320 0
963.348 0
972.174 0
981.178 0
989.931 0
998.929 0
1007.875 0
