# 0.470
25.790 0
34.492 0
43.174 0
51.836 0
60.574 0
69.232 0
77.944 0
86.732 0
95.410 0
104.037 0
112.761 0
121.413 0
130.213 0
138.872 0
147.605 0
156.348 0
164.939 0
173.698 0
182.500 1
191.156 0
199.793 0
208.473 0
217.198 0
225.960 0
234.616 0
243.256 0
252.051 0
260.807 0
269.497 0
278.126 0
286.860 0
295.711 0
304.309 0
312.951 0
321.615 0
330.280 0
339.038 0
356.532 0
365.262 0
374.032 0
382.730 0
391.493 0
400.179 0
408.954 0
417.673 0
426.407 0
435.178 0
443.886 0
452.626 0
461.376 0
470.043 0
478.839 0
487.549 0
496.375 0
505.141 0
513.831 0
523.000 1
531.424 0
540.159 0
548.830 0
557.705 0
566.399 0
575.147 0
583.916 0
592.730 0
601.423 0
610.152 0
618.980 0
627.753 0
636.455 0
645.223 0
654.087 0
662.789 0
671.735 0
680.487 0
698.043 0
706.898 0
715.706 0
724.479 0
733.353 0
742.167 0
750.927 0
759.841 0
768.754 0
777.511 0
786.211 0
795.117 0
803.905 0
812.839 0
821.676 0
830.431 0
839.416 0
848.166 0
856.929 0
865.805 0
874.802 0
883.625 0
892.444 0
901.458 0
910.234 0
918.982 0
927.993 0
936.754 0
945.757 0
954.673 0
963.406 0
972.405 0
981.197 0
990.114 0
999.076 0
1008.065 0
1016.968 0
