# 0.470
31.523 0
40.308 0
49.392 0
58.201 0
67.150 0
76.041 0
84.958 0
93.949 0
102.741 0
111.667 0
120.525 0
129.585 0
138.310 0
147.221 0
156.357 0
165.004 0
173.864 0
182.711 0
191.319 0
200.401 0
209.209 0
217.936 0
226.828 0
235.641 0
244.505 0
253.278 0
262.102 0
270.870 0
279.773 0
288.459 0
297.351 0
306.304 0
314.886 0
323.643 0
332.559 0
341.328 0
350.139 0
367.638 0
376.364 0
385.108 0
394.063 0
402.906 0
411.637 0
420.439 0
429.110 0
437.930 0
446.743 0
455.475 0
464.295 0
473.056 0
481.722 0
490.602 0
499.222 0
507.988 0
516.788 0
525.455 0
534.260 0
542.933 0
551.577 0
560.367 0
569.264 0
577.858 0
586.614 0
595.368 0
604.057 0
612.689 0
621.472 0
630.203 0
638.980 0
647.749 0
656.321 0
665.277 0
673.869 0
682.578 0
691.332 0
708.864 0
717.539 0
726.365 0
734.902 0
743.564 0
752.318 0
760.982 0
769.740 0
778.410 0
787.233 0
795.947 0
804.604 0
813.285 0
821.914 0
830.623 0
839.258 0
847.998 0
856.846 0
865.433 0
874.074 0
882.915 0
891.441 0
900.095 0
908.601 0
917.132 0
925.986 0
934.740 0
943.505 0
952.106 0
960.854 0
969.617 0
978.358 0
987.078 0
995.831 0
1004.580 0
1013.197 0
1021.744 0
