# 0.470
20.864 0
29.512 0
38.617 0
47.325 0
56.361 0
65.157 0
74.150 0
83.036 0
91.872 0
100.845 0
109.717 0
118.588 0
127.389 0
136.301 0
145.217 0
154.163 0
162.894 0
171.848 0
180.584 0
189.458 0
198.413 0
206.914 0
216.013 0
224.784 0
233.699 0
242.495 0
251.409 0
260.265 0
269.109 0
277.838 0
286.505 0
295.668 0
304.231 0
313.169 0
321.785 0
330.715 0
339.508 0
357.098 0
366.110 0
374.759 0
383.615 0
392.613 0
401.360 0
409.899 0
418.620 0
427.356 0
436.145 0
444.921 0
453.741 0
462.529 0
471.441 0
480.342 0
488.740 0
497.550 0
506.549 0
515.012 0
523.781 0
532.606 0
541.272 0
550.071 0
558.719 0
567.523 0
576.302 0
585.207 0
593.787 0
602.466 0
611.372 0
619.985 0
628.681 0
637.401 0
646.148 0
654.904 0
663.760 0
672.522 0
681.108 0
698.688 0
707.300 0
715.981 0
724.686 0
733.436 0
742.149 0
750.907 0
759.688 0
768.273 0
777.114 0
785.772 0
794.578 0
803.216 0
811.874 0
820.530 0
829.241 0
837.968 0
846.682 0
855.460 0
864.242 0
872.915 0
881.475 0
890.106 0
898.836 0
907.694 0
916.385 0
925.195 0
933.847 0
942.402 0
951.081 0
959.829 0
968.459 0
977.261 0
986.003 0
994.580 0
1003.297 0
1011.922 0
