# 0.470
12.119 0
20.899 0
29.763 0
38.406 0
47.346 0
55.513 0
64.305 0
73.016 0
81.696 0
90.478 0
98.962 0
107.940 0
116.655 0
125.093 0
133.818 0
142.416 0
151.195 0
159.958 0
168.680 0
177.276 0
186.034 0
194.785 0
203.422 0
212.437 0
220.620 0
229.422 0
238.010 0
246.906 0
255.367 0
263.966 0
273.012 0
281.809 0
290.223 0
298.903 0
307.934 0
316.523 0
325.050 0
333.885 0
342.445 0
351.201 0
360.032 0
368.681 0
377.543 0
386.337 0
395.047 0
403.717 0
412.490 0
421.313 0
429.873 0
438.866 0
447.346 0
456.339 0
464.624 0
473.804 0
482.312 0
491.219 0
499.737 0
508.408 0
517.238 0
526.119 0
534.854 0
543.624 0
552.203 0
569.630 0
587.295 0
596.153 0
604.811 0
613.722 0
622.313 0
631.048 0
639.878 0
648.644 0
657.603 0
666.286 0
675.043 0
683.813 0
692.659 0
701.227 0
710.130 0
719.006 0
727.721 0
736.578 0
745.268 0
754.109 0
762.976 0
771.852 0
780.574 0
789.466 0
798.012 0
807.029 0
815.791 0
824.628 0
833.517 0
842.510 0
851.196 0
860.021 0
868.946 0
877.652 0
886.635 0
895.483 0
904.345 0
913.226 0
922.143 0
930.882 0
940.053 0
948.831 0
957.545 0
966.505 0
975.294 0
984.281 0
993.199 0
1002.123 0
