# 0.470
14.683 0
23.245 0
31.976 0
40.719 0
49.444 0
58.170 0
66.910 0
75.559 0
84.192 0
92.873 0
101.531 0
110.334 0
118.869 0
127.733 0
136.427 0
145.154 0
153.840 0
162.507 0
171.114 0
179.822 0
188.447 0
197.291 0
205.990 0
214.790 0
223.290 0
232.095 0
240.686 0
249.592 0
258.155 0
266.773 0
275.504 0
284.180 0
293.133 0
301.874 0
310.399 0
319.238 0
327.927 0
345.280 0
354.091 0
362.808 0
371.449 0
380.305 0
388.996 0
397.816 0
406.390 0
415.405 0
424.099 0
432.909 0
441.444 0
450.015 0
459.180 0
467.857 0
476.468 0
484.997 0
493.829 0
502.523 0
511.346 0
520.021 0
528.767 0
537.766 0
546.575 0
555.042 0
563.823 0
572.542 0
581.707 0
590.331 0
599.154 0
607.826 0
616.529 0
625.192 0
633.937 0
642.989 0
651.842 0
660.454 0
669.274 0
686.841 0
695.626 0
704.494 0
713.511 0
722.132 0
731.091 0
739.781 0
748.577 0
757.612 0
766.276 0
775.142 0
783.944 0
792.745 0
801.636 0
810.547 0
819.202 0
827.957 0
837.031 0
845.840 0
854.733 0
863.565 0
872.384 0
881.363 0
890.201 0
898.970 0
907.842 0
916.828 0
925.591 0
934.561 0
943.355 0
952.200 0
961.237 0
970.096 0
979.118 0
987.977 0
996.898 0
1005.851 0
