# 0.470
19.947 0
28.783 0
37.584 0
46.621 0
55.574 0
64.286 0
73.361 0
81.896 0
90.996 0
99.937 0
108.806 0
117.870 0
126.565 0
135.425 0
144.353 0
153.084 0
162.058 0
170.868 0
179.862 0
188.553 0
197.434 0
206.352 0
214.970 0
223.912 0
232.939 0
241.635 0
250.402 0
259.173 0
267.917 0
276.996 0
285.578 0
294.465 0
303.169 0
312.057 0
321.009 0
329.805 0
338.563 0
356.084 0
364.862 0
373.627 0
382.484 0
391.194 0
400.046 0
408.790 0
417.529 0
426.314 0
435.087 0
443.881 0
452.623 0
461.303 0
470.020 0
478.717 0
487.343 0
496.324 0
504.901 0
513.783 0
522.475 0
531.267 0
540.037 0
548.735 0
557.385 0
566.301 0
574.894 0
583.726 0
592.323 0
601.272 0
609.917 0
618.604 0
627.405 0
636.165 0
644.764 0
653.624 0
662.349 0
670.946 0
679.679 0
697.159 0
705.929 0
714.580 0
723.142 0
731.863 0
740.558 0
749.324 0
758.053 0
766.750 0
775.476 0
784.245 0
792.937 0
801.700 0
810.265 0
818.923 0
827.513 0
836.354 0
844.996 0
853.711 0
862.470 0
871.137 0
879.746 0
888.490 0
897.113 0
905.807 0
914.549 0
923.235 0
931.913 0
940.464 0
949.145 0
957.893 0
966.488 0
975.306 0
983.990 0
992.732 0
1001.235 0
1009.986 0
