# 0.470
10.077 0
18.782 0
27.535 0
36.148 0
44.807 0
53.489 0
62.245 0
70.919 0
79.556 0
88.081 0
96.896 0
105.534 0
114.325 0
123.030 0
131.786 0
140.453 0
149.027 0
157.808 0
166.466 0
175.235 0
183.779 0
192.619 0
201.325 0
210.019 0
218.702 0
227.265 0
236.070 0
244.792 0
253.592 0
262.182 0
270.935 0
279.656 0
288.321 0
297.019 0
305.748 0
314.522 0
323.098 0
340.585 0
349.331 0
358.023 0
366.760 0
375.498 0
384.268 0
393.004 0
401.634 0
410.470 0
419.300 0
427.976 0
436.701 0
445.446 0
454.122 0
462.875 0
471.509 0
480.324 0
489.101 0
497.781 0
506.435 0
515.278 0
523.997 0
532.779 0
541.621 0
550.294 0
558.933 0
567.778 0
576.514 0
585.364 0
594.003 0
602.788 0
611.593 0
620.380 0
629.077 0
637.849 0
646.725 0
655.575 0
664.336 0
681.997 0
690.589 0
699.442 0
708.267 0
717.059 0
725.872 0
734.655 0
743.475 0
752.403 0
761.133 0
769.948 0
778.690 0
787.314 0
796.432 0
805.155 0
814.025 0
822.804 0
831.861 0
840.485 0
849.464 0
858.325 0
867.084 0
875.870 0
884.899 0
893.735 0
902.527 0
911.333 0
920.307 0
929.049 0
938.064 0
946.892 0
955.848 0
964.642 0
973.661 0
982.596 0
991.510 0
1000.326 0
