# 0.470
19.409 0
28.091 0
36.749 0
45.497 0
54.161 0
63.011 0
71.597 0
80.320 0
89.023 0
97.640 0
106.274 0
115.177 0
123.880 0
132.530 0
141.191 0
149.931 0
158.505 0
167.151 0
175.996 0
184.672 0
193.449 0
202.113 0
210.685 0
219.412 0
228.028 0
236.772 0
245.490 0
254.256 0
262.934 0
271.540 0
280.521 0
289.045 0
297.720 0
306.412 0
315.131 0
323.827 0
332.588 0
350.131 0
358.832 0
367.507 0
376.153 0
384.970 0
393.723 0
402.491 0
411.200 0
419.956 0
428.710 0
437.528 0
446.071 0
454.904 0
463.663 0
472.307 0
480.956 0
489.891 0
498.670 0
507.440 0
515.963 0
524.648 0
533.664 0
542.259 0
550.874 0
559.590 0
568.594 0
577.400 0
586.184 0
594.785 0
603.685 0
612.385 0
621.176 0
629.961 0
638.605 0
647.474 0
656.295 0
664.978 0
673.762 0
691.394 0
700.076 0
709.042 0
717.958 0
726.806 0
735.511 0
744.238 0
753.039 0
762.088 0
770.830 0
779.606 0
788.441 0
797.136 0
806.109 0
814.860 0
823.785 0
832.615 0
841.386 0
850.335 0
858.989 0
867.938 0
876.764 0
885.593 0
894.483 0
903.461 0
911.971 0
921.200 0
929.996 0
938.879 0
947.744 0
956.690 0
965.640 0
974.612 0
983.385 0
992.210 0
1001.102 0
1010.071 0
