# 0.470
15.716 0
24.417 0
33.035 0
41.764 0
50.519 0
59.190 0
67.863 0
76.709 0
85.408 0
93.827 0
102.578 0
111.348 0
119.999 0
128.767 0
137.561 0
146.159 0
154.858 0
163.579 0
172.271 0
180.910 0
189.667 0
198.308 0
206.967 0
215.704 0
224.355 0
233.149 0
241.856 0
250.555 0
259.204 0
267.914 0
276.807 0
285.455 0
294.152 0
302.894 0
311.631 0
320.137 0
328.886 0
346.396 0
355.257 0
363.884 0
372.600 0
381.429 0
389.974 0
398.891 0
407.571 0
416.356 0
425.201 0
433.937 0
442.629 0
451.206 0
459.953 0
468.748 0
477.573 0
486.238 0
495.037 0
503.627 0
512.412 0
521.317 0
530.022 0
538.683 0
547.484 0
556.255 0
565.009 0
573.684 0
582.413 0
591.246 0
599.967 0
608.823 0
617.459 0
626.354 0
635.128 0
643.907 0
652.743 0
661.429 0
670.406 0
687.936 0
696.715 0
705.412 0
714.436 0
723.087 0
731.972 0
740.806 0
749.520 0
758.352 0
767.254 0
775.969 0
784.801 0
793.607 0
802.573 0
811.414 0
820.064 0
828.938 0
837.842 0
846.604 0
855.465 0
864.462 0
873.221 0
882.187 0
891.126 0
899.924 0
908.680 0
917.695 0
926.465 0
935.285 0
944.287 0
953.100 0
962.039 0
970.888 0
979.826 0
988.717 0
997.616 0
1006.542 0
