# 0.470
11.013 0
19.669 0
28.325 0
37.073 0
45.722 0
54.510 0
63.220 0
72.024 0
80.585 0
89.144 0
97.866 0
106.559 0
115.357 0
124.113 0
132.746 0
141.540 0
150.132 0
158.860 0
167.575 0
176.281 0
184.924 0
193.609 0
202.331 0
211.077 0
219.719 0
228.545 0
237.096 0
245.693 0
254.409 0
263.159 0
271.903 0
280.569 0
289.320 0
298.112 0
306.573 0
315.294 0
324.102 0
341.579 0
350.274 0
359.053 0
367.685 0
376.567 0
385.168 0
393.988 0
402.629 0
411.491 0
420.184 0
428.869 0
437.649 0
446.486 0
455.151 0
463.897 0
472.568 0
481.456 0
490.088 0
498.871 0
507.806 0
516.304 0
525.066 0
533.817 0
542.591 0
551.291 0
560.053 0
568.816 0
577.577 0
586.285 0
595.045 0
603.900 0
612.614 0
621.354 0
630.112 0
638.853 0
647.802 0
656.622 0
665.423 0
682.946 0
691.713 0
700.558 0
709.446 0
718.226 0
726.995 0
735.954 0
744.526 0
753.533 0
762.353 0
771.120 0
779.944 0
788.744 0
797.562 0
806.407 0
815.146 0
824.026 0
832.976 0
841.678 0
850.583 0
859.415 0
868.269 0
877.101 0
886.078 0
894.937 0
903.739 0
912.719 0
921.488 0
930.414 0
939.237 0
948.046 0
957.047 0
965.941 0
974.921 0
983.684 0
992.777 0
1004.000 1
