# 0.470
24.740 0
33.780 0
42.248 0
51.042 0
59.585 0
68.244 0
76.977 0
85.761 0
94.352 0
102.949 0
111.815 0
120.449 0
129.047 0
137.897 0
146.515 0
155.128 0
163.735 0
172.514 0
181.149 0
190.060 0
198.596 0
207.419 0
216.111 0
224.811 0
233.226 0
242.007 0
250.895 0
259.626 0
268.205 0
277.002 0
285.661 0
294.372 0
303.112 0
311.771 0
320.510 0
329.082 0
337.805 0
355.190 0
364.000 0
372.794 0
381.386 0
390.373 0
399.076 0
407.712 0
416.396 0
425.288 0
434.054 0
442.669 0
451.388 0
460.242 0
469.021 0
477.815 0
486.362 0
495.105 0
503.936 0
512.794 0
521.473 0
530.297 0
538.964 0
547.701 0
556.487 0
565.202 0
573.947 0
582.697 0
591.481 0
600.333 0
609.009 0
617.835 0
626.569 0
635.323 0
644.193 0
652.985 0
661.879 0
670.498 0
679.349 0
696.896 0
705.752 0
714.568 0
723.473 0
732.094 0
740.991 0
749.678 0
758.632 0
767.585 0
776.320 0
784.971 0
794.016 0
802.824 0
811.650 0
820.446 0
829.318 0
838.232 0
847.038 0
855.933 0
864.769 0
873.625 0
882.000 1
891.386 0
900.182 0
908.991 0
917.773 0
926.734 0
935.521 0
944.512 0
953.385 0
962.102 0
971.172 0
979.969 0
988.831 0
997.824 0
1007.094 0
1015.765 0
