# 0.470
15.050 0
23.716 0
32.249 0
40.937 0
49.702 0
58.415 0
67.279 0
75.852 0
84.475 0
93.169 0
101.681 0
110.465 0
119.177 0
127.928 0
136.677 0
145.272 0
153.941 0
162.505 0
171.318 0
179.954 0
188.616 0
197.522 0
206.055 0
214.826 0
223.266 0
232.096 0
240.683 0
249.566 0
258.108 0
266.886 0
275.698 0
284.340 0
292.982 0
301.532 0
310.254 0
319.100 0
327.709 0
344.983 0
353.814 0
362.703 0
371.368 0
380.157 0
388.585 0
397.584 0
406.306 0
415.010 0
423.763 0
432.367 0
441.091 0
449.889 0
458.400 0
467.409 0
476.012 0
484.625 0
493.579 0
502.201 0
511.001 0
519.704 0
528.500 1
537.116 0
546.034 0
554.553 0
563.530 0
572.218 0
580.851 0
589.573 0
598.430 0
607.341 0
615.831 0
624.675 0
633.484 0
642.100 0
651.326 0
659.888 0
668.814 0
686.285 0
694.843 0
703.678 0
712.636 0
721.460 0
730.203 0
739.078 0
747.654 0
756.619 0
765.436 0
774.383 0
782.970 0
791.669 0
800.707 0
809.583 0
818.252 0
827.143 0
836.101 0
844.674 0
853.570 0
862.463 0
871.230 0
880.133 0
888.918 0
897.808 0
906.528 0
915.439 0
924.363 0
933.389 0
942.212 0
951.025 0
960.085 0
968.921 0
977.829 0
986.694 0
995.570 0
1004.356 0
