# 0.470
23.222 0
31.896 0
40.408 0
49.088 0
57.668 0
66.489 0
75.294 0
83.888 0
92.740 0
101.282 0
109.867 0
118.699 0
127.254 0
135.997 0
144.708 0
153.310 0
161.941 0
170.699 0
179.409 0
188.056 0
196.900 0
205.528 0
214.252 0
223.061 0
231.652 0
240.317 0
249.007 0
257.699 0
266.403 0
275.191 0
283.870 0
292.574 0
301.272 0
310.020 0
318.547 0
327.377 0
336.054 0
353.573 0
362.055 0
370.966 0
379.667 0
388.377 0
396.945 0
405.692 0
414.453 0
423.427 0
431.983 0
440.784 0
449.384 0
458.160 0
466.855 0
475.642 0
484.405 0
493.142 0
501.823 0
510.614 0
519.285 0
528.155 0
536.850 0
545.506 0
554.292 0
563.157 0
571.938 0
580.606 0
589.379 0
598.170 0
606.924 0
615.687 0
624.476 0
633.129 0
641.901 0
650.652 0
659.337 0
668.293 0
677.032 0
694.706 0
703.507 0
712.320 0
721.207 0
729.855 0
738.608 0
747.462 0
756.269 0
765.082 0
773.925 0
782.654 0
791.450 0
800.288 0
809.131 0
818.010 0
826.885 0
835.634 0
844.525 0
853.325 0
862.155 0
871.067 0
879.978 0
888.700 0
897.638 0
906.538 0
915.233 0
924.240 0
933.060 0
942.065 0
950.941 0
959.690 0
968.613 0
977.643 0
986.509 0
995.344 0
1004.197 0
1013.038 0
