# 0.470
32.833 0
41.647 0
50.731 0
59.565 0
68.425 0
77.325 0
86.124 0
95.012 0
103.998 0
112.824 0
121.714 0
130.764 0
139.523 0
148.181 0
157.118 0
166.011 0
174.685 0
183.497 0
192.380 0
201.261 0
210.145 0
218.933 0
227.842 0
236.384 0
245.385 0
254.092 0
262.787 0
271.880 0
280.490 0
289.411 0
298.207 0
306.896 0
315.987 0
324.695 0
333.176 0
342.165 0
350.760 0
368.247 0
377.135 0
385.845 0
394.897 0
403.478 0
412.228 0
421.285 0
429.949 0
438.595 0
447.046 0
455.993 0
464.916 0
473.738 0
482.434 0
490.915 0
499.951 0
508.451 0
517.148 0
526.148 0
534.750 0
543.414 0
552.159 0
560.950 0
569.536 0
578.359 0
587.055 0
595.973 0
604.635 0
613.251 0
622.091 0
630.874 0
639.616 0
648.345 0
657.057 0
665.761 0
674.301 0
682.999 0
691.816 0
709.366 0
717.927 0
726.628 0
735.143 0
744.045 0
752.642 0
761.574 0
770.042 0
778.923 0
787.392 0
796.290 0
805.058 0
813.853 0
822.160 0
830.980 0
839.614 0
848.615 0
857.231 0
865.720 0
874.394 0
883.122 0
891.980 0
900.662 0
909.327 0
918.129 0
926.740 0
935.353 0
944.052 0
952.740 0
961.408 0
969.959 0
978.795 0
987.377 0
996.102 0
1004.766 0
1013.469 0
1022.146 0
