# 0.470
34.685 0
43.544 0
52.610 0
61.356 0
70.339 0
79.276 0
88.147 0
97.065 0
105.823 0
114.686 0
123.789 0
132.469 0
141.296 0
150.204 0
159.124 0
167.916 0
176.665 0
185.616 0
194.565 0
203.285 0
212.157 0
220.973 0
229.745 0
238.572 0
247.539 0
256.303 0
265.092 0
273.919 0
282.735 0
291.497 0
300.420 0
309.215 0
317.958 0
326.753 0
335.703 0
344.533 0
353.246 0
370.747 0
379.521 0
388.334 0
397.189 0
406.025 0
414.693 0
423.527 0
432.370 0
441.015 0
449.747 0
458.499 0
467.274 0
475.882 0
484.761 0
493.386 0
502.205 0
510.996 0
519.722 0
528.386 0
537.162 0
545.938 0
554.637 0
563.436 0
572.161 0
580.984 0
589.723 0
598.407 0
607.115 0
615.765 0
624.630 0
633.317 0
642.006 0
650.811 0
659.465 0
668.287 0
677.056 0
685.652 0
694.419 0
711.836 0
720.641 0
729.247 0
737.882 0
746.627 0
755.222 0
764.071 0
772.751 0
781.474 0
790.168 0
798.880 0
807.770 0
816.372 0
824.922 0
833.473 0
842.316 0
850.978 0
859.694 0
868.444 0
877.184 0
885.879 0
894.498 0
903.168 0
911.915 0
920.552 0
929.244 0
938.061 0
946.841 0
955.255 0
964.165 0
972.833 0
981.303 0
990.139 0
998.888 0
1007.564 0
1016.066 0
1024.911 0
