# 0.470
25.207 0
33.971 0
42.881 0
51.807 0
60.698 0
69.577 0
78.366 0
87.353 0
96.049 0
105.089 0
113.872 0
122.832 0
131.555 0
140.377 0
149.380 0
158.009 0
166.945 0
175.930 0
184.828 0
193.713 0
202.370 0
211.471 0
220.182 0
228.977 0
237.963 0
246.656 0
255.470 0
264.200 0
273.022 0
281.931 0
290.824 0
299.533 0
308.346 0
317.148 0
326.500 1
334.869 0
343.571 0
361.086 0
369.845 0
378.570 0
387.421 0
396.246 0
405.015 0
413.799 0
422.419 0
431.144 0
440.138 0
448.700 0
457.510 0
466.253 0
475.059 0
483.797 0
492.512 0
501.257 0
510.080 0
518.738 0
527.490 0
536.358 0
545.020 0
553.884 0
562.488 0
571.279 0
579.920 0
588.845 0
597.476 0
606.211 0
614.944 0
623.749 0
632.449 0
641.128 0
649.913 0
658.619 0
667.237 0
675.882 0
684.623 0
702.108 0
710.852 0
719.595 0
728.248 0
736.886 0
745.483 0
754.290 0
763.003 0
771.701 0
780.321 0
789.087 0
797.757 0
806.499 0
815.128 0
823.825 0
832.436 0
841.278 0
850.002 0
858.718 0
867.376 0
876.100 0
884.761 0
893.472 0
902.084 0
910.692 0
919.604 0
928.246 0
936.954 0
945.548 0
954.262 0
963.011 0
971.702 0
980.295 0
989.038 0
997.807 0
1006.317 0
1015.114 0
