# 0.470
16.761 0
25.418 0
34.085 0
42.793 0
51.554 0
60.227 0
68.907 0
77.694 0
86.506 0
95.024 0
103.647 0
112.412 0
121.106 0
129.794 0
138.426 0
147.170 0
155.870 0
164.454 0
173.166 0
181.926 0
190.486 0
199.306 0
208.053 0
216.749 0
225.245 0
233.986 0
242.692 0
251.346 0
260.088 0
268.915 0
277.735 0
286.268 0
294.866 0
303.778 0
312.298 0
321.026 0
329.823 0
347.157 0
355.956 0
364.810 0
373.410 0
382.143 0
390.923 0
399.607 0
408.445 0
417.139 0
425.747 0
434.580 0
443.255 0
451.988 0
460.779 0
469.472 0
478.049 0
487.038 0
495.629 0
504.442 0
513.089 0
521.852 0
530.666 0
539.385 0
548.146 0
556.899 0
565.679 0
574.507 0
583.148 0
591.886 0
600.674 0
609.241 0
618.123 0
626.947 0
635.735 0
644.450 0
653.516 0
662.037 0
670.991 0
688.547 0
697.361 0
706.184 0
715.001 0
723.864 0
732.529 0
741.317 0
750.302 0
759.030 0
767.920 0
776.718 0
785.375 0
794.256 0
803.097 0
811.919 0
820.706 0
829.495 0
838.348 0
847.216 0
855.982 0
864.897 0
873.798 0
882.537 0
891.555 0
900.356 0
909.168 0
918.213 0
927.026 0
935.931 0
944.686 0
953.610 0
962.549 0
971.370 0
980.363 0
989.124 0
998.147 0
1006.789 0
