# 0.470
12.175 0
21.037 0
29.611 0
38.343 0
47.032 0
55.789 0
64.589 0
73.085 0
81.918 0
90.526 0
99.229 0
108.036 0
116.660 0
125.371 0
134.024 0
142.775 0
151.572 0
160.167 0
168.916 0
177.612 0
186.293 0
194.998 0
203.686 0
212.347 0
220.949 0
229.679 0
238.423 0
247.111 0
255.876 0
264.522 0
273.392 0
282.033 0
290.806 0
299.582 0
308.068 0
316.869 0
325.727 0
342.993 0
351.855 0
360.512 0
369.240 0
378.006 0
386.729 0
395.527 0
404.145 0
413.011 0
421.685 0
430.532 0
439.236 0
448.039 0
456.716 0
465.497 0
474.228 0
482.964 0
491.708 0
500.453 0
509.212 0
517.971 0
526.676 0
535.369 0
544.064 0
552.861 0
561.726 0
570.430 0
579.132 0
587.960 0
596.739 0
605.466 0
614.258 0
623.106 0
631.796 0
640.660 0
649.525 0
658.241 0
667.018 0
684.621 0
693.475 0
702.297 0
711.100 0
719.949 0
728.715 0
737.497 0
746.261 0
755.308 0
764.076 0
772.783 0
781.650 0
790.394 0
799.271 0
808.082 0
816.896 0
825.730 0
834.579 0
843.399 0
852.241 0
861.171 0
870.036 0
878.863 0
887.844 0
896.679 0
905.380 0
914.383 0
923.212 0
932.278 0
941.066 0
949.834 0
958.953 0
967.699 0
976.716 0
985.562 0
994.580 0
1003.301 0
