# 0.470
31.888 0
40.640 0
49.652 0
58.512 0
67.302 0
76.373 0
85.282 0
94.081 0
102.774 0
111.776 0
120.593 0
129.457 0
138.329 0
147.117 0
156.111 0
165.038 0
173.767 0
182.684 0
191.614 0
200.337 0
209.384 0
218.224 0
226.885 0
235.485 0
244.489 0
253.471 0
262.178 0
270.895 0
279.611 0
288.528 0
297.462 0
306.255 0
314.934 0
323.602 0
332.522 0
341.293 0
350.230 0
358.943 0
367.760 0
376.494 0
385.187 0
394.102 0
411.730 0
420.352 0
429.044 0
437.923 0
446.555 0
455.391 0
464.172 0
472.952 0
481.584 0
490.428 0
499.061 0
507.855 0
516.531 0
525.298 0
534.066 0
542.843 0
551.569 0
560.324 0
568.941 0
577.922 0
586.513 0
595.168 0
603.967 0
612.748 0
621.557 0
630.195 0
638.948 0
647.589 0
656.361 0
665.080 0
673.826 0
682.523 0
691.206 0
708.762 0
717.434 0
726.130 0
734.682 0
743.355 0
752.170 0
760.796 0
769.611 0
778.378 0
787.071 0
795.707 0
804.393 0
813.053 0
821.780 0
830.442 0
839.166 0
847.947 0
856.495 0
865.313 0
873.971 0
882.634 0
891.272 0
900.046 0
908.614 0
917.314 0
926.069 0
934.704 0
943.437 0
952.067 0
960.791 0
969.361 0
978.175 0
986.822 0
995.483 0
1004.139 0
1012.841 0
1021.546 0
