# 0.470
18.465 0
27.072 0
35.709 0
44.430 0
53.272 0
62.031 0
70.639 0
79.309 0
88.017 0
96.754 0
105.446 0
114.050 0
122.860 0
131.576 0
140.273 0
148.959 0
157.539 0
166.222 0
175.050 0
183.663 0
192.500 0
201.152 0
209.930 0
218.567 0
227.197 0
235.899 0
244.555 0
253.371 0
262.064 0
270.746 0
279.506 0
288.198 0
296.902 0
305.622 0
314.301 0
322.953 0
331.702 0
349.169 0
357.987 0
366.637 0
375.417 0
384.259 0
392.943 0
401.701 0
410.405 0
419.220 0
427.907 0
436.678 0
445.449 0
454.209 0
462.869 0
471.608 0
480.415 0
489.110 0
497.833 0
506.647 0
515.340 0
524.042 0
532.782 0
541.800 0
550.579 0
559.284 0
568.007 0
576.680 0
585.586 0
594.133 0
602.890 0
611.685 0
620.374 0
629.266 0
638.026 0
646.823 0
655.882 0
664.560 0
673.463 0
690.924 0
699.803 0
708.482 0
717.354 0
726.305 0
735.087 0
743.860 0
752.683 0
761.561 0
770.444 0
779.105 0
788.016 0
796.754 0
805.711 0
814.498 0
823.351 0
832.183 0
841.180 0
850.014 0
858.759 0
867.786 0
876.602 0
885.393 0
894.359 0
903.140 0
911.990 0
921.030 0
929.767 0
938.702 0
947.639 0
956.414 0
965.414 0
974.433 0
983.354 0
992.179 0
1001.247 0
1010.039 0
