# 0.470
16.409 0
25.240 0
33.842 0
42.530 0
51.197 0
59.941 0
68.640 0
77.461 0
85.983 0
94.624 0
103.338 0
112.278 0
120.813 0
129.610 0
138.095 0
146.910 0
155.441 0
164.318 0
172.835 0
181.621 0
190.322 0
199.058 0
207.710 0
216.403 0
225.054 0
233.729 0
242.358 0
250.979 0
259.689 0
268.587 0
277.208 0
285.892 0
294.630 0
303.363 0
311.873 0
320.709 0
329.371 0
346.969 0
355.637 0
364.273 0
373.026 0
381.718 0
390.565 0
399.229 0
407.972 0
416.679 0
425.405 0
434.137 0
442.945 0
451.585 0
460.239 0
469.135 0
477.816 0
486.425 0
495.352 0
504.076 0
512.653 0
521.503 0
530.172 0
538.952 0
547.630 0
556.337 0
565.020 0
573.890 0
582.586 0
591.463 0
600.089 0
608.821 0
617.606 0
626.120 0
635.181 0
643.983 0
652.719 0
661.361 0
670.071 0
688.064 0
696.536 0
705.467 0
714.254 0
723.007 0
732.035 0
740.850 0
749.608 0
758.342 0
767.342 0
775.900 0
784.925 0
793.632 0
802.594 0
811.352 0
820.048 0
828.974 0
837.910 0
846.686 0
855.522 0
864.136 0
872.732 0
881.963 0
890.973 0
899.771 0
908.487 0
917.576 0
926.283 0
935.355 0
944.105 0
953.026 0
962.004 0
970.740 0
979.755 0
988.658 0
997.574 0
1006.329 0
