# 0.470
22.000 1
31.000 1
39.461 0
48.379 0
57.359 0
66.143 0
75.225 0
83.966 0
92.833 0
101.761 0
110.624 0
119.536 0
128.424 0
137.274 0
146.141 0
154.999 0
163.727 0
172.697 0
181.538 0
190.322 0
199.270 0
207.951 0
216.767 0
225.653 0
234.619 0
243.491 0
252.165 0
261.099 0
269.827 0
278.664 0
287.499 0
296.284 0
305.171 0
313.826 0
322.798 0
331.630 0
340.536 0
350.000 1
357.797 0
375.434 0
384.379 0
393.094 0
401.816 0
410.767 0
419.441 0
428.234 0
437.108 0
445.863 0
454.599 0
463.192 0
471.990 0
480.766 0
489.481 0
498.235 0
506.971 0
515.658 0
524.468 0
533.218 0
541.911 0
550.732 0
559.529 0
568.196 0
576.966 0
585.607 0
594.483 0
603.231 0
612.123 0
620.918 0
629.453 0
638.329 0
646.964 0
655.621 0
664.400 0
673.221 0
681.858 0
699.251 0
708.071 0
716.819 0
725.371 0
734.109 0
742.792 0
751.588 0
760.340 0
769.009 0
777.669 0
786.460 0
795.105 0
803.791 0
812.437 0
821.187 0
829.790 0
838.604 0
847.192 0
855.943 0
864.697 0
873.449 0
881.981 0
890.818 0
899.451 0
908.129 0
916.911 0
925.698 0
934.398 0
943.076 0
951.692 0
960.411 0
969.129 0
977.804 0
986.594 0
995.298 0
1003.900 0
1012.691 0
