# 0.470
15.274 0
24.127 0
32.574 0
41.340 0
49.965 0
58.689 0
67.460 0
76.154 0
84.954 0
93.547 0
102.185 0
110.930 0
119.746 0
128.404 0
137.185 0
145.855 0
154.417 0
163.190 0
171.909 0
180.604 0
189.349 0
198.032 0
206.684 0
215.385 0
223.965 0
232.709 0
241.406 0
250.187 0
258.829 0
267.693 0
276.279 0
285.033 0
293.833 0
302.437 0
311.045 0
319.833 0
328.578 0
345.995 0
354.814 0
363.534 0
372.129 0
381.005 0
389.767 0
398.428 0
407.164 0
415.942 0
424.756 0
433.449 0
442.103 0
450.925 0
459.722 0
468.338 0
477.101 0
486.006 0
494.767 0
503.449 0
512.130 0
521.008 0
529.722 0
538.486 0
547.114 0
555.876 0
564.630 0
573.376 0
582.045 0
591.023 0
599.627 0
608.557 0
617.415 0
626.014 0
634.747 0
643.501 0
652.370 0
661.352 0
670.017 0
687.683 0
696.473 0
705.291 0
714.274 0
722.894 0
731.739 0
740.689 0
749.215 0
758.271 0
767.119 0
775.987 0
784.815 0
793.577 0
802.592 0
811.178 0
820.233 0
828.860 0
837.714 0
846.826 0
855.482 0
864.391 0
873.194 0
882.155 0
890.972 0
899.797 0
908.727 0
917.677 0
926.419 0
935.504 0
944.293 0
953.048 0
962.120 0
970.893 0
980.008 0
988.758 0
997.780 0
1006.702 0
