# 0.470
16.893 0
25.668 0
34.163 0
42.854 0
51.586 0
60.409 0
69.028 0
77.632 0
86.444 0
95.047 0
103.657 0
112.406 0
121.124 0
129.807 0
138.591 0
147.283 0
155.875 0
164.468 0
173.264 0
181.976 0
190.616 0
199.284 0
208.005 0
216.767 0
225.347 0
234.079 0
242.854 0
251.499 0
260.204 0
268.843 0
277.563 0
286.358 0
294.981 0
303.577 0
312.314 0
320.983 0
329.715 0
347.180 0
355.818 0
364.578 0
373.285 0
382.042 0
390.831 0
399.602 0
408.181 0
417.036 0
425.738 0
434.413 0
443.113 0
451.964 0
460.591 0
469.619 0
478.198 0
486.834 0
495.591 0
504.385 0
512.967 0
521.823 0
530.474 0
539.153 0
547.972 0
556.713 0
565.476 0
574.159 0
583.036 0
591.578 0
600.417 0
608.957 0
617.963 0
626.629 0
635.509 0
644.303 0
653.142 0
661.947 0
670.592 0
688.213 0
696.871 0
705.743 0
714.816 0
723.248 0
732.198 0
740.890 0
750.305 0
758.670 0
767.447 0
776.272 0
785.130 0
793.901 0
802.828 0
811.579 0
820.355 0
829.225 0
838.012 0
846.973 0
855.626 0
864.522 0
873.375 0
882.243 0
891.167 0
899.893 0
908.763 0
917.630 0
926.532 0
935.543 0
944.408 0
953.144 0
962.107 0
970.867 0
979.824 0
988.576 0
997.696 0
1006.355 0
