# 0.470
24.946 0
33.821 0
42.339 0
50.970 0
59.779 0
68.410 0
77.223 0
85.774 0
94.645 0
103.097 0
111.849 0
120.546 0
129.340 0
137.930 0
146.695 0
155.365 0
163.970 0
172.683 0
181.370 0
190.037 0
198.814 0
207.443 0
216.245 0
224.855 0
233.572 0
242.181 0
250.927 0
259.676 0
268.391 0
277.072 0
285.746 0
294.482 0
303.181 0
312.020 0
320.515 0
329.254 0
337.965 0
355.404 0
364.109 0
372.832 0
381.558 0
390.320 0
398.989 0
407.723 0
416.499 0
425.211 0
433.938 0
442.682 0
451.454 0
460.212 0
468.841 0
477.711 0
486.315 0
495.086 0
503.879 0
512.576 0
521.345 0
529.992 0
538.810 0
547.455 0
556.370 0
565.109 0
573.753 0
582.428 0
591.242 0
599.939 0
608.799 0
617.662 0
626.268 0
635.066 0
643.772 0
652.727 0
661.440 0
670.229 0
679.039 0
696.679 0
705.381 0
714.303 0
723.038 0
731.765 0
740.743 0
749.489 0
758.264 0
767.177 0
775.951 0
784.831 0
793.560 0
802.257 0
811.322 0
820.204 0
828.832 0
837.897 0
846.509 0
855.366 0
864.267 0
873.178 0
882.004 0
890.787 0
899.702 0
908.590 0
917.295 0
926.401 0
935.182 0
944.195 0
952.970 0
961.755 0
970.812 0
979.578 0
988.558 0
997.453 0
1006.365 0
1015.353 0
