# 0.470
24.277 0
33.002 0
41.760 0
50.604 0
59.337 0
68.047 0
76.847 0
85.562 0
94.225 0
102.903 0
111.484 0
120.281 0
128.920 0
137.604 0
146.301 0
155.093 0
163.632 0
172.302 0
180.975 0
189.858 0
198.389 0
207.150 0
215.837 0
224.513 0
233.211 0
241.837 0
250.598 0
259.320 0
268.047 0
276.846 0
285.418 0
294.183 0
302.925 0
311.692 0
320.165 0
328.875 0
337.521 0
355.011 0
363.730 0
372.582 0
381.128 0
389.983 0
398.655 0
407.424 0
416.065 0
424.847 0
433.638 0
442.273 0
451.030 0
459.765 0
468.495 0
477.225 0
485.915 0
494.662 0
503.332 0
512.150 0
520.934 0
529.765 0
538.785 0
547.154 0
556.081 0
564.788 0
573.656 0
582.371 0
591.244 0
599.916 0
608.583 0
617.555 0
626.137 0
634.926 0
643.811 0
652.436 0
661.334 0
670.217 0
679.013 0
696.413 0
705.284 0
714.073 0
723.010 0
731.835 0
740.638 0
749.593 0
758.204 0
767.020 0
775.927 0
784.635 0
793.334 0
802.213 0
811.154 0
820.068 0
828.881 0
837.675 0
846.667 0
855.402 0
864.118 0
873.109 0
881.889 0
890.668 0
899.733 0
908.508 0
917.348 0
926.260 0
935.111 0
944.115 0
952.932 0
961.606 0
970.698 0
979.550 0
988.417 0
997.255 0
1006.137 0
1015.033 0
