# 0.470
32.795 0
41.652 0
50.654 0
59.436 0
68.331 0
77.271 0
86.211 0
95.023 0
103.806 0
112.762 0
121.604 0
130.689 0
139.352 0
148.167 0
157.040 0
165.944 0
174.771 0
183.637 0
192.488 0
200.995 0
210.030 0
218.994 0
227.826 0
236.635 0
245.608 0
254.318 0
263.173 0
271.946 0
280.794 0
289.602 0
298.457 0
307.299 0
315.963 0
324.808 0
333.706 0
342.501 0
351.200 0
368.785 0
377.568 0
386.287 0
395.183 0
403.957 0
412.848 0
421.349 0
430.289 0
439.049 0
447.755 0
456.541 0
465.211 0
474.065 0
482.712 0
491.575 0
500.433 0
509.095 0
517.774 0
526.553 0
535.295 0
544.046 0
552.765 0
561.617 0
570.238 0
579.019 0
587.754 0
596.459 0
605.152 0
613.977 0
622.694 0
631.407 0
640.145 0
648.914 0
657.574 0
666.310 0
675.072 0
683.770 0
692.548 0
709.942 0
718.683 0
727.361 0
736.013 0
744.642 0
753.361 0
762.037 0
770.892 0
779.571 0
788.275 0
797.000 0
805.726 0
814.347 0
822.992 0
831.722 0
840.541 0
849.200 0
857.895 0
866.599 0
875.387 0
884.133 0
892.653 0
901.414 0
910.066 0
918.782 0
927.463 0
936.283 0
944.929 0
953.551 0
962.248 0
970.994 0
979.662 0
988.368 0
997.081 0
1005.759 0
1014.362 0
1023.093 0
