# 0.470
21.895 0
30.857 0
39.802 0
48.590 0
57.673 0
66.533 0
75.420 0
84.280 0
93.175 0
102.197 0
110.931 0
119.921 0
128.679 0
137.615 0
146.447 0
155.234 0
164.168 0
173.014 0
181.946 0
190.580 0
199.674 0
208.668 0
217.219 0
226.197 0
234.969 0
243.860 0
252.664 0
261.522 0
270.279 0
279.139 0
287.899 0
296.786 0
305.615 0
314.555 0
323.256 0
332.171 0
340.979 0
358.419 0
367.194 0
376.067 0
384.907 0
393.807 0
402.492 0
411.333 0
420.017 0
428.878 0
437.551 0
446.328 0
454.987 0
463.826 0
472.548 0
481.265 0
489.985 0
498.718 0
507.636 0
516.500 1
525.076 0
533.767 0
542.503 0
551.280 0
559.940 0
568.829 0
577.493 0
586.138 0
594.942 0
603.624 0
612.441 0
621.223 0
629.940 0
638.654 0
647.454 0
656.221 0
664.881 0
673.624 0
682.388 0
699.864 0
708.547 0
717.308 0
725.937 0
734.496 0
743.368 0
751.983 0
760.709 0
769.447 0
778.138 0
786.907 0
795.599 0
804.359 0
812.844 0
821.637 0
830.365 0
839.083 0
847.751 0
856.529 0
865.166 0
873.914 0
882.470 0
891.129 0
899.840 0
908.618 0
917.319 0
926.101 0
934.860 0
943.429 0
952.217 0
960.815 0
969.516 0
978.250 0
987.046 0
995.769 0
1004.315 0
1013.005 0
