# 0.470
26.934 0
35.810 0
44.866 0
53.764 0
62.676 0
71.524 0
80.419 0
89.357 0
98.194 0
107.047 0
115.891 0
124.856 0
133.667 0
142.571 0
151.438 0
160.218 0
169.149 0
178.038 0
186.864 0
195.609 0
204.638 0
213.330 0
222.332 0
231.224 0
240.097 0
248.944 0
257.752 0
266.540 0
275.495 0
284.152 0
293.103 0
301.914 0
310.706 0
319.352 0
328.407 0
337.148 0
345.977 0
363.563 0
372.242 0
381.019 0
389.966 0
398.681 0
407.545 0
416.253 0
424.987 0
433.746 0
442.457 0
451.305 0
460.035 0
468.858 0
477.508 0
486.241 0
495.043 0
503.855 0
512.553 0
521.223 0
529.996 0
538.800 0
547.661 0
556.242 0
565.125 0
573.887 0
582.622 0
591.265 0
600.032 0
608.775 0
617.500 0
626.247 0
634.935 0
643.753 0
652.369 0
661.127 0
669.847 0
678.592 0
687.359 0
704.765 0
713.484 0
722.291 0
730.741 0
739.572 0
748.204 0
756.917 0
765.800 0
774.434 0
783.051 0
791.764 0
800.499 0
809.281 0
817.813 0
826.586 0
835.268 0
844.097 0
852.794 0
861.490 0
870.241 0
878.965 0
887.491 0
896.339 0
904.966 0
913.695 0
922.424 0
931.170 0
939.851 0
948.455 0
957.214 0
965.861 0
974.564 0
983.244 0
991.988 0
1000.737 0
1009.345 0
1018.044 0
