# 0.470
23.106 0
31.773 0
40.316 0
49.319 0
57.752 0
66.458 0
75.126 0
83.840 0
92.669 0
101.186 0
109.917 0
118.724 0
127.427 0
136.096 0
144.814 0
153.495 0
162.049 0
170.840 0
179.406 0
188.211 0
196.850 0
205.715 0
214.310 0
222.846 0
231.477 0
240.383 0
249.207 0
257.701 0
266.395 0
275.107 0
283.740 0
292.621 0
301.146 0
310.035 0
318.521 0
327.258 0
336.010 0
353.436 0
362.178 0
370.885 0
379.507 0
388.521 0
397.090 0
405.763 0
414.606 0
423.300 0
432.163 0
440.618 0
449.532 0
458.362 0
467.123 0
475.742 0
484.585 0
493.269 0
502.107 0
510.819 0
519.379 0
527.993 0
537.027 0
545.806 0
554.423 0
563.083 0
572.033 0
580.602 0
589.134 0
598.085 0
606.634 0
615.548 0
624.366 0
633.262 0
641.994 0
650.676 0
659.555 0
668.393 0
677.018 0
694.593 0
703.651 0
712.410 0
721.341 0
730.088 0
738.746 0
747.349 0
756.329 0
765.045 0
773.857 0
782.566 0
791.362 0
800.100 0
809.115 0
817.858 0
826.696 0
835.465 0
844.227 0
853.215 0
861.963 0
871.139 0
879.860 0
888.557 0
897.499 0
906.507 0
915.180 0
924.249 0
932.904 0
941.785 0
950.850 0
959.686 0
968.470 0
977.258 0
986.374 0
995.328 0
1004.274 0
1013.102 0
