# 0.470
17.929 0
26.514 0
35.075 0
43.811 0
52.572 0
61.235 0
69.993 0
78.567 0
87.404 0
96.013 0
104.705 0
113.392 0
122.159 0
130.839 0
139.573 0
148.340 0
156.891 0
165.591 0
174.265 0
183.035 0
191.686 0
200.335 0
209.129 0
217.877 0
226.445 0
235.266 0
243.871 0
252.477 0
261.293 0
269.952 0
278.685 0
287.301 0
295.979 0
304.759 0
313.405 0
322.011 0
330.637 0
348.204 0
356.979 0
365.627 0
374.430 0
383.210 0
391.918 0
400.698 0
409.420 0
418.168 0
426.880 0
435.594 0
444.349 0
453.063 0
461.876 0
470.671 0
479.390 0
488.084 0
496.904 0
505.585 0
514.441 0
523.138 0
531.896 0
540.598 0
549.323 0
558.078 0
566.839 0
575.503 0
584.344 0
592.991 0
601.674 0
610.474 0
619.294 0
627.999 0
636.794 0
645.497 0
654.444 0
663.273 0
672.068 0
689.559 0
698.299 0
707.195 0
716.057 0
724.830 0
733.638 0
742.418 0
751.190 0
760.204 0
768.928 0
777.823 0
786.586 0
795.341 0
804.427 0
813.041 0
821.919 0
830.683 0
839.626 0
848.502 0
857.263 0
866.228 0
874.993 0
883.770 0
892.700 0
901.371 0
910.170 0
919.159 0
927.919 0
936.841 0
945.733 0
954.504 0
963.472 0
972.356 0
981.405 0
990.158 0
999.215 0
1008.000 1
