# 0.470
29.840 0
38.491 0
47.466 0
56.350 0
65.324 0
74.103 0
82.975 0
91.869 0
100.747 0
109.687 0
118.396 0
127.608 0
136.305 0
145.044 0
154.077 0
162.806 0
171.733 0
180.712 0
189.383 0
198.262 0
207.217 0
216.059 0
224.745 0
233.556 0
242.427 0
251.245 0
260.155 0
268.758 0
277.787 0
286.540 0
295.262 0
304.128 0
312.932 0
321.707 0
330.548 0
339.438 0
348.184 0
365.709 0
374.393 0
383.104 0
391.980 0
400.818 0
409.680 0
418.440 0
427.258 0
436.024 0
444.851 0
453.000 1
462.163 0
471.046 0
479.738 0
488.345 0
497.246 0
505.955 0
514.718 0
523.284 0
532.100 0
540.973 0
549.667 0
558.396 0
567.010 0
575.844 0
584.585 0
593.237 0
602.022 0
610.760 0
619.515 0
628.264 0
636.870 0
645.696 0
654.404 0
663.062 0
671.956 0
680.494 0
689.185 0
706.690 0
715.469 0
724.165 0
732.844 0
741.584 0
750.277 0
758.989 0
767.622 0
776.334 0
785.023 0
793.755 0
802.379 0
811.169 0
819.748 0
828.540 0
837.280 0
845.949 0
854.605 0
863.343 0
872.032 0
880.780 0
889.277 0
897.953 0
906.718 0
915.454 0
924.162 0
932.831 0
941.531 0
950.078 0
958.868 0
967.572 0
976.203 0
984.958 0
993.656 0
1002.428 0
1010.881 0
1019.570 0
