# 0.470
25.988 0
34.691 0
43.175 0
52.020 0
60.685 0
69.527 0
78.097 0
86.678 0
95.593 0
104.066 0
112.691 0
121.454 0
130.025 0
138.802 0
147.586 0
156.276 0
164.927 0
173.646 0
182.255 0
191.155 0
199.790 0
208.270 0
217.060 0
225.834 0
234.350 0
242.978 0
251.760 0
260.519 0
269.070 0
277.810 0
286.477 0
295.245 0
304.015 0
312.763 0
321.352 0
329.895 0
338.660 0
356.130 0
364.744 0
373.624 0
382.315 0
391.093 0
400.018 0
408.419 0
417.114 0
425.896 0
434.818 0
443.445 0
452.347 0
461.088 0
469.576 0
478.702 0
487.167 0
495.700 0
504.559 0
513.190 0
522.064 0
530.538 0
539.562 0
548.271 0
556.882 0
565.683 0
574.645 0
583.184 0
591.821 0
600.601 0
609.516 0
618.101 0
626.792 0
635.566 0
644.328 0
653.120 0
662.036 0
679.637 0
688.000 1
697.024 0
705.851 0
714.663 0
723.528 0
732.250 0
741.042 0
750.112 0
758.959 0
767.604 0
776.334 0
785.256 0
794.008 0
802.616 0
811.817 0
820.428 0
829.307 0
837.992 0
846.916 0
855.922 0
864.435 0
873.570 0
882.269 0
891.367 0
900.165 0
908.932 0
917.710 0
926.592 0
935.630 0
944.276 0
953.259 0
962.194 0
970.986 0
979.782 0
988.954 0
997.711 0
1006.614 0
1015.406 0
