# 0.470
12.502 0
21.259 0
29.875 0
38.527 0
47.170 0
55.931 0
64.475 0
73.346 0
82.006 0
90.590 0
99.262 0
108.005 0
116.805 0
125.405 0
134.173 0
142.892 0
151.368 0
160.150 0
168.908 0
177.589 0
186.298 0
194.932 0
203.684 0
212.342 0
221.000 0
229.710 0
238.337 0
247.094 0
255.760 0
264.368 0
273.214 0
281.911 0
290.618 0
299.307 0
307.875 0
316.635 0
325.307 0
342.838 0
351.526 0
360.210 0
368.983 0
377.745 0
386.410 0
395.270 0
403.792 0
412.647 0
421.370 0
430.065 0
438.797 0
447.970 0
456.351 0
464.950 0
473.698 0
482.577 0
491.258 0
499.956 0
508.674 0
517.442 0
526.188 0
534.942 0
543.653 0
552.385 0
561.312 0
569.889 0
578.588 0
587.422 0
596.173 0
604.882 0
613.738 0
622.427 0
631.221 0
639.920 0
648.813 0
657.521 0
666.348 0
683.887 0
692.645 0
701.331 0
710.359 0
719.166 0
727.940 0
736.619 0
745.412 0
754.371 0
763.215 0
771.963 0
780.759 0
789.528 0
798.363 0
807.131 0
815.968 0
824.846 0
833.716 0
842.549 0
851.320 0
860.124 0
869.101 0
877.821 0
886.775 0
895.531 0
904.284 0
913.315 0
922.119 0
931.006 0
939.803 0
948.645 0
957.590 0
966.327 0
975.313 0
984.168 0
993.067 0
1001.961 0
