# 0.470
24.113 0
32.768 0
41.789 0
50.608 0
59.322 0
68.262 0
77.292 0
85.933 0
94.855 0
103.846 0
112.647 0
121.537 0
130.453 0
139.164 0
148.056 0
156.862 0
165.842 0
174.720 0
183.484 0
192.206 0
201.166 0
210.149 0
218.848 0
227.694 0
236.520 0
245.351 0
254.111 0
262.922 0
271.836 0
280.817 0
289.495 0
298.386 0
307.082 0
316.021 0
324.824 0
333.495 0
342.211 0
359.872 0
368.657 0
377.386 0
386.346 0
395.033 0
403.809 0
412.643 0
421.281 0
430.101 0
438.833 0
447.591 0
456.379 0
465.055 0
473.840 0
482.609 0
491.389 0
500.041 0
508.773 0
517.457 0
526.154 0
535.058 0
543.747 0
552.413 0
561.162 0
569.907 0
578.788 0
587.455 0
596.320 0
604.993 0
613.645 0
622.386 0
631.278 0
639.904 0
648.634 0
657.238 0
666.111 0
674.704 0
683.476 0
700.881 0
709.488 0
718.348 0
726.935 0
735.615 0
744.349 0
753.067 0
761.773 0
770.302 0
779.218 0
787.841 0
796.499 0
805.308 0
813.864 0
822.615 0
831.230 0
840.088 0
848.622 0
857.337 0
866.100 0
874.814 0
883.459 0
892.074 0
900.947 0
909.689 0
918.274 0
927.070 0
935.813 0
944.302 0
953.001 0
961.769 0
970.290 0
979.199 0
987.928 0
996.478 0
1005.202 0
1013.836 0
