# 0.470
36.699 0
45.642 0
54.456 0
63.464 0
72.271 0
81.272 0
90.081 0
98.829 0
107.819 0
116.580 0
125.686 0
134.625 0
143.259 0
152.217 0
160.961 0
169.861 0
178.794 0
187.672 0
196.353 0
205.300 0
214.145 0
222.896 0
231.713 0
240.587 0
249.355 0
258.245 0
266.989 0
275.740 0
284.725 0
293.650 0
302.365 0
311.145 0
319.931 0
328.808 0
346.333 0
363.813 0
372.465 0
381.361 0
390.205 0
398.999 0
407.770 0
416.510 0
425.413 0
434.169 0
442.779 0
451.562 0
460.381 0
469.127 0
477.845 0
486.588 0
495.251 0
504.142 0
512.802 0
521.505 0
530.424 0
539.014 0
547.826 0
556.468 0
565.283 0
573.981 0
582.775 0
591.548 0
600.282 0
608.952 0
617.729 0
626.500 0
635.224 0
644.154 0
652.714 0
661.362 0
670.020 0
678.801 0
687.485 0
696.227 0
704.932 0
713.545 0
722.332 0
730.995 0
739.724 0
748.476 0
757.169 0
765.883 0
774.552 0
783.263 0
792.029 0
800.791 0
809.328 0
818.195 0
826.852 0
835.540 0
844.122 0
852.850 0
861.530 0
870.369 0
878.997 0
887.555 0
896.305 0
904.960 0
913.726 0
922.434 0
931.334 0
939.883 0
948.564 0
957.387 0
965.812 0
974.885 0
983.178 0
991.848 0
1000.680 0
1009.226 0
1017.924 0
1026.608 0
