# 0.470
16.731 0
25.535 0
34.099 0
42.866 0
51.570 0
60.194 0
68.858 0
77.550 0
86.337 0
94.963 0
103.658 0
112.371 0
121.043 0
129.823 0
138.550 0
147.268 0
155.893 0
164.539 0
173.315 0
182.054 0
190.766 0
199.494 0
208.145 0
216.906 0
225.463 0
234.153 0
242.880 0
251.625 0
260.324 0
269.063 0
277.734 0
286.417 0
295.188 0
303.930 0
312.474 0
321.193 0
329.988 0
347.442 0
356.044 0
364.865 0
373.513 0
382.268 0
391.017 0
399.669 0
408.484 0
417.315 0
425.925 0
434.718 0
443.489 0
452.243 0
460.875 0
469.757 0
478.327 0
487.143 0
495.684 0
504.605 0
513.399 0
522.165 0
530.966 0
539.711 0
548.352 0
557.077 0
565.896 0
574.590 0
583.319 0
592.158 0
600.899 0
609.698 0
618.435 0
627.102 0
635.998 0
644.694 0
653.589 0
662.321 0
671.102 0
688.495 0
697.310 0
706.150 0
715.069 0
723.875 0
732.686 0
741.402 0
750.214 0
759.046 0
767.895 0
776.665 0
785.559 0
794.220 0
803.228 0
812.099 0
820.833 0
829.609 0
838.557 0
847.380 0
856.152 0
865.058 0
873.860 0
882.798 0
891.584 0
900.454 0
909.322 0
918.144 0
927.025 0
935.941 0
944.828 0
953.607 0
962.654 0
971.417 0
980.406 0
989.122 0
998.145 0
1006.978 0
