# 0.470
25.204 0
33.908 0
42.653 0
51.345 0
59.984 0
68.686 0
77.534 0
86.183 0
94.929 0
103.531 0
112.208 0
120.939 0
129.711 0
138.391 0
147.109 0
155.898 0
164.508 0
173.137 0
181.915 0
190.624 0
199.375 0
208.097 0
216.810 0
225.667 0
234.119 0
242.818 0
251.500 0
260.262 0
269.002 0
277.738 0
286.376 0
295.148 0
303.842 0
312.635 0
321.380 0
329.974 0
338.737 0
356.167 0
364.952 0
373.801 0
382.466 0
391.229 0
400.053 0
408.486 0
417.444 0
426.094 0
434.873 0
443.653 0
452.363 0
461.118 0
469.794 0
478.575 0
487.328 0
496.000 0
504.690 0
513.551 0
522.347 0
531.073 0
540.027 0
548.514 0
557.452 0
566.003 0
574.997 0
583.491 0
592.384 0
601.310 0
610.084 0
618.686 0
627.507 0
636.077 0
645.072 0
653.671 0
662.739 0
671.296 0
679.954 0
697.951 0
706.631 0
715.501 0
724.192 0
733.198 0
741.950 0
750.676 0
759.728 0
768.433 0
777.369 0
785.879 0
794.955 0
803.818 0
812.350 0
821.623 0
830.125 0
839.209 0
847.839 0
856.738 0
865.146 0
874.203 0
883.072 0
892.187 0
901.283 0
909.545 0
918.437 0
927.908 0
936.195 0
945.749 0
954.192 0
963.219 0
972.221 0
980.867 0
990.293 0
999.233 0
1008.259 0
1016.946 0
