# 0.470
24.736 0
33.492 0
42.483 0
51.405 0
60.303 0
69.088 0
78.110 0
87.069 0
95.787 0
104.830 0
113.539 0
122.526 0
131.354 0
140.348 0
149.169 0
157.955 0
166.731 0
175.679 0
184.635 0
193.245 0
202.289 0
211.027 0
219.887 0
228.730 0
237.681 0
246.464 0
255.243 0
264.086 0
272.827 0
281.754 0
290.638 0
299.351 0
308.157 0
317.028 0
325.828 0
334.705 0
343.406 0
361.092 0
369.849 0
378.504 0
387.597 0
396.329 0
405.131 0
413.949 0
422.619 0
431.368 0
440.080 0
448.846 0
457.654 0
466.371 0
475.071 0
483.837 0
492.697 0
501.376 0
510.039 0
518.883 0
527.652 0
536.365 0
545.194 0
553.975 0
562.539 0
571.350 0
580.116 0
588.821 0
597.631 0
606.307 0
615.092 0
623.775 0
632.552 0
641.208 0
650.056 0
658.693 0
667.512 0
676.287 0
684.964 0
702.441 0
711.261 0
719.987 0
728.404 0
737.309 0
745.929 0
754.635 0
763.316 0
772.097 0
780.855 0
789.467 0
798.261 0
806.860 0
815.668 0
824.223 0
832.848 0
841.669 0
850.356 0
858.925 0
867.848 0
876.540 0
885.048 0
893.892 0
902.646 0
911.417 0
920.198 0
928.854 0
937.595 0
946.049 0
954.918 0
963.649 0
972.308 0
981.027 0
989.758 0
998.488 0
1007.102 0
1015.825 0
