# 0.470
23.319 0
32.207 0
41.165 0
49.969 0
59.061 0
67.734 0
76.700 0
85.632 0
94.408 0
103.638 0
112.332 0
121.321 0
130.185 0
138.951 0
147.845 0
156.782 0
165.581 0
174.429 0
183.311 0
192.241 0
201.108 0
209.951 0
218.651 0
227.663 0
236.547 0
245.283 0
254.091 0
262.848 0
271.531 0
280.519 0
289.287 0
298.202 0
306.902 0
315.795 0
324.648 0
333.456 0
342.322 0
359.711 0
368.479 0
377.386 0
386.306 0
395.134 0
403.858 0
412.570 0
421.171 0
429.948 0
438.929 0
447.487 0
456.424 0
465.095 0
473.895 0
482.577 0
491.444 0
500.203 0
508.903 0
517.637 0
526.585 0
535.077 0
543.863 0
552.599 0
561.479 0
570.162 0
579.057 0
587.648 0
596.340 0
605.093 0
613.891 0
622.541 0
631.348 0
640.040 0
648.718 0
657.474 0
666.170 0
674.922 0
683.676 0
701.116 0
709.987 0
718.622 0
727.278 0
736.001 0
744.623 0
753.261 0
762.029 0
770.809 0
779.558 0
788.258 0
797.008 0
805.609 0
814.251 0
822.973 0
831.647 0
840.383 0
849.079 0
857.869 0
866.528 0
875.152 0
883.797 0
892.621 0
901.167 0
909.916 0
918.718 0
927.427 0
936.150 0
944.747 0
953.389 0
962.080 0
970.716 0
979.536 0
988.123 0
996.811 0
1005.460 0
1014.161 0
