# 0.470
29.737 0
38.576 0
47.547 0
56.409 0
65.286 0
74.170 0
83.107 0
92.072 0
100.771 0
109.779 0
118.706 0
127.495 0
136.286 0
145.166 0
154.049 0
162.977 0
171.762 0
180.740 0
189.487 0
198.192 0
207.187 0
215.978 0
224.787 0
233.685 0
242.486 0
251.330 0
260.106 0
268.885 0
277.675 0
286.597 0
295.471 0
304.312 0
313.049 0
321.844 0
330.700 0
339.582 0
348.378 0
365.938 0
374.663 0
383.404 0
392.294 0
401.093 0
409.890 0
418.575 0
427.375 0
436.054 0
444.880 0
453.617 0
462.415 0
471.068 0
479.847 0
488.594 0
497.333 0
506.132 0
514.821 0
523.612 0
532.319 0
541.053 0
549.780 0
558.566 0
567.187 0
576.005 0
584.655 0
593.458 0
602.271 0
611.029 0
619.746 0
628.560 0
637.211 0
645.937 0
654.646 0
663.505 0
672.128 0
680.827 0
689.603 0
707.047 0
715.774 0
724.388 0
733.045 0
741.769 0
750.400 0
759.124 0
767.890 0
776.602 0
785.376 0
794.012 0
802.778 0
811.494 0
820.018 0
828.693 0
837.419 0
846.102 0
854.755 0
863.455 0
872.188 0
880.978 0
889.509 0
898.288 0
907.143 0
915.839 0
924.473 0
933.222 0
941.927 0
950.512 0
959.158 0
967.940 0
976.649 0
985.456 0
994.084 0
1002.792 0
1011.413 0
1020.198 0
