# 0.470
32.377 0
41.279 0
50.277 0
59.064 0
67.887 0
76.807 0
85.794 0
94.646 0
103.557 0
112.452 0
121.345 0
130.210 0
139.063 0
147.837 0
156.801 0
165.575 0
174.515 0
183.441 0
192.243 0
200.955 0
210.024 0
218.763 0
227.514 0
236.373 0
245.139 0
254.045 0
262.838 0
271.711 0
280.506 0
289.287 0
298.091 0
306.810 0
315.567 0
324.526 0
333.327 0
342.128 0
350.922 0
368.222 0
377.250 0
385.988 0
394.883 0
403.674 0
412.396 0
421.113 0
429.851 0
438.644 0
447.253 0
456.191 0
465.008 0
473.479 0
482.389 0
491.088 0
499.901 0
508.682 0
517.386 0
526.152 0
534.832 0
543.572 0
552.189 0
561.042 0
569.707 0
578.422 0
587.239 0
596.006 0
604.763 0
613.460 0
622.248 0
630.961 0
639.703 0
648.444 0
657.175 0
665.823 0
674.535 0
683.280 0
692.027 0
709.467 0
718.157 0
726.915 0
735.572 0
744.234 0
752.838 0
761.559 0
770.336 0
779.050 0
787.746 0
796.422 0
805.265 0
813.967 0
822.654 0
831.196 0
839.799 0
848.665 0
857.299 0
866.073 0
874.740 0
883.512 0
891.927 0
900.725 0
909.382 0
918.103 0
926.811 0
935.626 0
944.199 0
952.852 0
961.577 0
970.313 0
978.965 0
987.574 0
996.330 0
1005.065 0
1013.629 0
1022.430 0
