# 0.470
24.354 0
33.249 0
42.266 0
51.129 0
60.084 0
68.872 0
77.802 0
86.649 0
95.524 0
104.443 0
113.309 0
122.297 0
131.159 0
139.965 0
148.960 0
157.646 0
166.577 0
175.417 0
184.292 0
193.134 0
202.074 0
211.068 0
219.654 0
228.488 0
237.424 0
246.396 0
255.179 0
263.898 0
272.583 0
281.504 0
290.293 0
299.246 0
308.037 0
316.741 0
325.658 0
334.445 0
343.213 0
360.705 0
369.597 0
378.264 0
387.225 0
396.021 0
404.806 0
413.653 0
422.353 0
431.108 0
439.576 0
448.538 0
457.365 0
466.145 0
474.887 0
483.692 0
492.310 0
501.034 0
509.735 0
518.682 0
527.350 0
536.267 0
544.885 0
553.573 0
562.347 0
571.135 0
579.800 0
588.547 0
597.267 0
605.994 0
614.752 0
623.505 0
632.189 0
640.910 0
649.684 0
658.348 0
667.158 0
675.732 0
684.426 0
701.938 0
710.845 0
719.456 0
728.101 0
736.819 0
745.535 0
754.128 0
762.895 0
771.595 0
780.360 0
789.057 0
797.764 0
806.526 0
815.094 0
823.830 0
832.695 0
841.290 0
849.957 0
858.609 0
867.290 0
875.968 0
884.566 0
893.375 0
901.934 0
910.737 0
919.418 0
928.219 0
936.867 0
945.441 0
954.096 0
962.865 0
971.625 0
980.335 0
989.051 0
997.679 0
1006.145 0
1015.166 0
