# 0.470
22.820 0
31.481 0
40.171 0
48.782 0
57.564 0
66.231 0
74.936 0
83.679 0
92.287 0
100.960 0
109.675 0
118.388 0
127.105 0
135.821 0
144.534 0
153.276 0
161.849 0
170.612 0
179.312 0
188.066 0
196.721 0
205.439 0
214.065 0
222.767 0
231.518 0
240.046 0
248.766 0
257.421 0
266.227 0
274.958 0
283.748 0
292.439 0
301.190 0
309.905 0
318.358 0
327.182 0
335.865 0
353.332 0
362.180 0
370.872 0
379.541 0
388.304 0
397.021 0
405.780 0
414.664 0
423.352 0
432.001 0
440.742 0
449.524 0
458.237 0
466.994 0
475.853 0
484.526 0
493.255 0
501.945 0
510.786 0
519.549 0
528.262 0
537.034 0
545.686 0
554.331 0
563.086 0
571.902 0
580.679 0
589.343 0
598.156 0
606.962 0
615.794 0
624.531 0
633.415 0
641.995 0
650.782 0
659.816 0
668.523 0
677.318 0
694.934 0
703.581 0
712.410 0
721.316 0
730.132 0
738.976 0
747.717 0
756.507 0
765.313 0
774.330 0
783.099 0
791.813 0
800.597 0
809.514 0
818.246 0
827.225 0
836.038 0
844.876 0
853.680 0
862.201 0
871.377 0
880.133 0
889.018 0
898.039 0
906.654 0
915.632 0
924.529 0
933.459 0
942.480 0
951.248 0
960.072 0
968.951 0
977.906 0
986.929 0
995.808 0
1004.836 0
1013.545 0
