# 0.470
12.969 0
20.909 0
30.082 0
38.798 0
47.399 0
56.173 0
64.858 0
73.669 0
82.340 0
90.883 0
99.476 0
108.214 0
116.875 0
125.547 0
134.113 0
143.105 0
151.658 0
160.321 0
169.181 0
177.909 0
186.380 0
195.194 0
203.934 0
212.614 0
221.186 0
229.792 0
238.507 0
247.263 0
255.980 0
264.773 0
273.421 0
282.291 0
290.845 0
299.580 0
308.193 0
316.929 0
325.633 0
342.980 0
351.753 0
360.558 0
369.233 0
378.059 0
386.633 0
395.619 0
404.205 0
412.911 0
421.577 0
430.359 0
439.214 0
448.013 0
456.371 0
465.345 0
474.089 0
482.899 0
491.304 0
500.333 0
508.968 0
517.707 0
526.594 0
535.251 0
544.015 0
552.580 0
561.521 0
570.321 0
578.966 0
587.711 0
596.503 0
605.364 0
613.975 0
622.664 0
631.595 0
640.249 0
649.233 0
658.009 0
666.581 0
684.392 0
693.095 0
701.908 0
710.717 0
719.600 0
728.269 0
737.094 0
745.787 0
754.635 0
763.472 0
771.880 0
781.140 0
789.747 0
798.578 0
807.492 0
816.060 0
825.088 0
834.026 0
842.957 0
851.515 0
860.585 0
869.326 0
878.398 0
887.198 0
895.993 0
904.795 0
913.976 0
922.461 0
931.626 0
940.294 0
949.234 0
958.117 0
967.039 0
975.842 0
984.618 0
993.468 0
1002.661 0
