# 0.470
17.241 0
25.957 0
34.495 0
43.383 0
52.091 0
60.795 0
69.473 0
78.282 0
86.966 0
95.641 0
104.280 0
113.042 0
121.766 0
130.323 0
139.060 0
147.815 0
156.387 0
165.101 0
173.801 0
182.626 0
191.209 0
200.112 0
208.701 0
217.517 0
226.021 0
234.711 0
243.557 0
252.321 0
260.935 0
269.556 0
278.542 0
287.072 0
295.991 0
304.609 0
313.176 0
321.877 0
330.678 0
347.971 0
356.761 0
365.492 0
374.191 0
382.927 0
391.679 0
400.507 0
409.258 0
418.020 0
426.854 0
435.399 0
444.058 0
452.876 0
461.586 0
470.463 0
479.172 0
487.950 0
496.591 0
505.407 0
514.036 0
522.924 0
531.708 0
540.517 0
549.362 0
558.023 0
566.788 0
575.442 0
584.198 0
593.065 0
601.762 0
610.515 0
619.218 0
628.050 0
636.801 0
645.519 0
654.379 0
663.316 0
671.979 0
689.676 0
698.316 0
707.134 0
716.131 0
724.862 0
733.643 0
742.488 0
751.242 0
760.193 0
768.917 0
777.836 0
786.701 0
795.268 0
804.173 0
813.017 0
821.844 0
830.725 0
839.601 0
848.555 0
857.276 0
866.200 0
875.051 0
883.955 0
892.927 0
901.746 0
910.600 0
919.540 0
928.239 0
937.242 0
945.919 0
954.845 0
963.731 0
972.720 0
981.749 0
990.544 0
999.436 0
1008.447 0
