# 0.470
24.965 0
33.861 0
42.913 0
52.000 1
60.545 0
69.456 0
78.432 0
87.254 0
96.167 0
105.027 0
113.842 0
122.744 0
131.652 0
140.467 0
149.333 0
158.201 0
167.036 0
175.879 0
184.850 0
193.635 0
202.570 0
211.344 0
220.176 0
228.965 0
237.692 0
246.666 0
255.484 0
264.311 0
273.008 0
281.938 0
290.727 0
299.581 0
308.293 0
317.269 0
326.096 0
334.766 0
343.615 0
361.051 0
369.862 0
378.501 0
387.505 0
396.158 0
405.031 0
413.828 0
422.635 0
431.273 0
440.023 0
448.889 0
457.599 0
466.338 0
475.059 0
483.694 0
492.533 0
501.319 0
510.121 0
518.732 0
527.512 0
536.214 0
544.957 0
553.757 0
562.419 0
571.280 0
579.896 0
588.670 0
597.509 0
606.265 0
614.892 0
623.681 0
632.325 0
641.125 0
649.741 0
658.601 0
667.179 0
675.952 0
684.637 0
702.108 0
710.766 0
719.611 0
728.062 0
736.775 0
745.505 0
754.218 0
763.052 0
771.592 0
780.331 0
789.068 0
797.765 0
806.473 0
815.048 0
823.803 0
832.388 0
841.178 0
849.864 0
858.588 0
867.421 0
876.089 0
884.720 0
893.418 0
902.099 0
910.829 0
919.531 0
928.184 0
936.955 0
945.539 0
954.253 0
962.987 0
971.730 0
980.304 0
989.049 0
997.739 0
1006.342 0
1015.080 0
