# 0.470
22.624 0
31.372 0
40.225 0
49.099 0
58.075 0
66.793 0
75.780 0
84.664 0
93.521 0
102.429 0
111.261 0
120.214 0
129.035 0
137.872 0
146.803 0
155.613 0
164.469 0
173.378 0
182.192 0
190.991 0
199.914 0
208.788 0
217.522 0
226.316 0
235.352 0
244.129 0
252.984 0
261.662 0
270.458 0
279.434 0
288.263 0
296.999 0
305.791 0
314.545 0
323.516 0
332.318 0
341.055 0
358.500 0
367.303 0
376.043 0
384.897 0
393.675 0
402.544 0
411.293 0
419.994 0
428.747 0
437.530 0
446.225 0
454.993 0
463.704 0
472.508 0
481.212 0
490.075 0
498.643 0
507.573 0
516.339 0
524.970 0
533.782 0
542.530 0
551.218 0
560.070 0
568.719 0
577.530 0
586.284 0
594.948 0
603.636 0
612.384 0
621.236 0
630.022 0
638.589 0
647.398 0
656.098 0
664.815 0
673.435 0
682.183 0
699.582 0
708.376 0
717.006 0
725.585 0
734.291 0
743.101 0
751.683 0
760.481 0
769.205 0
777.775 0
786.608 0
795.361 0
804.087 0
812.656 0
821.402 0
830.023 0
838.760 0
847.467 0
856.231 0
864.941 0
873.667 0
882.257 0
890.951 0
899.721 0
908.361 0
917.164 0
925.770 0
934.641 0
943.158 0
951.881 0
960.514 0
969.152 0
978.023 0
986.666 0
995.392 0
1003.994 0
1012.680 0
