# 0.470
17.698 0
26.430 0
35.021 0
43.655 0
52.415 0
61.104 0
69.769 0
78.644 0
87.323 0
95.911 0
104.513 0
113.307 0
121.960 0
130.764 0
139.449 0
148.140 0
156.734 0
165.420 0
174.166 0
182.925 0
191.586 0
200.278 0
209.051 0
217.682 0
226.308 0
234.979 0
243.640 0
252.353 0
261.107 0
269.841 0
278.523 0
287.202 0
295.965 0
304.614 0
313.240 0
321.989 0
330.763 0
348.140 0
356.802 0
365.501 0
374.311 0
382.956 0
391.665 0
400.491 0
409.341 0
417.943 0
426.620 0
435.442 0
444.171 0
452.792 0
461.617 0
470.376 0
479.227 0
487.887 0
496.479 0
505.391 0
514.138 0
522.832 0
531.714 0
540.239 0
549.167 0
557.879 0
566.404 0
575.279 0
583.897 0
592.773 0
601.559 0
610.346 0
619.021 0
627.872 0
636.593 0
645.362 0
654.182 0
662.988 0
671.827 0
689.281 0
697.981 0
706.857 0
715.656 0
724.559 0
733.206 0
742.025 0
750.749 0
759.738 0
768.625 0
777.441 0
786.157 0
794.966 0
803.848 0
812.646 0
821.541 0
830.274 0
839.150 0
847.844 0
856.772 0
865.718 0
874.462 0
883.286 0
892.262 0
901.044 0
909.747 0
918.787 0
927.624 0
936.636 0
945.318 0
954.218 0
963.199 0
972.016 0
980.987 0
989.826 0
998.820 0
1007.641 0
