# 0.470
20.562 0
29.382 0
38.425 0
47.309 0
56.253 0
65.108 0
73.964 0
82.791 0
91.680 0
100.574 0
109.428 0
118.391 0
127.241 0
136.091 0
145.067 0
153.848 0
162.580 0
171.540 0
180.310 0
189.201 0
198.106 0
206.852 0
215.709 0
224.419 0
233.406 0
242.397 0
251.179 0
259.998 0
268.859 0
277.777 0
286.443 0
295.235 0
304.153 0
312.982 0
321.714 0
330.623 0
339.367 0
357.038 0
365.719 0
374.455 0
383.412 0
392.126 0
400.856 0
409.629 0
418.518 0
427.207 0
436.021 0
444.768 0
453.434 0
462.297 0
470.844 0
479.740 0
488.376 0
497.152 0
505.990 0
514.661 0
523.520 0
532.163 0
540.889 0
549.633 0
558.329 0
567.204 0
575.955 0
584.615 0
593.410 0
602.193 0
610.900 0
619.682 0
628.267 0
637.053 0
645.765 0
654.608 0
663.353 0
672.091 0
680.675 0
698.119 0
706.823 0
715.581 0
724.115 0
732.877 0
741.570 0
750.306 0
759.069 0
767.732 0
776.524 0
785.134 0
793.958 0
802.646 0
811.152 0
819.913 0
828.623 0
837.279 0
846.078 0
854.835 0
863.481 0
872.195 0
880.960 0
889.694 0
898.343 0
907.046 0
915.800 0
924.409 0
933.206 0
941.832 0
950.540 0
959.278 0
967.998 0
976.666 0
985.369 0
994.108 0
1002.671 0
1011.374 0
