# 0.470
15.369 0
24.107 0
32.609 0
41.337 0
50.191 0
58.821 0
67.474 0
76.312 0
84.920 0
93.549 0
102.265 0
110.901 0
119.702 0
128.315 0
137.059 0
145.806 0
154.409 0
163.184 0
171.816 0
180.659 0
189.331 0
198.057 0
206.717 0
215.458 0
224.043 0
232.679 0
241.369 0
250.291 0
258.928 0
267.632 0
276.337 0
285.068 0
293.728 0
302.357 0
311.022 0
319.695 0
328.472 0
345.877 0
354.549 0
363.378 0
372.087 0
380.842 0
389.632 0
398.312 0
406.989 0
415.741 0
424.514 0
433.336 0
442.017 0
450.817 0
459.390 0
468.259 0
476.945 0
485.736 0
494.518 0
503.229 0
512.024 0
520.625 0
529.469 0
538.193 0
546.935 0
555.673 0
564.425 0
573.195 0
581.908 0
590.767 0
599.452 0
608.182 0
616.882 0
625.625 0
634.545 0
643.279 0
652.147 0
660.853 0
669.675 0
687.331 0
696.051 0
704.796 0
713.775 0
722.424 0
731.381 0
740.074 0
748.833 0
757.771 0
766.605 0
775.371 0
784.213 0
792.903 0
801.874 0
810.613 0
819.456 0
828.330 0
837.267 0
846.019 0
854.798 0
863.761 0
872.585 0
881.366 0
890.304 0
899.196 0
907.879 0
916.861 0
925.758 0
934.703 0
943.538 0
952.279 0
961.259 0
970.143 0
979.135 0
987.931 0
996.866 0
1005.666 0
