# 0.470
14.036 0
22.668 0
31.322 0
40.089 0
48.770 0
57.505 0
66.237 0
74.936 0
83.638 0
92.277 0
101.013 0
109.756 0
118.439 0
127.170 0
135.920 0
144.595 0
153.238 0
161.881 0
170.611 0
179.276 0
187.995 0
196.719 0
205.454 0
214.133 0
222.772 0
231.496 0
240.269 0
248.997 0
257.598 0
266.284 0
275.031 0
283.713 0
292.378 0
301.167 0
309.753 0
318.446 0
327.330 0
344.761 0
353.443 0
362.162 0
370.862 0
379.586 0
388.292 0
397.063 0
405.775 0
414.617 0
423.302 0
432.135 0
440.866 0
449.565 0
458.263 0
467.041 0
475.812 0
484.517 0
493.219 0
501.942 0
510.741 0
519.447 0
528.213 0
536.894 0
545.685 0
554.386 0
563.075 0
571.834 0
580.649 0
589.503 0
598.165 0
606.990 0
615.784 0
624.406 0
633.211 0
642.048 0
650.872 0
659.737 0
668.517 0
686.108 0
694.791 0
703.647 0
712.561 0
721.368 0
730.245 0
738.919 0
747.714 0
756.684 0
765.401 0
774.226 0
783.032 0
791.838 0
800.771 0
809.540 0
818.389 0
827.239 0
836.204 0
844.955 0
853.775 0
862.677 0
871.312 0
880.293 0
889.122 0
898.028 0
906.795 0
915.758 0
924.568 0
933.544 0
942.364 0
951.271 0
960.186 0
969.151 0
977.906 0
986.944 0
995.945 0
1004.774 0
