# 0.470
15.796 0
24.361 0
32.958 0
41.732 0
50.491 0
59.211 0
67.929 0
76.471 0
85.203 0
93.870 0
102.546 0
111.243 0
119.996 0
128.603 0
137.335 0
145.943 0
154.571 0
163.378 0
172.070 0
180.805 0
189.351 0
198.205 0
206.727 0
215.496 0
224.165 0
232.775 0
241.515 0
250.232 0
258.880 0
267.629 0
276.315 0
285.026 0
293.780 0
302.414 0
310.998 0
319.752 0
328.454 0
345.918 0
354.632 0
363.314 0
372.041 0
380.777 0
389.547 0
398.316 0
406.889 0
415.743 0
424.402 0
433.104 0
441.855 0
450.541 0
459.252 0
468.004 0
476.719 0
485.413 0
494.143 0
502.856 0
511.578 0
520.382 0
529.077 0
537.773 0
546.588 0
555.353 0
564.068 0
572.824 0
581.490 0
590.277 0
598.928 0
607.844 0
616.480 0
625.246 0
634.045 0
642.796 0
651.600 0
660.500 1
669.173 0
686.774 0
695.427 0
704.331 0
713.173 0
721.922 0
730.772 0
739.557 0
748.270 0
757.217 0
766.023 0
774.639 0
783.507 0
792.319 0
801.105 0
810.013 0
818.809 0
827.520 0
836.372 0
845.242 0
854.045 0
862.973 0
871.797 0
880.571 0
889.534 0
898.297 0
907.098 0
916.048 0
924.812 0
933.790 0
942.547 0
951.403 0
960.462 0
969.249 0
978.257 0
986.974 0
996.115 0
1004.855 0
