# 0.470
23.811 0
32.710 0
41.678 0
50.530 0
59.391 0
68.255 0
77.253 0
86.062 0
94.892 0
103.855 0
112.645 0
121.544 0
130.363 0
139.159 0
148.052 0
156.848 0
165.699 0
174.645 0
183.509 0
192.212 0
201.095 0
209.858 0
218.679 0
227.496 0
236.459 0
245.303 0
254.078 0
262.761 0
271.535 0
280.373 0
289.245 0
298.009 0
306.903 0
315.628 0
324.448 0
333.320 0
342.105 0
359.564 0
368.257 0
377.073 0
386.018 0
394.786 0
403.411 0
412.295 0
420.995 0
429.680 0
438.526 0
447.234 0
456.004 0
464.568 0
473.367 0
482.072 0
490.836 0
499.563 0
508.288 0
517.023 0
525.837 0
534.655 0
543.302 0
552.006 0
560.812 0
569.446 0
578.244 0
586.915 0
595.751 0
604.357 0
613.165 0
621.867 0
630.528 0
639.217 0
647.977 0
656.701 0
665.554 0
674.158 0
682.944 0
700.423 0
709.025 0
717.708 0
726.303 0
735.048 0
743.669 0
752.491 0
761.188 0
769.832 0
778.489 0
787.162 0
795.952 0
804.557 0
813.122 0
821.906 0
830.506 0
839.312 0
848.101 0
856.731 0
865.364 0
874.199 0
882.747 0
891.384 0
900.149 0
908.713 0
917.579 0
926.292 0
934.922 0
943.568 0
952.251 0
960.910 0
969.694 0
978.436 0
987.063 0
995.672 0
1004.373 0
1013.135 0
