# 0.470
30.319 0
38.902 0
47.824 0
56.531 0
65.622 0
74.238 0
83.113 0
92.150 0
100.564 0
109.447 0
118.332 0
127.357 0
136.008 0
144.915 0
153.703 0
162.550 0
171.198 0
180.092 0
189.012 0
197.861 0
206.629 0
215.513 0
224.344 0
233.016 0
241.836 0
250.656 0
259.265 0
267.875 0
276.651 0
285.510 0
294.423 0
303.206 0
311.999 0
320.605 0
329.534 0
338.193 0
346.856 0
364.679 0
373.195 0
381.857 0
390.875 0
399.391 0
408.090 0
416.913 0
425.614 0
434.355 0
443.216 0
451.735 0
460.486 0
469.007 0
477.945 0
486.669 0
495.380 0
504.032 0
512.613 0
521.377 0
530.037 0
538.942 0
547.400 0
556.137 0
564.817 0
573.552 0
582.229 0
591.018 0
599.822 0
608.641 0
617.049 0
625.885 0
634.557 0
643.273 0
651.954 0
660.738 0
669.396 0
677.960 0
686.697 0
704.019 0
712.786 0
721.468 0
729.973 0
738.808 0
747.276 0
756.012 0
764.736 0
773.261 0
782.025 0
790.831 0
799.344 0
808.179 0
816.644 0
825.203 0
833.959 0
842.521 0
851.135 0
859.940 0
868.612 0
877.354 0
885.753 0
894.474 0
903.159 0
911.800 0
920.461 0
929.338 0
937.841 0
946.327 0
955.169 0
963.703 0
972.249 0
981.043 0
989.652 0
998.407 0
1006.743 0
1015.422 0
