# 0.470
15.684 0
24.406 0
32.968 0
41.642 0
50.385 0
59.091 0
67.863 0
76.473 0
85.168 0
93.824 0
102.530 0
111.309 0
119.953 0
128.656 0
137.340 0
146.039 0
154.594 0
163.366 0
171.988 0
180.708 0
189.439 0
198.143 0
206.834 0
215.610 0
224.126 0
232.816 0
241.446 0
250.110 0
258.900 0
267.577 0
276.357 0
285.071 0
293.731 0
302.454 0
311.062 0
319.770 0
328.394 0
345.855 0
354.579 0
363.328 0
372.024 0
380.798 0
389.629 0
398.212 0
406.960 0
415.684 0
424.384 0
433.124 0
441.889 0
450.648 0
459.316 0
468.035 0
476.765 0
485.534 0
494.252 0
502.972 0
511.732 0
520.465 0
529.204 0
537.893 0
546.583 0
555.401 0
564.101 0
572.865 0
581.508 0
590.334 0
599.093 0
607.875 0
616.520 0
625.414 0
634.112 0
642.921 0
651.785 0
660.591 0
669.265 0
686.781 0
695.572 0
704.397 0
713.305 0
722.060 0
730.797 0
739.555 0
748.363 0
757.340 0
766.083 0
774.910 0
783.590 0
792.431 0
801.264 0
810.010 0
818.915 0
827.621 0
836.472 0
845.440 0
854.128 0
862.988 0
871.905 0
880.640 0
889.602 0
898.413 0
907.175 0
916.167 0
924.969 0
933.891 0
942.716 0
951.497 0
960.519 0
969.336 0
978.362 0
987.112 0
996.126 0
1004.914 0
