# 0.470
23.735 0
32.570 0
41.194 0
49.845 0
58.576 0
67.125 0
76.019 0
84.642 0
93.323 0
101.932 0
110.645 0
119.351 0
128.016 0
136.786 0
145.417 0
154.197 0
162.752 0
171.385 0
180.082 0
188.759 0
197.549 0
206.243 0
214.943 0
223.548 0
232.193 0
240.769 0
249.451 0
258.221 0
266.919 0
275.658 0
284.395 0
293.122 0
301.781 0
310.432 0
319.093 0
327.798 0
336.562 0
345.196 0
362.725 0
371.438 0
380.187 0
388.799 0
397.536 0
406.303 0
415.040 0
423.742 0
432.478 0
441.221 0
449.869 0
458.650 0
467.334 0
476.027 0
484.866 0
493.543 0
502.283 0
511.059 0
519.779 0
528.401 0
537.175 0
545.933 0
554.633 0
563.392 0
572.178 0
580.850 0
589.548 0
598.352 0
607.174 0
615.847 0
624.599 0
633.335 0
642.100 0
650.950 0
659.748 0
668.540 0
677.256 0
694.807 0
703.674 0
712.405 0
721.363 0
730.053 0
738.732 0
747.596 0
756.415 0
765.221 0
773.936 0
782.756 0
791.558 0
800.318 0
809.245 0
818.060 0
826.817 0
835.644 0
844.438 0
853.235 0
862.014 0
870.865 0
879.799 0
888.610 0
897.573 0
906.296 0
915.066 0
924.110 0
932.870 0
941.864 0
950.628 0
959.460 0
968.418 0
977.331 0
986.259 0
995.023 0
1003.913 0
1012.759 0
