# 0.470
17.961 0
26.696 0
35.208 0
44.042 0
52.621 0
61.368 0
70.055 0
78.810 0
87.450 0
96.103 0
104.908 0
113.422 0
122.221 0
130.870 0
139.704 0
148.312 0
156.973 0
165.511 0
174.334 0
183.039 0
191.776 0
200.494 0
209.183 0
217.843 0
226.413 0
235.092 0
243.798 0
252.542 0
261.116 0
269.927 0
278.638 0
287.270 0
296.047 0
304.719 0
313.340 0
322.072 0
330.638 0
348.293 0
356.944 0
365.559 0
374.465 0
383.117 0
391.805 0
400.525 0
409.156 0
418.020 0
426.633 0
435.403 0
444.219 0
452.872 0
461.646 0
470.355 0
479.094 0
487.807 0
496.534 0
505.390 0
514.031 0
522.778 0
531.472 0
540.316 0
548.946 0
557.643 0
566.372 0
575.072 0
583.696 0
592.585 0
601.298 0
610.025 0
618.785 0
627.623 0
636.315 0
645.057 0
653.893 0
662.737 0
671.528 0
688.986 0
697.791 0
706.648 0
715.484 0
724.235 0
733.032 0
741.798 0
750.607 0
759.457 0
768.281 0
776.990 0
785.738 0
794.589 0
803.476 0
812.260 0
821.043 0
829.737 0
838.793 0
847.471 0
856.239 0
865.180 0
873.807 0
882.657 0
891.606 0
900.359 0
909.206 0
918.077 0
926.953 0
935.916 0
944.739 0
953.483 0
962.499 0
971.379 0
980.194 0
989.099 0
998.075 0
1006.870 0
