# 0.470
28.553 0
37.349 0
45.933 0
54.669 0
63.398 0
72.060 0
80.686 0
89.556 0
97.995 0
106.738 0
115.407 0
124.272 0
132.835 0
141.866 0
150.311 0
159.051 0
167.548 0
176.209 0
185.233 0
194.056 0
202.560 0
211.189 0
220.026 0
228.672 0
237.379 0
245.860 0
254.707 0
263.559 0
272.035 0
280.915 0
289.605 0
298.471 0
307.074 0
315.622 0
324.156 0
333.146 0
341.715 0
359.252 0
368.010 0
376.672 0
385.262 0
394.179 0
402.813 0
411.493 0
420.430 0
429.059 0
437.845 0
446.578 0
455.290 0
464.137 0
472.802 0
481.326 0
490.238 0
498.983 0
507.502 0
516.538 0
525.314 0
533.970 0
542.700 0
551.565 0
560.186 0
569.079 0
577.526 0
586.507 0
595.329 0
604.125 0
612.751 0
621.670 0
630.252 0
639.070 0
647.805 0
656.506 0
665.562 0
674.269 0
683.040 0
700.307 0
709.217 0
718.210 0
727.140 0
735.717 0
744.625 0
753.451 0
761.990 0
771.052 0
779.576 0
788.478 0
797.508 0
806.394 0
815.273 0
824.044 0
832.786 0
841.652 0
850.544 0
859.366 0
867.895 0
876.883 0
885.973 0
894.715 0
903.447 0
912.398 0
921.187 0
930.161 0
938.942 0
947.870 0
956.822 0
965.495 0
974.550 0
983.308 0
992.339 0
1001.246 0
1010.070 0
1018.942 0
