# 0.470
23.297 0
31.955 0
40.582 0
49.321 0
58.051 0
66.675 0
75.537 0
84.203 0
92.900 0
101.475 0
110.071 0
118.925 0
127.641 0
136.346 0
145.023 0
153.722 0
162.292 0
171.025 0
179.717 0
188.427 0
197.170 0
205.833 0
214.496 0
223.301 0
231.780 0
240.547 0
249.299 0
257.965 0
266.714 0
275.350 0
284.127 0
292.815 0
301.624 0
310.235 0
318.866 0
327.603 0
336.299 0
353.759 0
362.425 0
371.210 0
379.912 0
388.622 0
397.379 0
406.089 0
414.859 0
423.588 0
432.297 0
441.022 0
449.738 0
458.500 0
467.109 0
475.841 0
484.590 0
493.360 0
502.106 0
510.729 0
519.528 0
528.291 0
536.999 0
545.746 0
554.542 0
563.296 0
572.001 0
580.705 0
589.531 0
598.270 0
607.051 0
615.805 0
624.502 0
633.315 0
641.964 0
650.752 0
659.621 0
668.499 0
677.275 0
694.855 0
703.533 0
712.282 0
721.184 0
729.750 1
738.745 0
747.562 0
756.270 0
765.098 0
773.958 0
782.736 0
791.491 0
800.257 0
809.223 0
818.044 0
826.692 0
835.503 0
844.358 0
853.279 0
862.122 0
871.049 0
879.817 0
888.640 0
897.626 0
906.392 0
915.240 0
924.077 0
932.909 0
941.891 0
950.646 0
959.512 0
968.565 0
977.303 0
986.303 0
995.173 0
1004.137 0
1012.899 0
