# 0.470
28.557 0
37.428 0
46.119 0
55.314 0
64.037 0
73.007 0
81.778 0
90.698 0
99.691 0
108.760 0
117.159 0
126.307 0
135.068 0
144.155 0
152.836 0
161.570 0
170.585 0
179.508 0
188.248 0
197.219 0
205.989 0
214.701 0
223.453 0
232.528 0
241.292 0
250.153 0
258.824 0
267.741 0
276.507 0
285.394 0
294.240 0
302.951 0
311.709 0
320.636 0
338.119 0
355.644 0
364.570 0
373.237 0
382.155 0
390.900 0
399.745 0
408.459 0
417.268 0
425.959 0
434.840 0
443.590 0
452.326 0
461.018 0
469.896 0
478.685 0
487.380 0
496.100 0
504.909 0
513.609 0
522.327 0
530.994 0
539.638 0
548.604 0
557.212 0
566.054 0
574.711 0
583.492 0
592.220 0
600.924 0
609.655 0
618.404 0
627.129 0
635.867 0
644.516 0
653.341 0
662.015 0
670.772 0
679.371 0
688.410 0
696.946 0
705.660 0
714.405 0
722.986 0
731.826 0
740.415 0
749.191 0
758.009 0
766.685 0
775.333 0
783.933 0
792.761 0
801.642 0
810.096 0
818.902 0
827.514 0
836.280 0
844.934 0
853.937 0
862.339 0
871.157 0
879.672 0
888.571 0
897.295 0
905.852 0
914.629 0
923.311 0
931.974 0
940.532 0
949.459 0
958.168 0
966.872 0
975.389 0
984.209 0
992.752 0
1001.365 0
1010.072 0
1018.679 0
