# 0.470
25.057 0
33.844 0
42.810 0
51.673 0
60.632 0
69.408 0
78.455 0
87.287 0
96.159 0
105.121 0
114.000 0
122.873 0
131.734 0
140.532 0
149.534 0
158.318 0
167.135 0
175.980 0
184.898 0
193.700 0
202.489 0
211.396 0
220.251 0
229.064 0
237.950 0
246.749 0
255.682 0
264.424 0
273.269 0
282.118 0
291.067 0
299.859 0
308.605 0
317.463 0
326.337 0
335.052 0
343.920 0
361.462 0
370.183 0
379.071 0
387.975 0
396.565 0
405.476 0
414.272 0
423.011 0
431.781 0
440.537 0
449.335 0
458.059 0
466.748 0
475.423 0
484.108 0
492.997 0
501.752 0
510.573 0
519.297 0
528.132 0
536.758 0
545.488 0
554.320 0
562.940 0
571.724 0
580.531 0
589.353 0
598.053 0
606.690 0
615.475 0
624.184 0
632.981 0
641.709 0
650.414 0
659.212 0
667.948 0
676.590 0
685.290 0
702.811 0
711.518 0
720.297 0
728.848 0
737.628 0
746.311 0
754.995 0
763.754 0
772.467 0
781.260 0
789.913 0
798.650 0
807.331 0
815.853 0
824.644 0
833.311 0
842.123 0
850.873 0
859.640 0
868.364 0
877.080 0
885.610 0
894.429 0
903.039 0
911.790 0
920.528 0
929.223 0
938.061 0
946.607 0
955.315 0
963.991 0
972.762 0
981.346 0
990.087 0
998.874 0
1007.495 0
1016.175 0
