# 0.470
19.918 0
28.537 0
37.344 0
46.172 0
54.389 0
63.240 0
72.386 0
80.497 0
89.774 0
97.946 0
106.818 0
115.408 0
124.316 0
132.874 0
141.846 0
150.572 0
158.712 0
167.457 0
176.098 0
184.856 0
193.641 0
202.378 0
210.973 0
219.762 0
228.341 0
237.249 0
245.620 0
254.511 0
263.226 0
271.731 0
280.664 0
289.732 0
298.130 0
306.792 0
315.498 0
324.068 0
333.068 0
350.301 0
358.942 0
367.667 0
376.467 0
385.083 0
393.957 0
402.561 0
411.411 0
420.320 0
428.906 0
437.678 0
446.574 0
455.058 0
463.825 0
472.853 0
481.205 0
490.162 0
498.864 0
507.912 0
516.326 0
525.463 0
534.022 0
542.599 0
551.378 0
560.229 0
568.770 0
577.720 0
586.494 0
595.164 0
603.913 0
612.567 0
621.295 0
630.183 0
638.868 0
647.713 0
656.552 0
665.391 0
674.079 0
691.696 0
700.398 0
709.167 0
718.511 0
727.022 0
735.909 0
744.737 0
753.326 0
762.374 0
770.989 0
779.943 0
788.588 0
797.298 0
806.601 0
815.119 0
823.787 0
832.730 0
841.634 0
850.484 0
859.177 0
868.345 0
877.181 0
885.950 0
894.919 0
903.862 0
912.411 0
921.594 0
930.378 0
939.348 0
948.101 0
956.898 0
966.000 0
974.733 0
983.655 0
992.566 0
1001.537 0
1010.317 0
