# 0.470
39.861 0
48.682 0
57.389 0
66.540 0
75.226 0
84.277 0
93.125 0
101.761 0
110.810 0
119.589 0
128.726 0
137.329 0
145.934 0
154.901 0
163.767 0
172.502 0
181.458 0
190.338 0
199.034 0
207.937 0
216.788 0
225.445 0
234.185 0
243.153 0
252.108 0
260.799 0
269.589 0
278.089 0
287.277 0
296.123 0
304.711 0
313.694 0
322.767 0
331.404 0
348.634 0
366.206 0
374.808 0
383.896 0
392.635 0
401.413 0
410.253 0
418.884 0
427.603 0
436.309 0
445.169 0
454.051 0
462.611 0
471.325 0
480.154 0
488.795 0
497.590 0
506.221 0
514.866 0
523.696 0
532.156 0
541.083 0
549.706 0
558.623 0
567.094 0
575.933 0
584.651 0
593.426 0
602.109 0
610.754 0
619.565 0
628.022 0
636.820 0
645.715 0
654.474 0
663.121 0
671.918 0
680.498 0
689.262 0
698.057 0
706.583 0
715.497 0
724.251 0
732.909 0
741.388 0
749.907 0
758.830 0
767.377 0
776.183 0
784.804 0
793.833 0
802.326 0
811.027 0
819.528 0
828.231 0
837.238 0
845.596 0
854.383 0
863.010 0
871.835 0
880.714 0
889.114 0
897.825 0
906.356 0
915.197 0
923.907 0
932.389 0
941.198 0
949.917 0
958.519 0
967.205 0
975.815 0
984.468 0
993.260 0
1002.010 0
1010.458 0
1019.144 0
1027.862 0
