# 0.470
20.291 0
29.202 0
38.245 0
47.081 0
56.053 0
64.900 0
73.876 0
82.699 0
91.529 0
100.478 0
109.284 0
118.399 0
127.222 0
136.064 0
144.922 0
153.770 0
162.672 0
171.451 0
180.305 0
189.132 0
198.110 0
206.923 0
215.642 0
224.325 0
233.434 0
242.101 0
251.081 0
259.685 0
268.499 0
277.392 0
286.165 0
295.133 0
303.992 0
312.706 0
321.702 0
330.603 0
339.266 0
356.865 0
365.643 0
374.355 0
383.327 0
392.154 0
401.023 0
409.740 0
418.634 0
427.649 0
436.004 0
444.791 0
453.763 0
462.480 0
471.116 0
480.078 0
488.816 0
497.394 0
506.155 0
515.084 0
523.725 0
532.542 0
541.104 0
549.880 0
558.745 0
567.401 0
576.369 0
585.086 0
593.536 0
602.386 0
611.197 0
620.095 0
628.783 0
637.527 0
646.230 0
654.884 0
663.687 0
672.541 0
681.188 0
698.653 0
707.352 0
716.248 0
724.725 0
733.278 0
742.180 0
750.881 0
759.680 0
768.269 0
777.064 0
785.748 0
794.576 0
803.149 0
811.615 0
820.463 0
829.238 0
837.785 0
846.529 0
855.342 0
863.897 0
872.725 0
881.199 0
889.981 0
898.681 0
907.348 0
916.072 0
924.803 0
933.507 0
942.168 0
950.796 0
959.499 0
968.337 0
976.905 0
985.666 0
994.422 0
1003.045 0
1011.713 0
