# 0.470
19.364 0
28.151 0
37.174 0
46.001 0
54.961 0
63.978 0
72.905 0
81.833 0
90.742 0
99.840 0
108.633 0
117.531 0
126.462 0
135.028 0
144.190 0
152.926 0
161.619 0
170.539 0
179.633 0
188.315 0
197.240 0
206.176 0
214.871 0
223.637 0
232.724 0
241.444 0
250.356 0
259.222 0
267.900 0
276.803 0
285.675 0
294.473 0
303.288 0
312.039 0
320.834 0
329.760 0
338.558 0
356.135 0
365.005 0
373.630 0
382.622 0
391.265 0
400.041 0
408.833 0
417.579 0
426.640 0
435.275 0
444.159 0
452.940 0
461.719 0
470.353 0
479.168 0
487.937 0
496.623 0
505.454 0
514.242 0
523.044 0
531.778 0
540.547 0
549.378 0
557.988 0
566.943 0
575.614 0
584.388 0
593.091 0
601.798 0
610.687 0
619.479 0
627.955 0
636.687 0
645.611 0
654.341 0
663.054 0
671.771 0
680.450 0
698.034 0
706.523 0
715.320 0
723.967 0
732.738 0
741.426 0
750.158 0
758.830 0
767.562 0
776.420 0
785.076 0
793.820 0
802.526 0
811.099 0
819.777 0
828.585 0
837.254 0
845.935 0
854.733 0
863.387 0
872.002 0
880.791 0
889.422 0
898.233 0
906.849 0
915.481 0
924.306 0
932.994 0
941.439 0
950.221 0
958.957 0
967.712 0
976.356 0
985.096 0
993.759 0
1002.340 0
1011.101 0
