# 0.470
24.515 0
33.319 0
42.337 0
51.106 0
60.120 0
69.008 0
77.959 0
86.811 0
95.685 0
104.544 0
113.499 0
122.470 0
131.220 0
140.117 0
149.005 0
157.869 0
166.608 0
175.615 0
184.519 0
193.153 0
202.119 0
211.178 0
219.922 0
228.676 0
237.494 0
246.348 0
255.095 0
264.102 0
272.762 0
281.798 0
290.545 0
299.345 0
308.236 0
316.790 0
325.725 0
334.596 0
343.288 0
360.879 0
369.678 0
378.414 0
387.254 0
396.129 0
404.847 0
413.507 0
422.375 0
431.180 0
439.986 0
448.723 0
457.421 0
466.240 0
475.038 0
483.723 0
492.506 0
501.236 0
510.000 0
518.861 0
527.456 0
536.223 0
544.992 0
553.685 0
562.482 0
571.238 0
579.958 0
588.801 0
597.466 0
606.220 0
614.986 0
623.584 0
632.449 0
641.141 0
649.814 0
658.642 0
675.984 0
684.675 0
693.000 1
702.251 0
710.819 0
719.572 0
728.204 0
736.848 0
745.597 0
754.338 0
763.037 0
771.737 0
780.536 0
789.178 0
798.030 0
806.616 0
815.215 0
824.050 0
832.678 0
841.304 0
850.038 0
858.796 0
867.547 0
876.292 0
884.984 0
893.579 0
902.233 0
911.007 0
919.773 0
928.448 0
937.128 0
945.681 0
954.356 0
963.173 0
971.813 0
980.649 0
989.363 0
997.995 0
1006.612 0
1015.292 0
