# 0.470
15.245 0
23.396 0
32.557 0
41.121 0
50.113 0
58.781 0
67.253 0
76.294 0
84.744 0
93.137 0
102.168 0
110.728 0
119.524 0
128.106 0
136.517 0
145.373 0
154.204 0
163.235 0
171.999 0
180.918 0
189.209 0
198.030 0
206.441 0
215.185 0
223.235 0
232.599 0
241.143 0
250.090 0
258.408 0
267.442 0
276.155 0
284.516 0
293.214 0
302.180 0
310.507 0
319.472 0
328.267 0
345.787 0
354.385 0
363.152 0
371.704 0
380.404 0
389.247 0
398.076 0
406.936 0
415.205 0
423.989 0
433.178 0
441.627 0
450.682 0
458.793 0
468.016 0
476.640 0
485.159 0
494.059 0
502.920 0
511.610 0
520.391 0
529.039 0
537.613 0
546.705 0
555.016 0
564.025 0
573.101 0
581.357 0
590.119 0
598.870 0
607.780 0
616.661 0
625.260 0
633.566 0
642.653 0
651.759 0
659.945 0
669.580 0
686.828 0
695.230 0
704.375 0
713.247 0
721.800 0
730.671 0
739.303 0
748.130 0
757.565 0
766.063 0
774.684 0
783.538 0
792.537 0
801.209 0
810.041 0
818.808 0
827.774 0
836.520 0
845.287 0
853.819 0
863.287 0
871.677 0
880.636 0
889.512 0
898.311 0
907.114 0
916.302 0
924.658 0
933.965 0
942.824 0
951.173 0
960.639 0
969.231 0
978.196 0
987.161 0
995.836 0
1005.035 0
