# 0.470
21.447 0
30.102 0
38.666 0
47.245 0
56.029 0
64.839 0
73.429 0
82.172 0
90.938 0
99.373 0
108.173 0
116.669 0
125.483 0
134.097 0
142.838 0
151.530 0
160.080 0
168.713 0
177.460 0
186.291 0
194.883 0
203.627 0
212.283 0
221.008 0
229.615 0
238.269 0
247.167 0
255.914 0
264.466 0
273.179 0
282.007 0
290.695 0
299.424 0
308.069 0
316.594 0
325.409 0
334.061 0
351.543 0
360.223 0
368.930 0
377.525 0
386.488 0
395.086 0
403.811 0
412.558 0
421.157 0
429.890 0
438.608 0
447.343 0
456.017 0
464.731 0
473.552 0
482.320 0
491.010 0
499.723 0
508.414 0
517.206 0
525.980 0
534.786 0
543.394 0
552.207 0
560.968 0
569.642 0
578.388 0
587.210 0
595.969 0
604.727 0
613.504 0
622.202 0
630.983 0
639.790 0
648.457 0
657.297 0
666.043 0
674.880 0
692.373 0
701.134 0
710.007 0
718.799 0
727.591 0
736.228 0
745.016 0
753.912 0
762.769 0
771.513 0
780.247 0
789.280 0
797.904 0
806.858 0
815.686 0
824.362 0
833.149 0
842.164 0
851.009 0
859.755 0
868.661 0
877.633 0
886.340 0
895.282 0
904.048 0
912.836 0
921.804 0
930.642 0
939.566 0
948.392 0
957.157 0
966.173 0
974.974 0
983.841 0
992.640 0
1001.620 0
1010.503 0
