# 0.470
22.146 0
30.912 0
39.519 0
48.225 0
56.765 0
65.642 0
74.259 0
82.921 0
91.636 0
100.166 0
108.950 0
117.558 0
126.300 0
135.072 0
143.692 0
152.388 0
160.930 0
169.628 0
178.388 0
187.038 0
195.694 0
204.309 0
213.142 0
221.894 0
230.339 0
239.072 0
247.870 0
256.557 0
265.249 0
273.951 0
282.680 0
291.368 0
300.086 0
308.711 0
317.325 0
326.025 0
334.777 0
352.116 0
360.858 0
369.654 0
378.406 0
387.131 0
395.771 0
404.512 0
413.256 0
421.953 0
430.698 0
439.380 0
448.147 0
456.923 0
465.616 0
474.371 0
482.911 0
491.766 0
500.458 0
509.217 0
517.936 0
526.605 0
535.392 0
544.140 0
552.874 0
561.667 0
570.362 0
579.015 0
587.847 0
596.591 0
605.264 0
613.989 0
622.709 0
631.644 0
640.331 0
648.921 0
657.953 0
666.635 0
675.472 0
692.896 0
701.742 0
710.596 0
719.369 0
728.047 0
736.844 0
745.671 0
754.420 0
763.117 0
772.109 0
780.694 0
789.657 0
798.203 0
807.048 0
816.093 0
824.638 0
833.693 0
842.589 0
851.345 0
860.250 0
869.206 0
877.866 0
886.623 0
895.644 0
904.240 0
913.085 0
922.111 0
930.714 0
939.730 0
948.669 0
957.373 0
966.380 0
975.209 0
984.124 0
992.944 0
1001.864 0
1010.657 0
