# 0.470
20.320 0
29.175 0
37.582 0
46.235 0
54.941 0
63.690 0
72.384 0
81.052 0
89.800 0
98.447 0
107.169 0
115.818 0
124.564 0
133.173 0
141.989 0
150.806 0
159.320 0
167.960 0
176.652 0
185.445 0
194.141 0
202.967 0
211.421 0
220.291 0
228.799 0
237.540 0
246.123 0
254.948 0
263.659 0
272.434 0
281.133 0
289.828 0
298.456 0
307.254 0
315.853 0
324.635 0
333.319 0
350.752 0
359.493 0
368.299 0
376.961 0
385.752 0
394.339 0
403.107 0
411.724 0
420.589 0
429.173 0
438.029 0
446.738 0
455.494 0
464.192 0
473.020 0
481.718 0
490.381 0
499.108 0
507.840 0
516.603 0
525.369 0
534.094 0
542.894 0
551.675 0
560.477 0
569.133 0
577.835 0
586.637 0
595.335 0
604.173 0
612.889 0
621.680 0
630.420 0
639.127 0
647.889 0
656.885 0
665.443 0
674.362 0
691.770 0
700.666 0
709.510 0
718.500 0
727.235 0
736.179 0
744.744 0
753.412 0
762.369 0
771.269 0
779.923 0
788.756 0
797.549 0
806.397 0
815.252 0
823.941 0
832.868 0
841.691 0
850.656 0
859.360 0
868.171 0
877.085 0
885.820 0
894.859 0
903.703 0
912.402 0
921.403 0
930.269 0
939.097 0
948.269 0
956.921 0
965.851 0
974.747 0
983.706 0
992.429 0
1001.451 0
1010.193 0
