# 0.470
19.285 0
28.027 0
36.691 0
45.358 0
54.068 0
62.727 0
71.464 0
80.120 0
88.781 0
97.419 0
106.200 0
114.884 0
123.593 0
132.307 0
141.025 0
149.660 0
158.242 0
166.985 0
175.755 0
184.441 0
193.081 0
201.757 0
210.553 0
219.204 0
227.855 0
236.592 0
245.212 0
253.868 0
262.622 0
271.417 0
280.092 0
288.685 0
297.375 0
306.193 0
314.779 0
323.500 0
332.272 0
349.801 0
358.522 0
367.287 0
375.923 0
384.624 0
393.450 0
402.151 0
410.759 0
419.536 0
428.220 0
436.952 0
445.756 0
454.424 0
463.313 0
471.940 0
480.609 0
489.313 0
498.110 0
506.793 0
515.670 0
524.246 0
533.129 0
541.962 0
550.605 0
559.259 0
568.432 0
576.811 0
585.527 0
594.326 0
603.016 0
611.878 0
620.899 0
629.424 0
638.064 0
647.060 0
655.724 0
664.442 0
673.406 0
690.890 0
699.715 0
708.539 0
717.494 0
726.325 0
735.052 0
743.792 0
752.547 0
761.597 0
770.090 0
779.103 0
787.962 0
796.694 0
805.645 0
814.226 0
823.137 0
831.880 0
840.858 0
849.799 0
858.348 0
867.352 0
876.260 0
885.037 0
893.869 0
902.779 0
911.616 0
920.603 0
929.505 0
938.328 0
947.163 0
956.051 0
965.032 0
973.909 0
982.672 0
991.656 0
1000.566 0
1009.549 0
