# 0.470
3.994 0
12.695 0
21.586 0
30.143 0
38.831 0
47.493 0
56.305 0
64.893 0
73.657 0
82.304 0
90.873 0
99.620 0
108.450 0
116.925 0
125.935 0
134.640 0
143.082 0
151.812 0
160.506 0
169.064 0
177.958 0
186.759 0
195.271 0
204.101 0
212.697 0
221.401 0
230.117 0
238.831 0
247.565 0
256.340 0
265.028 0
273.757 0
282.427 0
291.271 0
299.938 0
308.407 0
317.108 0
325.899 0
334.694 0
343.275 0
352.238 0
360.766 0
369.514 0
378.286 0
387.009 0
395.863 0
404.648 0
413.126 0
421.899 0
430.818 0
439.388 0
448.199 0
457.020 0
465.796 0
474.583 0
483.345 0
492.054 0
500.680 0
509.361 0
518.248 0
527.056 0
535.697 0
544.525 0
561.740 0
579.646 0
588.461 0
597.174 0
605.975 0
614.588 0
623.424 0
632.012 0
640.811 0
649.655 0
658.426 0
667.250 0
675.762 0
684.877 0
693.488 0
702.390 0
711.260 0
720.124 0
728.875 1
737.709 0
746.414 0
755.191 0
764.189 0
772.839 0
781.738 0
790.503 0
799.551 0
808.253 0
817.085 0
825.909 0
834.861 0
843.744 0
852.495 0
861.479 0
870.225 0
879.039 0
887.992 0
896.850 0
905.712 0
914.600 0
923.417 0
932.371 0
941.175 0
950.107 0
958.928 0
967.835 0
976.805 0
985.550 0
994.634 0
