# 0.470
18.631 0
27.277 0
35.884 0
44.488 0
53.299 0
62.049 0
70.653 0
79.365 0
88.106 0
96.651 0
105.288 0
114.017 0
122.734 0
131.399 0
140.104 0
148.854 0
157.335 0
166.018 0
174.786 0
183.457 0
192.156 0
200.801 0
209.511 0
218.239 0
226.715 0
235.413 0
244.122 0
252.845 0
261.574 0
270.200 0
278.870 0
287.630 0
296.325 0
304.885 0
313.575 0
322.289 0
330.977 0
348.408 0
357.075 0
365.768 0
374.494 0
383.263 0
391.951 0
400.619 0
409.338 0
418.043 0
426.742 0
435.539 0
444.229 0
453.000 0
461.674 0
470.334 0
479.117 0
487.777 0
496.542 0
505.217 0
513.911 0
522.637 0
531.429 0
540.103 0
548.772 0
557.582 0
566.294 0
575.048 0
583.717 0
592.433 0
601.210 0
610.001 0
618.721 0
627.360 0
636.238 0
644.890 0
653.684 0
662.487 0
671.234 0
688.758 0
697.433 0
706.249 0
715.110 0
723.886 0
732.778 0
741.393 0
750.256 0
759.136 0
767.941 0
776.703 0
785.427 0
794.181 0
803.236 0
811.910 0
820.595 0
829.372 0
838.464 0
847.094 0
855.925 0
864.734 0
873.474 0
882.413 0
891.305 0
900.139 0
908.898 0
917.887 0
926.535 0
935.632 0
944.309 0
953.009 0
962.136 0
970.919 0
979.823 0
988.726 0
997.706 0
1006.468 0
