# 0.470
16.391 0
24.993 0
33.649 0
42.456 0
51.045 0
59.947 0
68.608 0
77.299 0
86.036 0
94.567 0
103.322 0
112.010 0
120.778 0
129.478 0
138.134 0
146.859 0
155.526 0
164.304 0
172.933 0
181.635 0
190.347 0
199.093 0
207.719 0
216.524 0
225.050 0
233.821 0
242.461 0
251.254 0
259.893 0
268.740 0
277.409 0
286.077 0
294.739 0
303.334 0
312.099 0
320.725 0
329.537 0
347.056 0
355.757 0
364.436 0
373.364 0
381.865 0
390.705 0
399.527 0
408.089 0
416.849 0
425.582 0
434.367 0
443.109 0
451.770 0
460.621 0
469.381 0
478.196 0
486.958 0
495.609 0
504.375 0
513.091 0
521.889 0
530.612 0
539.327 0
548.114 0
556.852 0
565.697 0
574.153 0
583.160 0
591.896 0
600.636 0
609.358 0
618.105 0
627.024 0
635.655 0
644.450 0
653.467 0
662.100 0
670.961 0
688.406 0
697.326 0
706.102 0
714.981 0
724.022 0
732.629 0
741.499 0
750.060 0
759.473 0
768.155 0
776.970 0
785.742 0
794.501 0
803.243 0
812.203 0
820.872 0
829.635 0
838.611 0
847.386 0
856.280 0
865.140 0
874.248 0
882.903 0
891.855 0
900.779 0
909.660 0
918.425 0
927.510 0
936.436 0
945.338 0
953.944 0
963.006 0
972.018 0
980.718 0
989.670 0
998.830 0
1007.663 0
