# 0.470
23.187 0
32.116 0
41.106 0
49.905 0
58.816 0
67.644 0
76.590 0
85.577 0
94.357 0
103.370 0
112.187 0
121.152 0
129.981 0
138.711 0
147.724 0
156.523 0
165.373 0
174.250 0
183.082 0
191.922 0
200.784 0
209.651 0
218.498 0
227.239 0
236.182 0
244.968 0
253.683 0
262.550 0
271.321 0
280.301 0
289.126 0
297.812 0
306.624 0
315.433 0
324.366 0
333.271 0
341.942 0
359.421 0
368.178 0
376.966 0
385.905 0
394.566 0
403.420 0
412.217 0
421.032 0
429.654 0
438.599 0
447.153 0
456.043 0
464.742 0
473.569 0
482.266 0
491.053 0
499.632 0
508.551 0
517.467 0
526.129 0
534.812 0
543.513 0
552.229 0
561.145 0
569.878 0
578.491 0
587.310 0
596.061 0
604.702 0
613.402 0
622.282 0
630.925 0
639.649 0
648.438 0
657.131 0
665.825 0
674.548 0
683.224 0
700.707 0
709.448 0
718.131 0
726.834 0
735.561 0
744.291 0
752.892 0
761.722 0
770.372 0
779.080 0
787.848 0
796.665 0
805.252 0
813.937 0
822.640 0
831.410 0
840.070 0
848.811 0
857.509 0
866.280 0
874.954 0
883.566 0
892.201 0
900.996 0
909.544 0
918.390 0
927.005 0
935.695 0
944.386 0
953.040 0
961.729 0
970.464 0
979.197 0
987.946 0
996.553 0
1005.087 0
1013.836 0
