# 0.470
17.658 0
26.363 0
34.882 0
43.749 0
52.477 0
61.161 0
69.845 0
78.652 0
87.300 0
95.979 0
104.589 0
113.351 0
122.102 0
130.644 0
139.389 0
148.090 0
156.703 0
165.388 0
174.064 0
182.944 0
191.467 0
200.384 0
208.931 0
217.781 0
226.219 0
234.919 0
243.783 0
252.539 0
261.142 0
269.760 0
278.727 0
287.277 0
296.173 0
304.779 0
313.331 0
322.015 0
330.806 0
348.135 0
356.887 0
365.585 0
374.291 0
383.038 0
391.789 0
400.582 0
409.340 0
418.095 0
426.931 0
435.444 0
444.120 0
452.936 0
461.622 0
470.472 0
479.172 0
487.964 0
496.631 0
505.391 0
514.070 0
522.941 0
531.713 0
540.521 0
549.348 0
558.011 0
566.747 0
575.420 0
584.124 0
593.015 0
601.674 0
610.457 0
619.191 0
628.010 0
636.753 0
645.435 0
654.288 0
663.227 0
671.885 0
689.549 0
698.151 0
707.023 0
715.963 0
724.694 0
733.503 0
742.313 0
751.060 0
759.991 0
768.721 0
777.622 0
786.481 0
795.077 0
803.982 0
812.796 0
821.628 0
830.521 0
839.364 0
848.284 0
857.017 0
865.916 0
874.775 0
883.688 0
892.677 0
901.472 0
910.345 0
919.258 0
927.942 0
936.850 0
945.577 0
954.575 0
963.415 0
972.386 0
981.401 0
990.175 0
999.110 0
1008.108 0
