# 0.470
12.931 0
21.644 0
30.225 0
38.966 0
47.700 0
56.402 0
65.040 0
73.777 0
82.539 0
91.023 0
99.802 0
108.542 0
117.171 0
125.896 0
134.445 0
143.252 0
151.812 0
160.538 0
169.243 0
177.896 0
186.641 0
195.316 0
204.021 0
212.759 0
221.163 0
229.936 0
238.586 0
247.453 0
256.059 0
264.788 0
273.409 0
282.114 0
290.833 0
299.546 0
308.125 0
316.886 0
325.597 0
343.005 0
351.779 0
360.418 0
369.146 0
377.903 0
386.659 0
395.410 0
404.071 0
412.804 0
421.459 0
430.197 0
438.916 0
447.487 0
456.246 0
465.063 0
473.786 0
482.492 0
491.262 0
500.018 0
508.600 0
517.433 0
526.200 0
534.967 0
543.604 0
552.551 0
561.053 0
569.709 0
578.538 0
587.196 0
596.102 0
604.722 0
613.500 0
622.229 0
630.998 0
639.806 0
648.742 0
657.448 0
666.229 0
683.748 0
692.477 0
701.364 0
710.260 0
718.951 0
727.704 0
736.541 0
745.151 0
754.231 0
762.876 0
771.686 0
780.520 0
789.215 0
798.207 0
807.049 0
815.748 0
824.531 0
833.420 0
842.203 0
850.932 0
859.944 0
868.677 0
877.470 0
886.409 0
895.130 0
904.040 0
912.925 0
921.814 0
930.787 0
939.606 0
948.354 0
957.307 0
966.203 0
975.156 0
983.935 0
992.900 0
1001.748 0
