# 0.470
29.453 0
38.370 0
47.319 0
56.200 0
65.150 0
73.977 0
83.029 0
91.869 0
100.599 0
109.632 0
118.394 0
127.409 0
136.243 0
144.962 0
153.867 0
162.812 0
171.555 0
180.579 0
189.343 0
198.145 0
207.112 0
215.875 0
224.672 0
233.467 0
242.352 0
251.137 0
259.928 0
268.801 0
277.551 0
286.462 0
295.271 0
304.205 0
312.912 0
321.650 0
330.642 0
339.327 0
348.118 0
365.637 0
374.503 0
383.121 0
392.120 0
400.897 0
409.662 0
418.345 0
427.109 0
435.903 0
444.621 0
453.447 0
462.202 0
470.870 0
479.674 0
488.449 0
497.220 0
505.924 0
514.644 0
523.440 0
532.087 0
540.873 0
549.635 0
558.411 0
567.038 0
575.835 0
584.623 0
593.372 0
602.128 0
610.747 0
619.573 0
628.286 0
636.954 0
645.664 0
654.398 0
663.152 0
671.911 0
680.688 0
689.291 0
706.817 0
715.534 0
724.188 0
732.808 0
741.481 0
750.196 0
758.960 0
767.686 0
776.379 0
785.119 0
793.773 0
802.444 0
811.242 0
819.849 0
828.451 0
837.233 0
845.848 0
854.570 0
863.340 0
872.030 0
880.755 0
889.291 0
898.065 0
906.717 0
915.404 0
924.133 0
932.900 0
941.545 0
950.116 0
958.819 0
967.535 0
976.158 0
984.933 0
993.654 0
1002.332 0
1010.885 0
1019.642 0
