# 0.470
36.537 0
45.302 0
54.159 0
63.145 0
72.058 0
80.858 0
89.737 0
98.742 0
107.376 0
116.171 0
125.151 0
134.089 0
142.883 0
151.838 0
160.623 0
169.256 0
178.343 0
187.125 0
195.841 0
204.728 0
213.606 0
222.539 0
230.937 0
239.964 0
248.810 0
257.771 0
266.553 0
275.254 0
284.040 0
293.090 0
301.777 0
310.725 0
319.420 0
328.013 0
336.921 0
345.628 0
354.489 0
371.872 0
380.801 0
389.550 0
398.331 0
407.091 0
415.947 0
424.662 0
433.326 0
442.139 0
451.172 0
459.704 0
468.421 0
477.164 0
485.852 0
494.655 0
503.454 0
512.123 0
520.931 0
529.770 0
538.425 0
547.224 0
555.858 0
564.626 0
573.429 0
582.141 0
590.873 0
599.644 0
608.294 0
617.027 0
625.957 0
634.563 0
643.195 0
652.024 0
660.706 0
669.434 0
678.267 0
687.006 0
695.617 0
713.297 0
721.732 0
730.620 0
739.054 0
747.756 0
756.475 0
765.308 0
773.972 0
782.653 0
791.254 0
800.234 0
808.824 0
817.373 0
826.202 0
834.793 0
843.553 0
852.228 0
861.011 0
869.734 0
878.355 0
887.046 0
895.642 0
904.342 0
913.060 0
921.742 0
930.430 0
939.380 0
947.853 0
956.644 0
965.092 0
973.884 0
982.605 0
991.219 0
1000.036 0
1008.689 0
1017.217 0
1025.976 0
