# 0.470
25.775 0
34.705 0
43.485 0
52.351 0
61.206 0
70.032 0
78.969 0
87.723 0
96.630 0
105.652 0
114.556 0
123.383 0
132.080 0
141.064 0
149.886 0
158.788 0
167.583 0
176.454 0
185.486 0
194.164 0
202.945 0
211.893 0
220.516 0
229.480 0
238.372 0
247.104 0
255.882 0
264.842 0
273.464 0
282.544 0
291.332 0
300.141 0
308.780 0
317.526 0
326.395 0
335.309 0
344.115 0
361.686 0
370.449 0
379.284 0
388.074 0
396.756 0
405.567 0
414.370 0
423.068 0
431.657 0
440.530 0
449.342 0
458.072 0
466.826 0
475.613 0
484.283 0
493.058 0
501.753 0
510.498 0
519.321 0
528.150 0
536.781 0
545.650 0
554.262 0
562.979 0
571.796 0
580.462 0
589.334 0
597.903 0
606.615 0
615.342 0
624.210 0
632.904 0
641.619 0
650.241 0
659.045 0
667.745 0
676.489 0
685.249 0
702.684 0
711.278 0
720.016 0
728.807 0
737.454 0
746.113 0
754.797 0
763.475 0
772.259 0
780.845 0
789.576 0
798.266 0
806.971 0
815.573 0
824.254 0
832.984 0
841.622 0
850.387 0
859.106 0
867.743 0
876.477 0
885.073 0
893.880 0
902.515 0
911.290 0
920.116 0
928.629 0
937.338 0
945.899 0
954.662 0
963.332 0
971.966 0
980.752 0
989.357 0
998.114 0
1006.732 0
1015.439 0
