# 0.470
21.278 0
30.219 0
39.085 0
48.107 0
56.924 0
65.988 0
74.975 0
83.788 0
92.797 0
101.826 0
110.114 0
119.445 0
128.240 0
137.011 0
145.786 0
154.504 0
163.597 0
172.260 0
181.347 0
190.109 0
199.009 0
207.886 0
216.850 0
225.677 0
234.584 0
243.211 0
251.386 0
261.111 0
269.667 0
278.441 0
287.199 0
296.288 0
305.059 0
313.715 0
322.691 0
331.513 0
340.442 0
357.900 0
366.722 0
375.011 0
384.597 0
392.829 0
401.763 0
410.647 0
419.393 0
428.069 0
436.970 0
445.593 0
454.557 0
463.054 0
472.166 0
480.773 0
489.548 0
498.122 0
507.052 0
515.853 0
524.169 0
533.628 0
542.210 0
550.865 0
559.565 0
568.284 0
577.049 0
585.959 0
594.364 0
603.244 0
611.976 0
620.753 0
629.573 0
638.190 0
646.827 0
655.921 0
664.713 0
673.051 0
681.804 0
699.294 0
708.217 0
716.818 0
725.356 0
734.100 0
742.904 0
751.505 0
760.249 0
769.206 0
777.721 0
786.254 0
795.495 0
803.968 0
812.251 0
821.710 0
829.824 0
838.580 0
847.490 0
856.161 0
864.711 0
873.627 0
882.138 0
890.715 0
899.504 0
908.179 0
917.209 0
925.583 0
934.424 0
942.965 0
951.958 0
960.346 0
969.435 0
977.745 0
986.762 0
995.115 0
1003.709 0
1012.342 0
