# 0.470
14.022 0
22.765 0
31.375 0
40.115 0
48.801 0
57.457 0
66.212 0
74.909 0
83.705 0
92.306 0
100.970 0
109.638 0
118.401 0
127.120 0
135.841 0
144.573 0
153.063 0
161.907 0
170.508 0
179.436 0
187.961 0
196.599 0
205.407 0
214.131 0
222.629 0
231.288 0
240.171 0
248.878 0
257.445 0
266.292 0
275.027 0
283.735 0
292.436 0
301.168 0
309.871 0
318.469 0
327.173 0
344.680 0
353.331 0
362.176 0
370.895 0
379.636 0
388.365 0
397.013 0
405.761 0
414.582 0
423.273 0
431.996 0
440.676 0
449.359 0
458.222 0
466.931 0
475.742 0
484.417 0
493.137 0
501.794 0
510.534 0
519.253 0
527.938 0
536.892 0
545.559 0
554.240 0
563.194 0
572.013 0
580.585 0
589.447 0
598.146 0
607.040 0
615.736 0
624.439 0
633.161 0
641.933 0
650.854 0
659.638 0
668.373 0
685.940 0
694.733 0
703.446 0
712.417 0
721.143 0
729.951 0
738.667 0
747.551 0
756.607 0
765.186 0
774.021 0
782.860 0
791.573 0
800.490 0
809.323 0
818.133 0
826.974 0
835.750 0
844.584 0
853.363 0
862.214 0
871.028 0
879.968 0
888.927 0
897.643 0
906.494 0
915.456 0
924.558 0
933.275 0
942.138 0
950.996 0
959.881 0
968.758 0
977.664 0
986.567 0
995.536 0
1004.440 0
