# 0.470
30.902 0
39.563 0
48.534 0
57.381 0
66.264 0
75.144 0
84.093 0
92.695 0
101.693 0
110.599 0
119.405 0
128.359 0
137.098 0
145.989 0
154.890 0
163.704 0
172.504 0
181.427 0
190.193 0
199.026 0
207.938 0
216.684 0
225.487 0
234.293 0
243.194 0
251.871 0
260.891 0
269.609 0
278.431 0
287.259 0
296.102 0
304.842 0
313.481 0
322.473 0
331.239 0
339.982 0
348.853 0
366.282 0
374.974 0
383.781 0
392.662 0
401.498 0
410.225 0
418.947 0
427.707 0
436.340 0
445.086 0
453.807 0
462.573 0
471.364 0
480.211 0
488.860 0
497.668 0
506.375 0
515.009 0
523.848 0
532.571 0
541.195 0
550.028 0
558.726 0
567.461 0
576.179 0
584.880 0
593.697 0
602.297 0
611.115 0
619.699 0
628.737 0
637.161 0
645.963 0
654.569 0
663.531 0
672.194 0
680.900 0
689.513 0
707.063 0
715.701 0
724.414 0
732.940 0
741.685 0
750.416 0
759.074 0
767.832 0
776.602 0
785.257 0
793.912 0
802.655 0
811.395 0
819.869 0
828.594 0
837.260 0
846.005 0
854.532 0
863.503 0
872.083 0
880.774 0
889.290 0
898.116 0
906.702 0
915.527 0
923.963 0
933.009 0
941.681 0
950.141 0
958.819 0
967.543 0
976.254 0
985.018 0
993.617 0
1002.303 0
1010.695 0
1019.645 0
