# 0.470
15.270 0
24.034 0
32.584 0
41.243 0
50.153 0
58.869 0
67.451 0
76.077 0
84.877 0
93.532 0
102.201 0
110.852 0
119.660 0
128.444 0
136.967 0
145.749 0
154.318 0
163.094 0
171.833 0
180.571 0
189.176 0
197.909 0
206.589 0
215.288 0
223.942 0
232.505 0
241.362 0
249.956 0
258.803 0
267.470 0
276.208 0
284.803 0
293.663 0
302.278 0
310.953 0
319.531 0
328.317 0
345.831 0
354.534 0
363.376 0
372.010 0
380.867 0
389.411 0
398.257 0
406.886 0
415.639 0
424.457 0
433.245 0
441.838 0
450.654 0
459.352 0
468.145 0
476.920 0
485.667 0
494.327 0
503.077 0
511.810 0
520.707 0
529.400 0
538.118 0
546.939 0
555.552 0
564.409 0
573.029 0
582.005 0
590.734 0
599.461 0
608.150 0
616.917 0
625.709 0
634.414 0
643.289 0
652.290 0
660.855 0
669.615 0
687.349 0
696.133 0
704.918 0
713.763 0
722.649 0
731.334 0
740.185 0
749.068 0
757.930 0
766.750 0
775.509 0
784.262 0
793.113 0
801.956 0
810.745 0
819.606 0
828.565 0
837.320 0
846.060 0
854.889 0
863.813 0
872.751 0
881.554 0
890.456 0
899.272 0
908.177 0
917.057 0
925.856 0
934.797 0
943.616 0
952.538 0
961.496 0
970.365 0
979.267 0
988.018 0
997.130 0
1005.908 0
