# 0.470
22.113 0
30.761 0
39.319 0
48.104 0
56.756 0
65.450 0
74.200 0
82.818 0
91.614 0
100.146 0
108.825 0
117.591 0
126.337 0
134.947 0
143.718 0
152.383 0
160.974 0
169.650 0
178.328 0
187.087 0
195.734 0
204.372 0
213.124 0
221.831 0
230.364 0
239.033 0
247.821 0
256.534 0
265.175 0
273.923 0
282.646 0
291.324 0
299.992 0
308.799 0
317.381 0
326.046 0
334.804 0
352.227 0
360.933 0
369.660 0
378.338 0
387.049 0
395.811 0
404.505 0
413.248 0
421.986 0
430.713 0
439.350 0
448.088 0
456.757 0
465.444 0
474.209 0
482.923 0
491.655 0
500.360 0
509.142 0
517.872 0
526.615 0
535.388 0
544.087 0
552.790 0
561.580 0
570.342 0
578.996 0
587.698 0
596.501 0
605.301 0
614.017 0
622.819 0
631.478 0
640.256 0
649.079 0
657.932 0
666.621 0
675.488 0
693.009 0
701.652 0
710.571 0
719.434 0
728.110 0
736.917 0
745.739 0
754.541 0
763.499 0
772.063 0
780.877 0
789.608 0
798.418 0
807.302 0
816.176 0
824.937 0
833.721 0
842.661 0
851.512 0
860.163 0
869.092 0
878.047 0
886.843 0
895.623 0
904.429 0
913.236 0
922.284 0
931.056 0
940.009 0
948.770 0
957.558 0
966.594 0
975.402 0
984.401 0
993.134 0
1002.130 0
1011.027 0
