# 0.470
26.398 0
35.487 0
44.461 0
53.259 0
62.309 0
70.830 0
79.950 0
88.908 0
97.630 0
106.615 0
115.570 0
124.405 0
133.052 0
142.046 0
151.004 0
159.722 0
168.549 0
177.482 0
186.342 0
195.109 0
203.816 0
212.890 0
221.728 0
230.340 0
239.265 0
248.116 0
256.914 0
265.594 0
274.729 0
283.402 0
292.181 0
301.209 0
309.905 0
318.629 0
327.628 0
336.258 0
345.086 0
362.558 0
371.305 0
380.370 0
389.064 0
397.741 0
406.441 0
415.348 0
424.083 0
432.723 0
441.469 0
450.105 0
459.103 0
467.810 0
476.615 0
485.423 0
494.057 0
502.834 0
511.616 0
520.248 0
529.085 0
537.614 0
546.493 0
555.329 0
563.902 0
572.694 0
581.486 0
590.110 0
598.977 0
607.747 0
616.359 0
624.980 0
633.914 0
642.525 0
651.304 0
660.115 0
668.736 0
677.696 0
686.346 0
703.819 0
712.443 0
721.064 0
729.732 0
738.437 0
747.115 0
755.860 0
764.476 0
773.309 0
782.109 0
790.797 0
799.553 0
808.305 0
816.865 0
825.518 0
834.262 0
842.924 0
851.645 0
860.484 0
869.132 0
877.758 0
886.453 0
895.065 0
903.745 0
912.413 0
921.151 0
929.961 0
938.540 0
947.185 0
955.841 0
964.481 0
973.283 0
982.103 0
990.663 0
999.466 0
1008.103 0
1016.689 0
