# 0.470
25.459 0
34.172 0
43.301 0
52.217 0
61.099 0
69.777 0
78.843 0
87.699 0
96.741 0
105.845 0
114.454 0
123.393 0
132.324 0
141.125 0
149.992 0
158.758 0
167.610 0
176.850 0
185.484 0
194.051 0
203.180 0
212.089 0
220.603 0
229.526 0
238.412 0
247.314 0
256.031 0
265.036 0
273.696 0
282.567 0
291.397 0
300.324 0
308.967 0
318.059 0
326.706 0
335.669 0
344.289 0
361.911 0
370.691 0
379.621 0
388.399 0
397.256 0
406.168 0
414.806 0
423.533 0
432.285 0
440.947 0
450.408 0
458.804 0
467.375 0
476.279 0
485.037 0
493.669 0
502.309 0
511.222 0
519.961 0
528.727 0
537.453 0
546.138 0
554.980 0
563.598 0
572.369 0
581.262 0
590.037 0
598.639 0
607.372 0
616.044 0
625.015 0
633.710 0
642.394 0
651.149 0
659.885 0
668.645 0
677.432 0
686.014 0
703.658 0
712.318 0
721.024 0
730.052 0
738.383 0
747.169 0
755.881 0
764.564 0
773.370 0
781.986 0
790.771 0
799.712 0
808.155 0
816.817 0
825.780 0
834.233 0
842.855 0
851.885 0
860.361 0
869.130 0
877.901 0
886.304 0
895.379 0
903.790 0
912.561 0
921.323 0
930.118 0
938.705 0
947.317 0
956.138 0
964.780 0
974.060 0
982.312 0
990.814 0
999.748 0
1008.174 0
1017.037 0
