# 0.470
13.831 0
22.428 0
30.931 0
39.749 0
48.349 0
57.195 0
65.875 0
74.600 0
83.265 0
91.907 0
100.554 0
109.318 0
118.000 0
126.792 0
135.401 0
144.217 0
152.776 0
161.336 0
170.046 0
178.873 0
187.601 0
196.300 0
204.951 0
213.673 0
222.185 0
230.937 0
239.708 0
248.392 0
257.119 0
265.800 0
274.473 0
283.204 0
291.827 0
300.588 0
309.150 0
317.872 0
326.599 0
344.016 0
352.739 0
361.358 0
370.220 0
378.892 0
387.499 0
396.277 0
405.019 0
413.710 0
422.459 0
431.244 0
439.939 0
448.678 0
457.462 0
466.141 0
474.867 0
483.605 0
492.295 0
500.992 0
509.687 0
518.569 0
527.282 0
535.949 0
544.757 0
553.494 0
562.244 0
570.942 0
579.731 0
588.390 0
597.145 0
605.916 0
614.601 0
623.346 0
632.080 0
640.703 0
649.670 0
658.466 0
667.241 0
684.789 0
693.498 0
702.230 0
711.144 0
720.007 0
728.659 0
737.399 0
746.113 0
755.188 0
763.863 0
772.579 0
781.459 0
790.377 0
799.168 0
807.997 0
816.771 0
825.466 0
834.427 0
843.277 0
852.007 0
860.933 0
869.777 0
878.534 0
887.465 0
896.127 0
905.049 0
913.933 0
922.702 0
931.591 0
940.457 0
949.274 0
958.198 0
966.986 0
975.956 0
984.708 0
993.659 0
1002.582 0
