# 0.470
20.122 0
28.952 0
37.917 0
46.709 0
55.783 0
64.627 0
73.555 0
82.445 0
91.229 0
100.273 0
109.103 0
118.004 0
126.722 0
135.571 0
144.572 0
153.262 0
162.043 0
171.105 0
179.964 0
188.586 0
197.471 0
206.343 0
215.147 0
223.820 0
232.886 0
241.641 0
250.371 0
259.400 0
267.974 0
276.854 0
285.821 0
294.613 0
303.415 0
312.082 0
321.076 0
329.880 0
338.692 0
356.172 0
365.011 0
373.862 0
382.641 0
391.481 0
400.392 0
408.936 0
417.733 0
426.555 0
435.269 0
444.088 0
452.812 0
461.605 0
470.315 0
479.071 0
487.826 0
496.521 0
505.277 0
514.032 0
522.756 0
531.373 0
540.197 0
548.955 0
557.685 0
566.628 0
575.339 0
584.081 0
592.709 0
601.496 0
610.232 0
619.011 0
627.712 0
636.427 0
645.107 0
653.853 0
662.548 0
671.353 0
680.111 0
697.558 0
706.175 0
714.938 0
723.628 0
732.173 0
740.986 0
749.631 0
758.404 0
767.135 0
775.791 0
784.443 0
793.178 0
801.916 0
810.452 0
819.246 0
827.850 0
836.519 0
845.256 0
854.043 0
862.707 0
871.386 0
880.122 0
888.760 0
897.419 0
906.195 0
914.777 0
923.455 0
932.185 0
940.739 0
949.497 0
958.230 0
966.941 0
975.550 0
984.359 0
993.034 0
1001.613 0
1010.275 0
