# 0.470
30.434 0
39.358 0
48.242 0
57.018 0
66.133 0
74.897 0
83.800 0
92.721 0
101.461 0
110.461 0
119.320 0
128.249 0
137.089 0
145.807 0
154.817 0
163.472 0
172.355 0
181.221 0
190.103 0
199.021 0
207.823 0
216.623 0
225.498 0
234.323 0
243.181 0
251.917 0
260.769 0
269.790 0
278.353 0
287.297 0
296.171 0
305.043 0
313.655 0
322.345 0
331.395 0
340.058 0
348.883 0
366.308 0
375.198 0
383.968 0
392.760 0
401.707 0
410.375 0
419.171 0
427.942 0
436.751 0
445.465 0
454.341 0
462.969 0
471.638 0
480.479 0
489.233 0
497.925 0
506.595 0
515.412 0
524.240 0
532.958 0
541.660 0
550.418 0
559.169 0
567.857 0
576.629 0
585.287 0
594.027 0
602.794 0
611.588 0
620.386 0
629.252 0
637.976 0
646.772 0
655.366 0
663.966 0
672.714 0
681.398 0
690.121 0
707.670 0
716.363 0
725.041 0
733.662 0
742.346 0
751.026 0
759.764 0
768.571 0
777.148 0
785.972 0
794.661 0
803.430 0
812.125 0
820.695 0
829.452 0
838.244 0
846.852 0
855.556 0
864.243 0
873.015 0
881.751 0
890.288 0
898.898 0
907.671 0
916.385 0
925.065 0
933.846 0
942.546 0
951.122 0
959.874 0
968.531 0
977.212 0
985.970 0
994.707 0
1003.378 0
1011.999 0
1020.670 0
