# 0.470
23.893 0
32.690 0
41.705 0
50.362 0
59.348 0
68.266 0
77.327 0
86.102 0
95.070 0
104.007 0
112.655 0
121.728 0
130.551 0
139.405 0
148.328 0
157.262 0
166.047 0
175.029 0
183.817 0
192.457 0
201.517 0
210.319 0
219.467 0
228.119 0
236.974 0
245.636 0
254.491 0
263.261 0
272.101 0
280.989 0
289.814 0
298.565 0
307.428 0
316.284 0
325.074 0
333.866 0
342.484 0
360.130 0
369.290 0
377.809 0
386.810 0
395.515 0
404.338 0
413.174 0
421.810 0
430.711 0
439.309 0
448.088 0
456.970 0
465.617 0
474.502 0
483.223 0
491.917 0
500.787 0
509.517 0
518.247 0
527.048 0
535.708 0
544.458 0
553.085 0
561.940 0
570.634 0
579.475 0
588.295 0
596.928 0
605.705 0
614.453 0
623.130 0
631.890 0
640.752 0
649.424 0
658.184 0
666.890 0
675.437 0
684.286 0
701.927 0
710.591 0
719.389 0
727.918 0
736.591 0
745.235 0
754.092 0
762.690 0
771.560 0
780.088 0
788.904 0
797.659 0
806.358 0
814.942 0
823.738 0
832.467 0
841.353 0
849.923 0
858.627 0
867.264 0
875.988 0
884.547 0
893.305 0
902.007 0
910.664 0
919.422 0
928.065 0
936.743 0
945.428 0
954.141 0
962.908 0
971.550 0
980.157 0
989.000 0
997.656 0
1006.287 0
1014.928 0
