# 0.470
28.139 0
37.082 0
45.923 0
54.630 0
63.569 0
72.384 0
81.286 0
90.249 0
99.050 0
107.957 0
116.782 0
125.650 0
134.384 0
143.226 0
152.321 0
161.039 0
169.797 0
178.852 0
187.591 0
196.532 0
205.202 0
213.970 0
222.952 0
231.572 0
240.613 0
249.344 0
258.095 0
266.820 0
275.484 0
284.481 0
293.298 0
302.219 0
311.029 0
319.711 0
328.677 0
337.407 0
346.208 0
363.519 0
372.307 0
381.020 0
390.005 0
398.591 0
407.524 0
416.215 0
424.927 0
433.679 0
442.437 0
451.246 0
459.845 0
468.662 0
477.392 0
486.156 0
494.899 0
503.556 0
512.450 0
521.134 0
529.750 0
538.356 0
547.187 0
555.932 0
564.752 0
573.496 0
582.164 0
590.912 0
599.711 0
608.533 0
617.181 0
625.845 0
634.604 0
643.214 0
652.039 0
660.681 0
669.452 0
678.178 0
686.738 0
704.470 0
712.968 0
721.750 0
730.389 0
739.055 0
747.673 0
756.433 0
765.191 0
773.823 0
782.563 0
791.310 0
799.906 0
808.645 0
817.148 0
825.824 0
834.497 0
843.379 0
852.188 0
860.599 0
869.463 0
878.028 0
886.514 0
895.224 0
903.947 0
912.822 0
921.576 0
930.346 0
938.935 0
947.676 0
956.231 0
964.884 0
973.538 0
982.269 0
990.865 0
999.718 0
1008.255 0
1016.922 0
