# 0.470
12.763 0
21.573 0
30.383 0
38.988 0
47.734 0
56.390 0
65.113 0
73.546 0
82.589 0
91.108 0
99.722 0
108.548 0
117.101 0
125.860 0
134.490 0
143.098 0
151.923 0
160.412 0
169.147 0
177.969 0
186.606 0
195.260 0
203.897 0
212.397 0
221.399 0
229.779 0
238.327 0
247.400 0
255.827 0
264.691 0
273.231 0
282.058 0
290.715 0
299.520 0
308.235 0
316.832 0
325.479 0
334.149 0
343.070 0
351.411 0
360.536 0
369.068 0
377.765 0
386.361 0
394.965 0
403.853 0
412.491 0
421.226 0
429.887 0
438.764 0
447.442 0
456.207 0
464.972 0
473.664 0
482.434 0
491.172 0
499.845 0
508.619 0
517.347 0
526.064 0
534.769 0
543.453 0
552.230 0
569.616 0
587.164 0
595.882 0
604.593 0
613.385 0
622.077 0
630.794 0
639.504 0
648.318 0
657.180 0
665.712 0
674.667 0
683.470 0
692.180 0
701.115 0
709.938 0
718.686 0
727.539 0
736.199 0
745.184 0
753.830 0
762.745 0
771.387 0
780.171 0
789.041 0
797.724 0
806.699 0
815.491 0
824.382 0
833.092 0
841.987 0
850.891 0
859.627 0
868.499 0
877.326 0
886.162 0
895.118 0
903.774 0
912.706 0
921.505 0
930.433 0
939.362 0
948.243 0
957.022 0
965.873 0
974.752 0
983.623 0
992.458 0
1001.241 0
