# 0.470
24.754 0
33.179 0
41.547 0
50.771 0
59.781 0
68.452 0
77.507 0
86.201 0
95.124 0
103.960 0
112.956 0
122.085 0
130.735 0
139.371 0
148.398 0
157.126 0
165.884 0
175.003 0
183.649 0
192.384 0
201.199 0
210.031 0
218.893 0
227.760 0
236.677 0
245.580 0
254.190 0
263.052 0
271.877 0
280.741 0
289.581 0
298.315 0
307.186 0
315.966 0
324.817 0
333.660 0
342.282 0
359.800 0
368.604 0
377.305 0
386.409 0
394.992 0
403.791 0
412.691 0
421.255 0
429.932 0
438.694 0
447.519 0
456.289 0
465.041 0
473.426 0
482.436 0
491.195 0
499.999 0
508.503 0
517.430 0
526.142 0
534.990 0
543.814 0
552.434 0
561.161 0
569.886 0
578.608 0
587.398 0
596.208 0
604.906 0
613.650 0
622.407 0
630.967 0
639.722 0
648.544 0
657.212 0
665.936 0
674.613 0
683.293 0
700.742 0
709.476 0
718.147 0
726.805 0
735.512 0
744.173 0
752.870 0
761.576 0
770.390 0
779.084 0
787.734 0
796.489 0
805.058 0
813.715 0
822.503 0
831.153 0
839.887 0
848.649 0
857.286 0
866.130 0
874.750 0
883.269 0
892.135 0
900.754 0
909.423 0
918.081 0
926.881 0
935.610 0
944.215 0
952.935 0
961.628 0
970.315 0
979.048 0
987.700 0
996.386 0
1005.001 0
1013.721 0
