# 0.470
22.186 0
30.954 0
39.510 0
48.285 0
56.923 0
65.652 0
74.411 0
83.089 0
91.702 0
100.340 0
109.104 0
117.790 0
126.469 0
135.189 0
143.887 0
152.517 0
161.181 0
169.842 0
178.461 0
187.219 0
195.964 0
204.629 0
213.282 0
222.007 0
230.592 0
239.311 0
247.996 0
256.673 0
265.405 0
274.131 0
282.863 0
291.606 0
300.282 0
308.936 0
317.594 0
326.294 0
334.952 0
352.459 0
361.109 0
369.823 0
378.549 0
387.299 0
396.007 0
404.735 0
413.415 0
422.171 0
430.945 0
439.643 0
448.327 0
457.160 0
465.806 0
474.500 0
483.198 0
491.945 0
500.621 0
509.438 0
518.112 0
526.837 0
535.587 0
544.412 0
553.015 0
561.878 0
570.658 0
579.372 0
588.177 0
596.868 0
605.573 0
614.466 0
623.091 0
631.836 0
640.689 0
649.396 0
658.219 0
667.030 0
675.754 0
693.450 0
702.169 0
710.892 0
719.759 0
728.623 0
737.373 0
746.192 0
754.923 0
763.737 0
772.650 0
781.378 0
790.222 0
798.883 0
807.870 0
816.594 0
825.394 0
834.148 0
843.088 0
851.879 0
860.697 0
869.610 0
878.391 0
887.254 0
896.211 0
904.962 0
913.761 0
922.804 0
931.685 0
940.570 0
949.380 0
958.144 0
967.195 0
976.001 0
984.980 0
993.745 0
1002.667 0
1011.607 0
