# 0.470
12.837 0
21.466 0
30.114 0
38.669 0
47.496 0
56.073 0
64.734 0
73.426 0
82.127 0
90.745 0
99.414 0
108.019 0
116.698 0
125.583 0
134.159 0
142.855 0
151.346 0
160.147 0
168.833 0
177.488 0
186.183 0
194.862 0
203.561 0
212.272 0
220.876 0
229.387 0
238.244 0
246.976 0
255.725 0
264.491 0
273.104 0
281.701 0
290.422 0
299.144 0
307.534 0
316.355 0
325.072 0
342.465 0
351.179 0
359.888 0
368.564 0
377.353 0
385.969 0
394.724 0
403.343 0
412.072 0
420.889 0
429.592 0
438.224 0
446.947 0
455.656 0
464.400 0
473.239 0
481.882 0
490.512 0
499.272 0
508.019 0
516.654 0
525.431 0
534.270 0
542.983 0
551.811 0
560.480 0
569.208 0
577.930 0
586.732 0
595.342 0
604.113 0
612.905 0
621.578 0
630.316 0
639.110 0
648.002 0
656.625 0
665.434 0
682.973 0
691.685 0
700.498 0
709.267 0
718.050 0
726.630 0
735.624 0
744.624 0
753.195 0
762.091 0
770.724 0
779.677 0
788.373 0
797.404 0
806.102 0
814.910 0
823.778 0
832.591 0
841.422 0
850.282 0
859.194 0
868.018 0
876.864 0
885.740 0
894.404 0
903.315 0
912.337 0
921.054 0
929.961 0
938.733 0
947.533 0
956.451 0
965.373 0
974.353 0
982.942 0
991.928 0
1000.061 0
