# 0.470
26.985 0
35.855 0
44.828 0
53.713 0
62.606 0
71.480 0
80.408 0
89.267 0
98.010 0
106.925 0
115.820 0
124.724 0
133.482 0
142.325 0
151.362 0
160.035 0
168.796 0
177.852 0
186.647 0
195.295 0
204.354 0
213.077 0
222.069 0
230.836 0
239.662 0
248.341 0
257.281 0
265.950 0
274.858 0
283.661 0
292.559 0
301.235 0
310.236 0
318.843 0
327.663 0
336.511 0
345.351 0
362.762 0
371.589 0
380.339 0
389.191 0
398.003 0
406.659 0
415.514 0
424.215 0
432.931 0
441.842 0
450.553 0
459.187 0
467.870 0
476.735 0
485.391 0
494.123 0
502.936 0
511.688 0
520.380 0
529.158 0
537.824 0
546.514 0
555.315 0
564.070 0
572.804 0
581.462 0
590.280 0
598.921 0
607.647 0
616.392 0
625.214 0
633.848 0
642.557 0
651.345 0
660.005 0
668.713 0
677.397 0
686.077 0
703.603 0
712.380 0
720.989 0
729.603 0
738.218 0
746.956 0
755.734 0
764.379 0
773.076 0
781.780 0
790.527 0
799.227 0
807.864 0
816.483 0
825.179 0
833.880 0
842.598 0
851.262 0
859.990 0
868.672 0
877.381 0
886.042 0
894.713 0
903.351 0
912.011 0
920.791 0
929.402 0
938.101 0
946.645 0
955.338 0
964.062 0
972.750 0
981.324 0
990.091 0
998.783 0
1007.359 0
1016.077 0
