# 0.470
17.983 0
26.691 0
35.370 0
44.000 0
52.766 0
61.452 0
70.150 0
78.930 0
87.571 0
96.198 0
104.926 0
113.557 0
122.334 0
131.003 0
139.635 0
148.288 0
156.859 0
165.612 0
174.337 0
183.062 0
191.755 0
200.405 0
209.062 0
217.798 0
226.321 0
235.056 0
243.768 0
252.435 0
261.110 0
269.821 0
278.602 0
287.213 0
295.935 0
304.641 0
313.255 0
321.935 0
330.629 0
348.065 0
356.758 0
365.515 0
374.223 0
382.988 0
391.651 0
400.313 0
409.178 0
417.918 0
426.612 0
435.231 0
444.090 0
452.842 0
461.545 0
470.349 0
478.989 0
487.775 0
496.419 0
505.097 0
513.901 0
522.562 0
531.304 0
539.985 0
548.722 0
557.429 0
566.271 0
575.115 0
583.699 0
592.465 0
601.264 0
609.975 0
618.721 0
627.398 0
636.128 0
644.983 0
653.844 0
662.560 0
671.349 0
688.931 0
697.542 0
706.418 0
715.373 0
724.010 0
732.831 0
741.635 0
750.352 0
759.431 0
768.018 0
776.862 0
785.484 0
794.414 0
803.286 0
811.997 0
820.854 0
829.676 0
838.632 0
847.423 0
856.005 0
865.050 0
873.883 0
882.666 0
891.459 0
900.332 0
909.265 0
917.983 0
926.914 0
935.806 0
944.643 0
953.496 0
962.495 0
971.284 0
980.287 0
989.170 0
997.999 0
1006.535 0
