# 0.470
30.698 0
39.498 0
48.427 0
57.280 0
66.248 0
75.023 0
83.905 0
92.903 0
101.561 0
110.476 0
119.383 0
128.272 0
136.874 0
145.788 0
154.795 0
163.711 0
172.217 0
181.134 0
189.889 0
198.776 0
207.676 0
216.489 0
225.140 0
233.984 0
242.802 0
251.504 0
260.332 0
269.272 0
278.032 0
286.844 0
295.652 0
304.531 0
313.308 0
322.138 0
331.013 0
339.649 0
348.531 0
365.988 0
374.893 0
383.524 0
392.505 0
401.162 0
409.955 0
418.616 0
427.469 0
436.160 0
444.874 0
453.716 0
462.352 0
471.121 0
479.853 0
488.699 0
497.362 0
506.155 0
514.881 0
523.597 0
532.229 0
540.946 0
549.644 0
558.430 0
567.028 0
575.872 0
584.497 0
593.355 0
602.222 0
610.666 0
619.483 0
628.285 0
636.962 0
645.652 0
654.385 0
663.148 0
671.812 0
680.598 0
689.292 0
706.745 0
715.445 0
724.070 0
732.682 0
741.358 0
750.029 0
758.743 0
767.550 0
776.136 0
784.886 0
793.567 0
802.322 0
811.122 0
819.554 0
828.290 0
837.035 0
845.725 0
854.314 0
863.099 0
871.735 0
880.555 0
889.081 0
897.711 0
906.452 0
915.151 0
923.814 0
932.480 0
941.267 0
949.821 0
958.617 0
967.174 0
975.861 0
984.606 0
993.307 0
1001.936 0
1010.412 0
1019.213 0
