# 0.470
19.334 0
28.216 0
36.776 0
45.703 0
54.515 0
63.056 0
71.772 0
80.466 0
89.198 0
97.697 0
106.316 0
114.936 0
123.725 0
132.533 0
141.234 0
149.878 0
158.379 0
167.191 0
175.844 0
184.485 0
193.149 0
201.893 0
210.466 0
219.330 0
227.830 0
236.378 0
245.002 0
254.049 0
262.550 0
271.132 0
280.137 0
288.684 0
297.287 0
306.064 0
314.784 0
323.394 0
332.096 0
349.463 0
358.296 0
366.988 0
375.667 0
384.346 0
393.079 0
401.791 0
410.464 0
419.246 0
427.951 0
436.599 0
445.358 0
454.189 0
462.807 0
471.582 0
479.915 0
488.960 0
497.655 0
506.428 0
515.230 0
523.894 0
532.532 0
541.351 0
549.983 0
558.846 0
567.459 0
576.225 0
584.947 0
593.838 0
602.575 0
611.282 0
619.853 0
628.668 0
637.617 0
646.204 0
655.024 0
663.959 0
672.536 0
690.029 0
698.879 0
707.578 0
716.441 0
725.196 0
734.026 0
742.874 0
751.672 0
760.596 0
769.282 0
778.065 0
786.860 0
795.638 0
804.362 0
813.236 0
822.137 0
830.732 0
839.739 0
848.535 0
857.357 0
866.156 0
875.086 0
883.882 0
892.827 0
901.614 0
910.438 0
919.288 0
928.173 0
937.019 0
945.851 0
954.675 0
963.825 0
972.409 0
981.474 0
990.207 0
999.141 0
1008.155 0
