# 0.470
18.924 0
27.570 0
36.290 0
44.903 0
53.633 0
62.375 0
71.114 0
79.737 0
88.522 0
97.145 0
105.820 0
114.550 0
123.266 0
132.052 0
140.685 0
149.479 0
157.990 0
166.808 0
175.537 0
184.279 0
192.981 0
201.644 0
210.361 0
219.116 0
227.704 0
236.443 0
245.140 0
253.905 0
262.569 0
271.269 0
279.938 0
288.663 0
297.342 0
306.117 0
314.681 0
323.389 0
332.163 0
349.649 0
358.384 0
367.155 0
375.855 0
384.586 0
393.336 0
402.065 0
410.839 0
419.606 0
428.284 0
437.076 0
445.753 0
454.550 0
463.270 0
471.980 0
480.743 0
489.478 0
498.247 0
507.006 0
515.739 0
524.478 0
533.257 0
541.989 0
550.744 0
559.439 0
568.130 0
576.996 0
585.673 0
594.408 0
603.182 0
611.847 0
620.575 0
629.431 0
638.263 0
647.062 0
655.787 0
664.679 0
673.337 0
690.958 0
699.879 0
708.626 0
717.512 0
726.332 0
735.117 0
743.939 0
752.630 0
761.553 0
770.422 0
779.295 0
788.109 0
796.780 0
805.842 0
814.603 0
823.254 0
832.040 0
841.060 0
849.810 0
858.644 0
867.538 0
876.425 0
885.269 0
894.084 0
902.945 0
911.788 0
920.671 0
929.563 0
938.487 0
947.365 0
956.109 0
965.274 0
973.965 0
982.939 0
991.785 0
1000.776 0
1009.599 0
