# 0.470
31.216 0
40.092 0
49.073 0
57.972 0
66.877 0
75.780 0
84.759 0
93.563 0
102.379 0
111.265 0
120.184 0
129.150 0
137.951 0
146.740 0
155.638 0
164.470 0
173.311 0
182.174 0
191.056 0
199.802 0
208.701 0
217.548 0
226.411 0
235.099 0
244.045 0
252.871 0
261.706 0
270.467 0
279.260 0
288.245 0
296.923 0
305.789 0
314.635 0
323.424 0
332.265 0
341.039 0
349.794 0
367.429 0
376.156 0
384.948 0
393.818 0
402.608 0
411.424 0
420.139 0
429.020 0
437.613 0
446.376 0
455.123 0
463.827 0
472.664 0
481.337 0
490.157 0
498.850 0
507.534 0
516.314 0
525.063 0
533.702 0
542.536 0
551.129 0
560.056 0
568.650 0
577.432 0
586.170 0
594.880 0
603.710 0
612.370 0
621.157 0
630.014 0
638.689 0
647.345 0
656.111 0
664.810 0
673.570 0
682.246 0
690.998 0
708.385 0
717.130 0
725.939 0
734.523 0
743.110 0
751.785 0
760.517 0
769.181 0
777.858 0
786.614 0
795.398 0
804.102 0
812.787 0
821.331 0
830.050 0
838.743 0
847.455 0
856.089 0
864.866 0
873.533 0
882.257 0
890.832 0
899.495 0
908.223 0
916.862 0
925.706 0
934.472 0
943.128 0
951.664 0
960.384 0
969.044 0
977.824 0
986.606 0
995.248 0
1003.866 0
1012.559 0
1021.227 0
