# 0.470
29.882 0
38.806 0
47.684 0
56.451 0
65.546 0
74.287 0
83.155 0
92.144 0
101.095 0
109.941 0
118.708 0
127.664 0
136.609 0
145.321 0
154.237 0
163.049 0
171.787 0
180.752 0
189.651 0
198.307 0
207.275 0
216.075 0
224.781 0
233.670 0
242.562 0
251.228 0
260.181 0
268.929 0
277.865 0
286.717 0
295.326 0
304.161 0
312.878 0
321.718 0
330.660 0
339.462 0
348.199 0
365.690 0
374.508 0
383.306 0
392.186 0
400.884 0
409.784 0
418.487 0
427.141 0
436.047 0
444.764 0
453.466 0
462.308 0
470.955 0
479.691 0
488.556 0
497.261 0
506.014 0
514.634 0
523.559 0
532.228 0
540.933 0
549.685 0
558.443 0
567.195 0
575.860 0
584.628 0
593.316 0
601.962 0
610.696 0
619.475 0
628.290 0
637.063 0
645.642 0
654.408 0
663.104 0
671.931 0
680.528 0
689.263 0
706.741 0
715.459 0
724.201 0
732.756 0
741.508 0
750.182 0
758.943 0
767.703 0
776.365 0
785.045 0
793.831 0
802.532 0
811.220 0
819.716 0
828.518 0
837.219 0
845.930 0
854.547 0
863.232 0
871.923 0
880.640 0
889.284 0
897.890 0
906.612 0
915.297 0
924.050 0
932.830 0
941.492 0
950.010 0
958.708 0
967.312 0
976.078 0
984.822 0
993.618 0
1002.259 0
1010.809 0
1019.493 0
