# 0.470
22.659 0
31.236 0
40.246 0
49.133 0
58.044 0
66.856 0
75.754 0
84.741 0
93.476 0
102.309 0
111.127 0
120.238 0
128.891 0
137.737 0
146.590 0
155.370 0
164.139 0
173.143 0
181.910 0
190.660 0
199.655 0
208.358 0
217.109 0
225.835 0
234.811 0
243.595 0
252.364 0
261.110 0
269.778 0
278.715 0
287.540 0
296.243 0
305.013 0
313.803 0
322.700 0
331.402 0
340.097 0
357.619 0
366.422 0
375.184 0
384.036 0
392.763 0
401.542 0
410.500 0
419.032 0
427.718 0
436.512 0
445.234 0
453.800 0
462.624 0
471.378 0
480.069 0
488.819 0
497.615 0
506.295 0
515.130 0
523.756 0
532.487 0
541.205 0
549.865 0
558.602 0
567.394 0
575.928 0
584.808 0
593.538 0
602.191 0
610.888 0
619.581 0
628.301 0
637.011 0
645.703 0
654.544 0
663.146 0
671.920 0
680.568 0
697.939 0
706.687 0
715.356 0
723.876 0
732.510 0
741.262 0
749.974 0
758.683 0
767.243 0
776.083 0
784.864 0
793.385 0
802.075 0
810.565 0
819.333 0
828.066 0
836.789 0
845.547 0
854.212 0
862.901 0
871.536 0
880.225 0
888.869 0
897.484 0
906.125 0
914.893 0
923.707 0
932.163 0
940.769 0
949.470 0
958.168 0
966.896 0
975.516 0
984.336 0
992.897 0
1001.458 0
1010.322 0
