# 0.470
25.976 0
34.578 0
43.497 0
52.301 0
61.261 0
70.124 0
79.145 0
87.849 0
96.718 0
105.735 0
114.627 0
123.475 0
132.305 0
141.260 0
150.153 0
158.959 0
167.938 0
176.627 0
185.513 0
194.378 0
203.327 0
212.028 0
220.943 0
229.704 0
238.662 0
247.503 0
256.349 0
265.183 0
273.976 0
282.844 0
291.712 0
300.623 0
309.159 0
317.990 0
326.974 0
335.797 0
344.608 0
362.029 0
370.904 0
379.678 0
388.525 0
397.265 0
406.115 0
414.804 0
423.697 0
432.351 0
441.141 0
449.884 0
458.731 0
467.453 0
476.216 0
484.933 0
493.753 0
502.468 0
511.243 0
520.054 0
528.709 0
537.463 0
546.382 0
554.953 0
563.778 0
572.408 0
581.227 0
590.018 0
598.704 0
607.430 0
616.270 0
625.016 0
633.750 0
642.410 0
651.217 0
659.967 0
668.644 0
677.399 0
686.102 0
703.670 0
712.262 0
721.063 0
729.592 0
738.284 0
747.062 0
755.752 0
764.519 0
773.259 0
782.008 0
790.703 0
799.462 0
808.090 0
816.749 0
825.526 0
834.186 0
842.896 0
851.622 0
860.500 1
869.500 1
878.000 1
886.314 0
895.180 0
903.735 0
912.543 0
921.233 0
930.003 0
938.749 0
947.229 0
955.839 0
964.662 0
973.388 0
982.083 0
990.783 0
999.489 0
1007.969 0
1016.839 0
