# 0.470
21.923 0
30.483 0
38.998 0
47.737 0
56.565 0
65.321 0
73.897 0
82.680 0
91.393 0
99.984 0
108.556 0
117.341 0
126.011 0
134.705 0
143.382 0
152.138 0
160.778 0
169.503 0
178.139 0
186.913 0
195.612 0
204.160 0
212.899 0
221.488 0
230.210 0
238.801 0
247.620 0
256.234 0
264.914 0
273.731 0
282.292 0
291.248 0
299.820 0
308.531 0
317.139 0
325.864 0
334.452 0
352.128 0
360.649 0
369.563 0
378.188 0
386.929 0
395.610 0
404.376 0
412.992 0
421.814 0
430.513 0
439.214 0
448.011 0
456.617 0
465.391 0
474.152 0
482.825 0
491.561 0
500.290 0
509.008 0
517.724 0
526.436 0
535.225 0
543.863 0
552.573 0
561.392 0
570.227 0
578.900 0
587.617 0
596.521 0
605.205 0
613.990 0
622.667 0
631.420 0
640.289 0
649.021 0
657.956 0
666.575 0
675.337 0
692.889 0
701.659 0
710.427 0
719.495 0
728.219 0
736.893 0
745.743 0
754.492 0
763.423 0
772.053 0
780.879 0
789.679 0
798.496 0
807.392 0
816.291 0
824.917 0
833.709 0
842.747 0
851.428 0
860.427 0
869.210 0
878.109 0
886.777 0
895.792 0
904.772 0
913.449 0
922.496 0
931.272 0
940.204 0
949.165 0
957.889 0
966.831 0
975.742 0
984.732 0
993.541 0
1002.509 0
1011.373 0
