# 0.470
22.488 0
31.339 0
40.262 0
49.164 0
58.058 0
66.938 0
75.937 0
84.738 0
93.622 0
102.509 0
111.254 0
120.327 0
129.111 0
137.926 0
146.782 0
155.619 0
164.482 0
173.495 0
182.255 0
191.154 0
200.015 0
208.785 0
217.467 0
226.361 0
235.263 0
244.062 0
252.776 0
261.758 0
270.320 0
279.352 0
288.025 0
296.949 0
305.666 0
314.459 0
323.389 0
332.021 0
340.886 0
358.531 0
367.273 0
375.972 0
384.854 0
393.647 0
402.322 0
411.168 0
419.933 0
428.642 0
437.432 0
446.172 0
454.946 0
463.668 0
472.417 0
481.197 0
489.899 0
498.710 0
507.515 0
516.167 0
524.894 0
533.639 0
542.473 0
551.134 0
559.748 0
568.542 0
577.373 0
585.996 0
594.926 0
603.542 0
612.445 0
621.086 0
629.742 0
638.496 0
647.186 0
656.020 0
664.672 0
673.427 0
682.078 0
699.650 0
708.313 0
716.933 0
725.558 0
734.262 0
743.015 0
751.586 0
760.594 0
769.164 0
777.824 0
786.653 0
795.556 0
804.088 0
812.668 0
821.436 0
829.991 0
838.819 0
847.298 0
856.258 0
864.985 0
873.669 0
882.330 0
890.946 0
899.649 0
908.419 0
917.086 0
925.784 0
934.541 0
943.164 0
951.918 0
960.546 0
969.206 0
977.922 0
986.561 0
995.269 0
1003.878 0
1012.434 0
