# 0.470
16.601 0
25.379 0
33.908 0
42.596 0
51.313 0
59.983 0
68.777 0
77.470 0
86.117 0
94.585 0
103.429 0
112.027 0
120.839 0
129.630 0
138.342 0
147.044 0
155.446 0
164.308 0
173.008 0
181.724 0
190.443 0
199.130 0
207.862 0
216.545 0
225.226 0
233.830 0
242.524 0
251.304 0
259.940 0
268.736 0
277.536 0
286.167 0
294.955 0
303.655 0
312.287 0
321.008 0
329.664 0
347.128 0
355.799 0
364.495 0
373.246 0
381.958 0
390.746 0
399.355 0
408.215 0
416.899 0
425.619 0
434.284 0
443.083 0
451.791 0
460.549 0
469.398 0
478.024 0
486.878 0
495.565 0
504.437 0
513.058 0
521.741 0
530.580 0
539.229 0
548.059 0
556.803 0
565.627 0
574.297 0
583.030 0
591.843 0
600.584 0
609.389 0
617.995 0
626.866 0
635.599 0
644.354 0
653.228 0
661.989 0
670.726 0
688.300 0
697.213 0
705.954 0
714.713 0
723.547 0
732.348 0
741.041 0
750.003 0
758.781 0
767.566 0
776.426 0
785.287 0
793.960 0
803.019 0
811.840 0
820.462 0
829.358 0
838.377 0
847.017 0
855.855 0
864.915 0
873.744 0
882.495 0
891.408 0
900.231 0
909.016 0
918.072 0
926.883 0
935.911 0
944.712 0
953.479 0
962.579 0
971.372 0
980.274 0
989.124 0
998.113 0
1006.990 0
