# 0.470
19.590 0
29.125 1
37.250 1
45.750 1
54.273 0
62.886 0
71.535 0
80.245 0
89.027 0
97.653 0
106.387 0
115.074 0
123.754 0
132.360 0
141.181 0
149.904 0
158.415 0
167.119 0
175.804 0
184.540 0
193.375 1
203.250 1
211.500 1
219.522 0
228.114 0
236.791 0
245.392 0
254.156 0
263.013 0
271.540 0
280.348 0
289.083 0
297.769 0
306.552 0
314.982 0
323.709 0
332.513 0
349.985 0
358.646 0
367.374 0
376.204 0
385.032 0
393.465 0
402.242 0
411.060 0
419.754 0
428.387 0
437.103 0
445.966 0
454.515 0
463.322 0
472.170 0
480.826 0
489.623 0
498.261 0
507.009 0
515.780 0
524.557 0
533.243 0
542.007 0
550.809 0
559.449 0
568.221 0
577.107 0
585.871 0
594.548 0
603.209 0
612.036 0
620.588 0
629.369 0
638.187 0
646.926 0
655.753 0
664.543 0
673.375 0
690.840 0
699.571 0
708.520 0
717.318 0
726.066 0
734.921 0
743.697 0
752.525 0
761.457 0
770.097 0
778.830 0
787.753 0
796.402 0
805.393 0
814.147 0
822.961 0
831.742 0
840.624 0
849.395 0
858.290 0
867.138 0
875.951 0
884.790 0
893.689 0
902.506 0
911.253 0
920.453 0
929.156 0
938.111 0
946.843 0
955.604 0
964.670 0
973.587 0
982.347 0
991.273 0
1000.227 0
1009.065 0
