# 0.470
23.076 0
31.930 0
40.974 0
49.812 0
58.751 0
67.561 0
76.605 0
85.331 0
94.170 0
103.151 0
111.943 0
120.928 0
129.729 0
138.575 0
147.523 0
156.303 0
165.211 0
174.146 0
182.909 0
191.627 0
200.537 0
209.450 0
218.205 0
226.939 0
235.886 0
244.624 0
253.470 0
262.293 0
271.010 0
280.062 0
288.855 0
297.615 0
306.460 0
315.251 0
323.997 0
333.016 0
341.685 0
359.296 0
368.084 0
376.837 0
385.668 0
394.362 0
403.190 0
411.858 0
420.661 0
429.381 0
438.151 0
446.900 0
455.705 0
464.363 0
473.199 0
481.949 0
490.675 0
499.375 0
508.126 0
516.867 0
525.596 0
534.354 0
542.934 0
551.863 0
560.528 0
569.274 0
578.026 0
586.856 0
595.575 0
604.351 0
613.021 0
621.759 0
630.481 0
639.170 0
647.853 0
656.619 0
665.375 0
674.138 0
682.788 0
700.303 0
708.940 0
717.670 0
726.221 0
734.928 0
743.610 0
752.321 0
761.022 0
769.714 0
778.505 0
787.192 0
795.916 0
804.592 0
813.019 0
821.893 0
830.580 0
839.299 0
847.918 0
856.683 0
865.396 0
874.018 0
882.681 0
891.464 0
900.129 0
908.900 0
917.658 0
926.293 0
934.983 0
943.537 0
952.181 0
960.999 0
969.640 0
978.460 0
987.105 0
995.780 0
1004.360 0
1013.044 0
