# 0.470
25.520 0
34.325 0
43.299 0
52.091 0
60.896 0
69.662 0
78.671 0
87.474 0
96.355 0
105.225 0
113.929 0
122.843 0
131.659 0
140.385 0
149.252 0
158.057 0
166.914 0
175.716 0
184.432 0
193.258 0
202.135 0
210.977 0
219.572 0
228.594 0
237.409 0
246.175 0
254.967 0
263.738 0
272.454 0
281.297 0
289.940 0
298.785 0
307.537 0
316.300 0
325.151 0
333.895 0
342.529 0
359.980 0
368.760 0
377.505 0
386.347 0
395.048 0
403.775 0
412.566 0
421.221 0
429.911 0
438.607 0
447.347 0
455.999 0
464.684 0
473.342 0
482.010 0
490.721 0
499.421 0
508.304 0
516.964 0
525.643 0
534.232 0
543.012 0
551.780 0
560.573 0
569.214 0
577.879 0
586.630 0
595.299 0
603.932 0
612.647 0
621.328 0
630.001 0
638.614 0
647.343 0
656.074 0
664.730 0
673.398 0
682.066 0
699.432 0
708.083 0
716.725 0
725.323 0
734.020 0
742.617 0
751.298 0
759.891 0
768.539 0
777.250 0
785.919 0
794.590 0
803.298 0
811.781 0
820.526 0
829.089 0
837.752 0
846.425 0
855.218 0
863.827 0
872.513 0
881.038 0
889.739 0
898.380 0
907.035 0
915.714 0
924.456 0
932.985 0
941.519 0
950.194 0
958.892 0
967.556 0
976.150 0
984.841 0
993.430 0
1002.053 0
1010.740 0
