# 0.470
13.115 0
21.783 0
30.318 0
39.040 0
47.701 0
56.303 0
65.049 0
73.669 0
82.339 0
90.883 0
99.525 0
108.217 0
116.858 0
125.475 0
134.195 0
142.829 0
151.332 0
160.025 0
168.720 0
177.397 0
185.955 0
194.684 0
203.275 0
211.979 0
220.539 0
229.205 0
237.904 0
246.534 0
255.222 0
263.863 0
272.416 0
281.088 0
289.773 0
298.530 0
306.968 0
315.651 0
324.340 0
341.637 0
350.359 0
359.074 0
367.678 0
376.433 0
385.082 0
393.738 0
402.457 0
411.115 0
419.797 0
428.552 0
437.186 0
445.882 0
454.536 0
463.304 0
471.917 0
480.587 0
489.308 0
497.917 0
506.650 0
515.331 0
524.021 0
532.733 0
541.427 0
550.123 0
558.887 0
567.436 0
576.048 0
584.981 0
593.633 0
602.248 0
611.104 0
619.663 0
628.358 0
637.049 0
645.870 0
654.666 0
663.413 0
680.825 0
689.553 0
698.320 0
707.157 0
715.638 0
724.598 0
733.342 0
741.908 0
750.874 0
759.568 0
768.385 0
777.156 0
785.850 0
794.713 0
803.497 0
812.245 0
821.003 0
829.911 0
838.647 0
847.402 0
856.126 0
864.908 0
873.580 0
882.374 0
891.196 0
900.028 0
908.916 0
917.710 0
926.532 0
935.370 0
944.111 0
953.022 0
961.840 0
970.631 0
979.424 0
988.350 0
997.196 0
