# 0.470
14.354 0
23.035 0
31.666 0
40.347 0
49.123 0
57.893 0
66.560 0
75.244 0
83.973 0
92.517 0
101.279 0
109.985 0
118.639 0
127.249 0
136.070 0
144.914 0
153.349 0
162.100 0
170.703 0
179.475 0
188.068 0
196.768 0
205.418 0
214.147 0
222.764 0
231.576 0
240.152 0
248.999 0
257.651 0
266.356 0
275.087 0
283.658 0
292.545 0
301.200 0
309.853 0
318.457 0
327.220 0
344.811 0
353.431 0
362.004 0
370.662 0
379.469 0
388.308 0
396.980 0
405.557 0
414.447 0
422.993 0
431.770 0
440.514 0
449.342 0
457.997 0
466.693 0
475.377 0
484.088 0
492.817 0
501.507 0
510.264 0
519.053 0
527.708 0
536.491 0
545.196 0
553.954 0
562.743 0
571.378 0
580.133 0
588.867 0
597.632 0
606.355 0
615.179 0
623.941 0
632.604 0
641.301 0
650.185 0
659.048 0
667.935 0
685.290 0
694.081 0
702.935 0
711.978 0
720.570 0
729.221 0
738.051 0
746.784 0
755.653 0
764.503 0
773.188 0
782.003 0
790.701 0
799.633 0
808.444 0
817.198 0
826.075 0
834.895 0
843.719 0
852.425 0
861.329 0
870.254 0
879.021 0
887.951 0
896.709 0
905.467 0
914.437 0
923.411 0
932.107 0
941.036 0
949.895 0
958.804 0
967.690 0
976.610 0
985.421 0
994.228 0
1003.008 0
