# 0.470
19.517 0
28.466 0
37.442 0
46.049 0
55.139 0
64.114 0
73.126 0
81.981 0
90.795 0
99.730 0
108.644 0
117.464 0
126.400 0
135.221 0
144.262 0
153.104 0
161.799 0
170.846 0
179.621 0
188.427 0
197.488 0
206.224 0
215.071 0
223.734 0
232.784 0
241.597 0
250.480 0
259.095 0
268.024 0
276.992 0
285.788 0
294.626 0
303.444 0
312.276 0
321.171 0
329.904 0
338.732 0
356.215 0
365.109 0
373.866 0
382.677 0
391.558 0
400.334 0
409.233 0
417.872 0
426.795 0
435.392 0
444.193 0
452.944 0
461.721 0
470.527 0
479.361 0
488.047 0
496.804 0
505.567 0
514.370 0
523.147 0
531.801 0
540.560 0
549.386 0
558.130 0
566.930 0
575.643 0
584.497 0
593.101 0
601.908 0
610.635 0
619.323 0
628.059 0
636.870 0
645.565 0
654.433 0
663.036 0
671.897 0
680.603 0
698.063 0
706.833 0
715.502 0
724.107 0
732.789 0
741.590 0
750.302 0
759.094 0
767.770 0
776.440 0
785.218 0
793.975 0
802.717 0
811.212 0
819.981 0
828.682 0
837.419 0
845.875 1
854.844 0
863.549 0
872.335 0
880.874 0
889.581 0
898.308 0
907.042 0
915.792 0
924.457 0
933.195 0
941.815 0
950.537 0
959.213 0
968.255 0
976.658 0
985.388 0
994.055 0
1002.567 0
1011.589 0
