# 0.470
28.850 0
37.799 0
46.774 0
55.541 0
64.491 0
73.346 0
82.217 0
91.098 0
99.997 0
108.949 0
117.850 0
126.806 0
135.680 0
144.422 0
153.295 0
162.222 0
170.993 0
180.007 0
188.723 0
197.579 0
206.442 0
215.135 0
224.025 0
232.787 0
241.736 0
250.463 0
259.227 0
268.071 0
276.948 0
285.811 0
294.525 0
303.286 0
312.093 0
320.844 0
329.699 0
338.583 0
347.256 0
364.783 0
373.660 0
382.253 0
391.175 0
399.939 0
408.670 0
417.571 0
426.410 0
435.126 0
443.936 0
452.629 0
461.429 0
470.115 0
478.936 0
487.626 0
496.480 0
505.280 0
513.904 0
522.609 0
531.300 0
540.051 0
548.834 0
557.598 0
566.224 0
574.920 0
583.633 0
592.475 0
601.149 0
609.942 0
618.713 0
627.398 0
635.970 0
644.676 0
653.408 0
662.108 0
670.844 0
679.541 0
688.252 0
705.717 0
714.452 0
723.160 0
731.865 0
740.552 0
749.264 0
757.942 0
766.614 0
775.401 0
784.109 0
792.858 0
801.434 0
810.315 0
818.784 0
827.462 0
836.273 0
844.976 0
853.589 0
862.295 0
870.995 0
879.803 0
888.368 0
897.042 0
905.611 0
914.447 0
923.108 0
931.739 0
940.465 0
949.051 0
957.777 0
966.428 0
975.110 0
983.792 0
992.588 0
1001.224 0
1009.741 0
1018.312 0
