# 0.470
26.965 0
35.919 0
44.762 0
53.629 0
62.689 0
71.525 0
80.459 0
89.303 0
98.210 0
107.216 0
115.981 0
124.792 0
133.761 0
142.623 0
151.539 0
160.349 0
169.330 0
178.141 0
186.924 0
195.756 0
204.699 0
213.523 0
222.207 0
231.095 0
240.076 0
248.828 0
257.578 0
266.401 0
275.061 0
284.037 0
292.802 0
301.558 0
310.418 0
319.408 0
328.091 0
336.989 0
345.778 0
363.172 0
371.992 0
380.807 0
389.713 0
398.438 0
407.230 0
416.037 0
424.730 0
433.468 0
442.243 0
451.077 0
459.787 0
468.527 0
477.336 0
486.078 0
494.906 0
503.665 0
512.272 0
521.125 0
529.753 0
538.594 0
547.307 0
556.049 0
564.717 0
573.556 0
582.305 0
591.015 0
599.735 0
608.439 0
617.190 0
625.886 0
634.689 0
643.358 0
652.179 0
660.892 0
669.722 0
678.555 0
687.010 0
704.478 0
713.213 0
721.900 0
730.495 0
739.247 0
747.992 0
756.741 0
765.406 0
774.193 0
782.887 0
791.675 0
800.365 0
808.969 0
817.667 0
826.367 0
835.130 0
843.841 0
852.565 0
861.295 0
869.943 0
878.678 0
887.247 0
896.005 0
904.579 0
913.374 0
922.084 0
930.720 0
939.482 0
948.014 0
956.864 0
965.433 0
974.190 0
982.954 0
991.521 0
1000.343 0
1008.907 0
1017.688 0
