# 0.470
17.834 0
26.547 0
35.170 0
43.954 0
52.429 0
61.307 0
69.987 0
78.543 0
87.280 0
95.683 0
104.548 0
113.091 0
121.819 0
130.419 0
139.066 0
147.675 0
156.358 0
164.966 0
173.533 0
182.336 0
190.996 0
199.670 0
208.374 0
216.896 0
225.506 0
234.278 0
242.691 0
251.335 0
259.999 0
268.654 0
277.524 0
286.166 0
294.986 0
303.369 0
311.865 0
320.710 0
329.283 0
346.627 0
355.538 0
364.095 0
372.841 0
381.440 0
390.201 0
398.802 0
407.625 0
416.374 0
424.919 0
433.682 0
442.275 0
450.998 0
459.664 0
468.344 0
477.226 0
485.652 0
494.610 0
503.171 0
511.813 0
520.455 0
529.171 0
537.773 0
546.533 0
555.348 0
564.060 0
572.698 0
581.500 0
590.137 0
598.811 0
607.438 0
616.147 0
625.107 0
633.864 0
642.527 0
651.297 0
660.043 0
668.635 0
686.331 0
695.004 0
703.631 0
712.461 0
721.243 0
729.864 0
738.785 0
747.444 0
756.478 0
764.972 0
773.855 0
782.604 0
791.318 0
800.175 0
808.909 0
817.910 0
826.357 0
835.235 0
844.013 0
852.654 0
861.605 0
870.361 0
879.104 0
887.933 0
896.584 0
905.607 0
914.563 0
923.186 0
932.006 0
940.950 0
949.530 0
958.592 0
967.517 0
976.371 0
985.176 0
994.077 0
1002.706 0
