# 0.470
29.532 0
38.464 0
47.499 0
56.311 0
65.300 0
74.106 0
83.043 0
91.959 0
100.744 0
109.661 0
118.632 0
127.513 0
136.374 0
145.139 0
154.094 0
163.033 0
171.780 0
180.623 0
189.482 0
198.298 0
207.392 0
216.130 0
224.878 0
233.670 0
242.605 0
251.269 0
260.191 0
268.891 0
277.810 0
286.807 0
295.692 0
304.521 0
313.244 0
322.026 0
330.938 0
339.798 0
348.491 0
366.161 0
374.928 0
383.679 0
392.615 0
401.374 0
410.102 0
418.996 0
427.740 0
436.465 0
445.220 0
454.067 0
462.751 0
471.390 0
480.201 0
489.017 0
497.681 0
506.417 0
515.249 0
523.988 0
532.788 0
541.555 0
550.194 0
558.952 0
567.765 0
576.444 0
585.220 0
593.998 0
602.784 0
611.421 0
620.299 0
629.010 0
637.823 0
646.396 0
655.190 0
663.966 0
672.679 0
681.410 0
690.138 0
707.655 0
716.382 0
725.061 0
733.645 0
742.358 0
751.096 0
759.819 0
768.472 0
777.281 0
785.946 0
794.694 0
803.457 0
812.166 0
820.697 0
829.407 0
838.087 0
846.866 0
855.518 0
864.236 0
872.922 0
881.746 0
890.271 0
899.127 0
907.926 0
916.624 0
925.312 0
934.082 0
942.672 0
951.429 0
960.079 0
968.871 0
977.516 0
986.298 0
994.985 0
1003.709 0
1012.245 0
1021.011 0
