# 0.470
29.889 0
38.628 0
47.612 0
56.339 0
65.155 0
73.906 0
83.075 0
92.111 0
100.619 0
109.718 0
118.635 0
127.366 0
136.186 0
145.055 0
153.974 0
162.832 0
171.929 0
180.538 0
189.252 0
198.188 0
207.112 0
215.836 0
224.536 0
233.356 0
242.523 0
251.297 0
260.044 0
268.788 0
277.397 0
286.484 0
295.263 0
303.962 0
312.827 0
321.552 0
330.683 0
339.298 0
348.245 0
365.580 0
374.317 0
383.081 0
391.913 0
401.030 0
409.462 0
418.200 0
426.981 0
435.689 0
444.576 0
453.214 0
462.022 0
471.187 0
479.559 0
488.286 0
496.949 0
505.716 0
514.478 0
523.245 0
532.147 0
540.607 0
549.387 0
558.119 0
566.940 0
575.775 0
584.397 0
593.091 0
601.787 0
610.867 0
619.315 0
628.146 0
636.813 0
645.514 0
654.355 0
662.996 0
671.693 0
680.586 0
689.196 0
706.549 0
715.291 0
723.994 0
732.566 0
741.320 0
750.072 0
758.562 0
767.442 0
776.047 0
784.981 0
793.728 0
802.267 0
811.108 0
819.564 0
828.286 0
837.062 0
845.842 0
854.335 0
863.049 0
871.898 0
880.568 0
889.118 0
897.693 0
906.586 0
915.130 0
923.881 0
932.765 0
941.370 0
950.014 0
958.844 0
967.616 0
976.085 0
985.015 0
993.686 0
1002.129 0
1010.842 0
1019.553 0
