# 0.470
25.697 0
34.559 0
43.083 0
51.744 0
60.521 0
69.168 0
77.979 0
86.504 0
95.414 0
103.861 0
112.606 0
121.312 0
130.089 0
138.703 0
147.450 0
156.116 0
164.740 0
173.451 0
182.131 0
190.789 0
199.596 0
208.186 0
216.999 0
225.588 0
234.298 0
242.960 0
251.677 0
260.440 0
269.119 0
277.820 0
286.517 0
295.245 0
303.949 0
312.802 0
321.298 0
330.004 0
338.749 0
356.178 0
364.887 0
373.616 0
382.354 0
391.071 0
399.765 0
408.515 0
417.269 0
425.981 0
434.713 0
443.462 0
452.221 0
460.950 0
469.638 0
478.490 0
487.088 0
495.866 0
504.676 0
513.359 0
522.117 0
530.793 0
539.578 0
548.238 0
557.101 0
565.872 0
574.558 0
583.229 0
592.021 0
600.711 0
609.594 0
618.425 0
627.038 0
635.856 0
644.584 0
653.515 0
662.251 0
671.036 0
679.796 0
697.463 0
706.177 0
715.073 0
723.908 0
732.594 0
741.542 0
750.298 0
759.054 0
767.954 0
776.738 0
785.649 0
794.370 0
803.055 0
812.128 0
821.011 0
829.602 0
838.687 0
847.320 0
856.199 0
865.083 0
873.957 0
882.811 0
891.596 0
900.566 0
909.396 0
918.122 0
927.215 0
936.000 0
945.001 0
953.809 0
962.583 0
971.641 0
980.400 0
989.369 0
998.267 0
1007.195 0
1016.169 0
