# 0.470
21.031 0
29.645 0
38.778 0
47.441 0
56.528 0
65.307 0
74.319 0
83.203 0
92.015 0
101.012 0
109.862 0
118.736 0
127.552 0
136.468 0
145.370 0
154.309 0
163.055 0
172.006 0
180.745 0
189.619 0
198.546 0
207.091 0
216.174 0
224.949 0
233.830 0
242.666 0
251.571 0
260.409 0
269.264 0
278.006 0
286.680 0
295.838 0
304.428 0
313.328 0
321.934 0
330.869 0
339.659 0
357.267 0
366.265 0
374.931 0
383.791 0
392.762 0
401.523 0
410.039 0
418.780 0
427.531 0
436.303 0
445.099 0
453.882 0
462.701 0
471.627 0
480.524 0
488.893 0
497.720 0
506.712 0
515.179 0
523.942 0
532.762 0
541.428 0
550.233 0
558.887 0
567.701 0
576.464 0
585.381 0
593.959 0
602.617 0
611.560 0
620.141 0
628.842 0
637.575 0
646.326 0
655.062 0
663.905 0
672.695 0
681.262 0
698.850 0
707.471 0
716.149 0
724.824 0
733.621 0
742.310 0
751.077 0
759.855 0
768.419 0
777.286 0
785.957 0
794.743 0
803.351 0
812.056 0
820.726 0
829.429 0
838.116 0
846.857 0
855.631 0
864.393 0
873.080 0
881.663 0
890.281 0
899.006 0
907.852 0
916.560 0
925.343 0
934.014 0
942.601 0
951.260 0
960.009 0
968.656 0
977.445 0
986.176 0
994.760 0
1003.471 0
1012.100 0
