# 0.470
23.653 0
32.393 0
40.976 0
49.769 0
58.432 0
67.207 0
75.874 0
84.673 0
93.370 0
101.955 0
110.664 0
119.445 0
128.170 0
136.913 0
145.585 0
154.335 0
162.912 0
171.686 0
180.309 0
189.074 0
197.846 0
206.592 0
215.237 0
224.019 0
232.552 0
241.270 0
249.989 0
258.622 0
267.466 0
276.050 0
284.817 0
293.565 0
302.254 0
310.971 0
319.617 0
328.347 0
337.145 0
354.719 0
363.344 0
372.137 0
380.797 0
389.621 0
398.396 0
407.052 0
415.790 0
424.640 0
433.368 0
442.038 0
450.730 0
459.510 0
468.260 0
477.065 0
485.767 0
494.537 0
503.295 0
512.072 0
520.787 0
529.599 0
538.347 0
547.106 0
555.752 0
564.575 0
573.267 0
582.050 0
590.864 0
599.572 0
608.356 0
617.169 0
625.953 0
634.755 0
643.613 0
652.444 0
661.282 0
670.019 0
678.758 0
696.451 0
705.277 0
714.080 0
722.993 0
731.604 0
740.563 0
749.383 0
758.289 0
767.173 0
775.898 0
784.707 0
793.550 0
802.237 0
811.311 0
820.049 0
828.966 0
837.755 0
846.628 0
855.551 0
864.143 0
873.048 0
881.937 0
890.834 0
899.736 0
908.658 0
917.490 0
926.492 0
935.384 0
944.230 0
953.186 0
962.106 0
970.975 0
979.822 0
988.760 0
997.603 0
1006.643 0
1015.459 0
