# 0.470
11.009 0
19.721 0
28.469 0
37.126 0
45.749 0
54.443 0
63.231 0
71.842 0
80.488 0
89.007 0
97.823 0
106.484 0
115.227 0
123.939 0
132.685 0
141.376 0
149.924 0
158.731 0
167.387 0
176.160 0
184.710 0
193.600 0
202.286 0
210.964 0
219.658 0
228.195 0
236.990 0
245.719 0
254.524 0
263.128 0
271.857 0
280.588 0
289.262 0
297.952 0
306.669 0
315.397 0
324.014 0
341.475 0
350.258 0
358.946 0
367.696 0
376.430 0
385.202 0
393.934 0
402.560 0
411.406 0
420.234 0
428.903 0
437.663 0
446.414 0
455.064 0
463.817 0
472.460 0
481.290 0
490.030 0
498.695 0
507.398 0
516.233 0
524.927 0
533.729 0
542.590 0
551.270 0
559.894 0
568.742 0
577.478 0
586.351 0
594.973 0
603.773 0
612.528 0
621.353 0
630.044 0
638.811 0
647.674 0
656.517 0
665.273 0
682.909 0
691.513 0
700.381 0
709.232 0
718.026 0
726.838 0
735.614 0
744.457 0
753.402 0
762.106 0
770.910 0
779.648 0
788.298 0
797.394 0
806.122 0
815.013 0
823.748 0
832.802 0
841.432 0
850.381 0
859.275 0
868.009 0
876.812 0
885.835 0
894.681 0
903.473 0
912.296 0
921.255 0
929.972 0
939.031 0
947.821 0
956.796 0
965.593 0
974.607 0
983.563 0
992.476 0
1001.286 0
