# 0.470
11.927 0
20.688 0
29.354 0
38.036 0
46.642 0
55.464 0
64.107 0
72.801 0
81.670 0
90.231 0
98.912 0
107.604 0
116.333 0
125.009 0
133.800 0
142.409 0
151.129 0
159.839 0
168.503 0
177.291 0
185.979 0
194.590 0
203.418 0
212.094 0
220.716 0
229.499 0
238.196 0
246.979 0
255.747 0
264.293 0
273.089 0
281.782 0
290.440 0
299.181 0
307.727 0
316.452 0
325.252 0
342.672 0
351.425 0
360.180 0
368.905 0
377.614 0
386.485 0
395.157 0
403.907 0
412.596 0
421.350 0
430.028 0
438.890 0
447.626 0
456.310 0
465.101 0
473.753 0
482.623 0
491.299 0
500.114 0
508.890 0
517.566 0
526.401 0
535.027 0
543.817 0
552.557 0
561.366 0
570.059 0
578.796 0
587.560 0
596.269 0
605.092 0
613.777 0
622.585 0
631.332 0
640.103 0
649.038 0
657.811 0
666.602 0
684.191 0
692.911 0
701.729 0
710.701 0
719.433 0
728.226 0
737.028 0
745.888 0
754.776 0
763.560 0
772.421 0
781.217 0
790.058 0
799.036 0
807.804 0
816.634 0
825.270 0
834.236 0
842.981 0
851.935 0
860.878 0
869.703 0
878.604 0
887.490 0
896.280 0
905.011 0
913.964 0
923.000 1
931.757 0
940.536 0
949.349 0
958.310 0
967.239 0
976.161 0
985.059 0
994.043 0
1002.953 0
