# 0.470
14.888 0
23.417 0
32.141 0
40.871 0
49.617 0
58.331 0
67.075 0
75.741 0
84.372 0
93.045 0
101.720 0
110.498 0
119.032 0
127.884 0
136.585 0
145.342 0
153.981 0
162.686 0
171.279 0
180.005 0
188.645 0
197.473 0
206.163 0
214.957 0
223.449 0
232.258 0
240.870 0
249.768 0
258.321 0
266.950 0
275.677 0
284.360 0
293.323 0
302.052 0
310.597 0
319.420 0
328.093 0
345.470 0
354.270 0
362.982 0
371.648 0
380.496 0
389.160 0
398.001 0
406.574 0
415.596 0
424.268 0
433.079 0
441.619 0
450.182 0
459.362 0
468.034 0
476.665 0
485.168 0
493.999 0
502.698 0
511.538 0
520.198 0
528.941 0
537.922 0
546.770 0
555.236 0
564.006 0
572.718 0
581.901 0
590.523 0
599.359 0
608.015 0
616.730 0
625.379 0
634.132 0
643.183 0
652.019 0
660.638 0
669.504 0
687.019 0
695.800 0
704.671 0
713.694 0
722.319 0
731.298 0
739.951 0
748.759 0
757.801 0
766.470 0
775.347 0
784.127 0
792.929 0
801.830 0
810.719 0
819.409 0
828.135 0
837.215 0
846.006 0
854.918 0
863.748 0
872.570 0
881.534 0
890.371 0
899.161 0
908.037 0
916.992 0
925.785 0
934.736 0
943.563 0
952.385 0
961.459 0
970.275 0
979.340 0
988.203 0
997.097 0
1005.994 0
