# 0.470
22.195 0
30.831 0
39.392 0
48.390 0
56.832 0
65.526 0
74.161 0
82.882 0
91.734 0
100.292 0
108.992 0
117.836 0
126.507 0
135.198 0
143.916 0
152.593 0
161.144 0
169.960 0
178.541 0
187.346 0
195.990 0
204.821 0
213.424 0
221.934 0
230.586 0
239.465 0
248.317 0
256.824 0
265.522 0
274.276 0
282.898 0
291.686 0
300.304 0
309.137 0
317.599 0
326.345 0
335.116 0
352.538 0
361.268 0
369.977 0
378.621 0
387.621 0
396.205 0
404.919 0
413.761 0
422.438 0
431.258 0
439.690 0
448.634 0
457.482 0
466.255 0
474.848 0
483.736 0
492.407 0
501.214 0
509.955 0
518.522 0
527.115 0
536.170 0
544.932 0
553.566 0
562.211 0
571.188 0
579.760 0
588.210 0
597.254 0
605.778 0
614.783 0
623.575 0
632.443 0
641.192 0
649.905 0
658.769 0
667.466 0
676.156 0
693.790 0
702.819 0
711.616 0
720.545 0
729.199 0
737.867 0
746.588 0
755.598 0
764.306 0
773.139 0
781.674 0
790.595 0
799.311 0
808.354 0
817.078 0
825.870 0
834.617 0
843.438 0
852.477 0
861.262 0
870.282 0
879.050 0
887.777 0
896.741 0
905.629 0
914.356 0
923.449 0
932.126 0
941.046 0
950.065 0
958.929 0
967.704 0
976.517 0
985.615 0
994.484 0
1003.447 0
1012.267 0
