# 0.470
17.969 0
26.696 0
35.596 0
44.387 0
53.351 0
62.411 0
71.366 0
80.156 0
89.048 0
97.892 0
106.638 0
115.598 0
124.418 0
133.218 0
142.209 0
151.023 0
159.991 0
168.891 0
177.779 0
186.560 0
195.517 0
204.653 0
213.017 0
221.895 0
230.728 0
239.613 0
248.455 0
257.112 0
265.903 0
274.782 0
283.666 0
292.635 0
301.213 0
309.961 0
318.876 0
327.741 0
336.538 0
354.058 0
362.828 0
371.499 0
380.412 0
389.181 0
397.992 0
406.762 0
415.451 0
424.207 0
433.050 0
441.832 0
450.591 0
459.252 0
468.022 0
476.718 0
485.607 0
494.229 0
503.001 0
511.942 0
520.422 0
529.152 0
538.000 0
546.748 0
555.462 0
564.250 0
573.210 0
581.692 0
590.667 0
599.113 0
607.860 0
616.612 0
625.599 0
634.155 0
642.921 0
651.634 0
660.304 0
669.119 0
677.930 0
695.372 0
704.024 0
712.779 0
721.268 0
729.982 0
738.734 0
747.454 0
756.289 0
764.801 0
773.642 0
782.204 0
791.027 0
799.900 0
808.319 0
817.050 0
825.740 0
834.617 0
843.170 0
851.937 0
860.724 0
869.354 0
877.957 0
886.750 0
895.288 0
904.077 0
912.759 0
921.521 0
930.345 0
938.824 0
947.556 0
956.445 0
965.155 0
973.593 0
982.308 0
991.167 0
999.781 0
1008.348 0
