# 0.470
33.088 0
41.952 0
50.955 0
59.763 0
68.608 0
77.570 0
86.535 0
95.360 0
104.280 0
113.186 0
122.082 0
130.940 0
139.799 0
148.590 0
157.549 0
166.303 0
175.240 0
184.207 0
192.945 0
201.682 0
210.730 0
219.480 0
228.240 0
237.101 0
245.861 0
254.771 0
263.570 0
272.466 0
281.236 0
289.995 0
298.800 0
307.555 0
316.366 0
325.257 0
334.069 0
342.839 0
351.679 0
368.946 0
377.977 0
386.670 0
395.609 0
404.388 0
413.144 0
421.851 0
430.578 0
439.374 0
447.987 0
456.884 0
465.720 0
474.206 0
483.127 0
491.831 0
500.642 0
509.433 0
518.098 0
526.853 0
535.598 0
544.283 0
552.920 0
561.786 0
570.414 0
579.139 0
587.976 0
596.725 0
605.474 0
614.214 0
622.980 0
631.706 0
640.428 0
649.148 0
657.915 0
666.527 0
675.288 0
684.016 0
692.753 0
710.229 0
718.907 0
727.618 0
736.293 0
744.927 0
753.568 0
762.305 0
771.063 0
779.781 0
788.479 0
797.149 0
805.986 0
814.712 0
823.355 0
831.910 0
840.533 0
849.422 0
858.036 0
866.804 0
875.475 0
884.263 0
892.664 0
901.465 0
910.124 0
918.888 0
927.557 0
936.367 0
944.910 0
953.564 0
962.333 0
971.036 0
979.708 0
988.327 0
997.078 0
1005.799 0
1014.375 0
1023.163 0
