# 0.470
18.185 0
27.210 0
36.140 0
44.810 0
53.787 0
62.693 0
71.709 0
80.477 0
89.330 0
98.262 0
107.158 0
116.042 0
124.930 0
133.665 0
142.640 0
151.425 0
160.289 0
169.300 0
178.065 0
186.896 0
195.810 0
204.590 0
213.435 0
222.228 0
231.234 0
240.043 0
248.886 0
257.605 0
266.527 0
275.437 0
284.217 0
293.087 0
301.952 0
310.669 0
319.595 0
328.440 0
337.029 0
354.509 0
363.478 0
372.260 0
381.089 0
389.792 0
398.620 0
407.386 0
416.274 0
424.979 0
433.636 0
442.522 0
451.195 0
460.040 0
468.760 0
477.445 0
486.286 0
494.963 0
503.728 0
512.528 0
521.211 0
530.029 0
538.722 0
547.650 0
556.199 0
565.041 0
573.782 0
582.590 0
591.320 0
600.048 0
608.716 0
617.528 0
626.239 0
635.032 0
643.747 0
652.425 0
661.112 0
669.866 0
678.616 0
696.052 0
704.813 0
713.470 0
722.015 0
730.867 0
739.563 0
748.252 0
756.959 0
765.681 0
774.482 0
783.020 0
791.783 0
800.583 0
809.115 0
817.798 0
826.522 0
835.352 0
844.087 0
852.773 0
861.471 0
870.246 0
878.763 0
887.359 0
896.179 0
905.019 0
913.716 0
922.449 0
931.131 0
939.687 0
948.662 0
957.106 0
965.793 0
974.531 0
983.241 0
991.897 0
1000.656 0
1009.215 0
