# 0.470
20.075 0
28.813 0
38.010 0
46.817 0
55.766 0
64.481 0
73.691 0
82.335 0
91.339 0
100.155 0
109.050 0
118.035 0
126.695 0
135.585 0
144.616 0
153.285 0
162.066 0
171.267 0
179.888 0
188.823 0
197.683 0
206.514 0
215.310 0
224.189 0
232.995 0
242.135 0
250.761 0
259.740 0
268.557 0
277.390 0
286.250 0
294.916 0
303.770 0
312.366 0
321.381 0
330.478 0
339.017 0
356.546 0
365.337 0
374.193 0
382.950 0
391.712 0
400.545 0
409.282 0
418.215 0
426.988 0
435.743 0
444.748 0
453.180 0
462.039 0
470.798 0
479.560 0
488.480 0
497.116 0
505.732 0
514.501 0
523.283 0
531.946 0
540.630 0
549.600 0
558.175 0
567.132 0
575.800 0
584.611 0
593.241 0
601.938 0
610.600 0
619.650 0
628.491 0
637.105 0
645.786 0
654.517 0
663.224 0
671.872 0
680.623 0
698.267 0
706.919 0
715.590 0
724.169 0
732.985 0
741.814 0
750.555 0
759.232 0
768.022 0
776.713 0
785.446 0
794.142 0
802.753 0
811.381 0
820.141 0
828.883 0
837.475 0
846.324 0
855.270 0
863.820 0
872.697 0
881.127 0
890.001 0
898.570 0
907.406 0
915.786 0
924.557 0
933.366 0
942.029 0
950.772 0
959.407 0
968.196 0
976.780 0
985.635 0
994.220 0
1002.947 0
1011.645 0
