# 0.470
28.319 0
37.142 0
46.125 0
55.060 0
63.973 0
72.745 0
81.784 0
90.685 0
99.446 0
108.474 0
117.160 0
126.120 0
135.005 0
143.891 0
152.971 0
161.797 0
170.483 0
179.402 0
188.352 0
197.025 0
206.078 0
214.797 0
223.728 0
232.409 0
241.484 0
250.069 0
258.986 0
267.699 0
276.602 0
285.482 0
294.397 0
303.094 0
311.907 0
320.658 0
329.613 0
338.367 0
347.183 0
364.756 0
373.588 0
382.416 0
391.446 0
399.955 0
408.863 0
417.687 0
426.366 0
435.162 0
443.919 0
452.791 0
461.451 0
470.234 0
479.080 0
487.613 0
496.440 0
505.176 0
513.955 0
522.699 0
531.465 0
540.151 0
548.918 0
557.764 0
566.261 0
575.028 0
583.797 0
592.579 0
601.339 0
610.004 0
618.750 0
627.475 0
636.203 0
645.155 0
653.710 0
662.573 0
671.218 0
680.054 0
688.708 0
706.112 0
714.901 0
723.563 0
732.223 0
740.955 0
749.604 0
758.231 0
767.046 0
775.854 0
784.554 0
793.235 0
801.928 0
810.574 0
819.211 0
827.957 0
836.650 0
845.362 0
854.091 0
862.747 0
871.450 0
880.314 0
888.907 0
897.609 0
906.337 0
915.084 0
923.750 0
932.443 0
941.207 0
949.855 0
958.578 0
967.355 0
975.933 0
984.690 0
993.477 0
1002.124 0
1010.680 0
1019.421 0
