# 0.470
29.825 0
38.755 0
47.676 0
56.621 0
65.669 0
74.536 0
83.319 0
92.212 0
101.059 0
110.075 0
118.753 0
127.731 0
136.628 0
145.542 0
154.350 0
163.101 0
171.979 0
180.997 0
189.814 0
198.218 0
207.465 0
216.256 0
225.127 0
233.953 0
242.864 0
251.793 0
260.591 0
269.349 0
278.227 0
287.099 0
295.989 0
304.739 0
313.476 0
322.235 0
331.183 0
339.932 0
348.834 0
366.304 0
375.069 0
383.858 0
392.758 0
401.425 0
410.339 0
419.052 0
427.744 0
436.587 0
445.166 0
454.090 0
462.748 0
471.555 0
480.306 0
489.066 0
497.855 0
506.434 0
515.263 0
523.988 0
532.795 0
541.509 0
550.235 0
559.274 0
567.867 0
576.593 0
585.325 0
594.097 0
602.450 0
611.632 0
620.231 0
629.109 0
637.770 0
646.569 0
655.208 0
664.024 0
672.736 0
681.379 0
689.404 0
707.585 0
716.309 0
725.010 0
733.659 0
742.271 0
750.986 0
759.747 0
768.530 0
777.200 0
785.810 0
794.566 0
803.299 0
812.062 0
820.612 0
829.387 0
838.093 0
846.796 0
855.513 0
864.308 0
873.097 0
881.773 0
890.378 0
899.091 0
907.854 0
916.588 0
925.203 0
934.069 0
942.739 0
951.299 0
960.009 0
968.734 0
977.458 0
986.168 0
994.789 0
1003.529 0
1012.219 0
1020.957 0
