# 0.470
18.875 0
27.637 0
36.460 0
44.977 0
53.725 0
62.601 0
71.287 0
79.978 0
88.722 0
97.316 0
106.152 0
114.867 0
123.480 0
132.336 0
140.943 0
149.586 0
158.390 0
166.971 0
175.598 0
184.424 0
193.102 0
201.704 0
210.536 0
219.318 0
227.897 0
236.625 0
245.231 0
254.249 0
262.879 0
271.520 0
280.210 0
289.031 0
297.466 0
306.341 0
314.959 0
323.544 0
332.618 0
349.984 0
358.623 0
367.547 0
376.283 0
384.988 0
393.597 0
402.300 0
411.157 0
419.821 0
428.705 0
437.297 0
446.262 0
455.083 0
463.515 0
472.460 0
481.174 0
489.811 0
498.755 0
507.581 0
516.018 0
524.789 0
533.571 0
542.546 0
551.199 0
560.042 0
568.750 0
577.639 0
586.208 0
595.072 0
603.766 0
612.603 0
621.278 0
630.198 0
638.765 0
647.692 0
656.752 0
665.443 0
674.361 0
691.865 0
700.572 0
709.266 0
718.117 0
727.001 0
736.118 0
744.730 0
753.656 0
762.461 0
771.175 0
779.989 0
788.843 0
797.494 0
806.419 0
815.294 0
824.058 0
832.941 0
841.862 0
850.733 0
859.596 0
868.465 0
877.522 0
886.258 0
895.021 0
903.891 0
912.802 0
921.646 0
930.624 0
939.443 0
948.304 0
957.170 0
966.155 0
975.037 0
984.107 0
992.800 0
1001.940 0
1010.763 0
