# 0.470
14.228 0
22.880 0
31.682 0
40.271 0
49.142 0
57.805 0
66.612 0
75.081 0
83.936 0
92.566 0
100.974 0
109.925 0
118.801 0
127.538 0
136.288 0
145.042 0
153.568 0
162.183 0
170.985 0
179.548 0
188.371 0
197.183 0
205.783 0
214.428 0
223.185 0
231.680 0
240.498 0
249.335 0
257.974 0
266.747 0
275.262 0
283.963 0
292.850 0
301.577 0
310.205 0
318.890 0
327.703 0
345.097 0
353.939 0
362.629 0
371.156 0
379.911 0
388.702 0
397.342 0
406.096 0
414.952 0
423.739 0
432.647 0
441.071 0
449.926 0
458.640 0
467.316 0
476.048 0
484.757 0
493.609 0
502.343 0
511.044 0
519.685 0
528.683 0
537.405 0
545.993 0
554.862 0
563.747 0
572.582 0
581.138 0
589.991 0
598.891 0
607.244 0
616.291 0
625.055 0
633.492 0
642.534 0
651.554 0
660.269 0
669.098 0
686.707 0
695.366 0
704.274 0
713.223 0
721.531 0
730.446 0
739.567 0
748.355 0
757.236 0
765.921 0
774.921 0
783.669 0
792.271 0
801.182 0
810.149 0
818.987 0
827.623 0
836.726 0
845.622 0
854.264 0
863.318 0
872.175 0
881.063 0
889.883 0
898.609 0
907.478 0
916.000 1
925.105 0
934.181 0
943.245 0
952.011 0
960.910 0
969.859 0
978.760 0
987.415 0
996.673 0
1005.522 0
