# 0.470
24.984 0
33.798 0
42.739 0
51.573 0
60.584 0
69.314 0
78.406 0
87.360 0
95.947 0
104.842 0
113.796 0
122.647 0
131.554 0
140.381 0
149.201 0
158.070 0
166.849 0
175.588 0
184.517 0
193.284 0
202.286 0
210.999 0
220.020 0
228.573 0
237.773 0
246.573 0
255.149 0
264.274 0
272.918 0
281.896 0
290.818 0
299.446 0
308.282 0
317.054 0
325.890 0
334.737 0
343.582 0
360.898 0
369.965 0
378.666 0
387.494 0
396.247 0
405.058 0
413.862 0
422.473 0
431.388 0
440.085 0
448.802 0
457.459 0
466.135 0
475.034 0
483.884 0
492.383 0
501.274 0
510.050 0
518.671 0
527.508 0
536.337 0
545.150 0
553.806 0
562.492 0
571.284 0
580.038 0
588.688 0
597.367 0
606.335 0
615.045 0
623.617 0
632.418 0
641.180 0
649.836 0
658.637 0
667.328 0
676.003 0
684.793 0
702.224 0
710.935 0
719.673 0
728.294 0
736.941 0
745.582 0
754.414 0
763.095 0
771.758 0
780.398 0
789.161 0
797.828 0
806.444 0
815.116 0
823.794 0
832.517 0
841.296 0
850.032 0
858.830 0
867.552 0
876.266 0
884.700 0
893.504 0
902.098 0
910.886 0
919.673 0
928.397 0
937.080 0
945.663 0
954.412 0
963.014 0
971.764 0
980.427 0
989.171 0
997.891 0
1006.568 0
1015.155 0
