# 0.470
26.766 0
35.702 0
44.674 0
53.560 0
62.493 0
71.248 0
80.261 0
89.184 0
98.026 0
106.940 0
115.808 0
124.662 0
133.568 0
142.509 0
151.413 0
160.322 0
169.060 0
177.987 0
186.875 0
195.582 0
204.593 0
213.415 0
222.124 0
230.925 0
239.847 0
248.594 0
257.487 0
266.255 0
275.102 0
284.101 0
292.947 0
301.614 0
310.385 0
319.329 0
328.132 0
336.825 0
345.723 0
363.347 0
372.115 0
380.923 0
389.923 0
398.606 0
407.418 0
416.312 0
424.956 0
433.729 0
442.433 0
451.168 0
460.041 0
468.752 0
477.563 0
486.264 0
495.020 0
503.861 0
512.513 0
521.335 0
530.088 0
538.797 0
547.551 0
556.306 0
565.064 0
573.720 0
582.597 0
591.281 0
600.070 0
608.782 0
617.560 0
626.379 0
635.106 0
643.839 0
652.571 0
661.417 0
670.044 0
678.810 0
687.505 0
705.121 0
713.690 0
722.486 0
731.082 0
739.903 0
748.590 0
757.282 0
766.013 0
774.711 0
783.354 0
792.156 0
801.004 0
809.667 0
818.209 0
826.852 0
835.713 0
844.387 0
853.085 0
861.843 0
870.528 0
879.329 0
887.888 0
896.650 0
905.279 0
913.997 0
922.836 0
931.455 0
940.179 0
948.841 0
957.581 0
966.257 0
974.994 0
983.594 0
992.271 0
1001.011 0
1009.685 0
1018.315 0
