# 0.470
23.882 0
32.946 0
42.059 0
50.737 0
59.681 0
68.646 0
77.575 0
86.264 0
95.392 0
104.330 0
112.905 0
121.934 0
131.000 1
139.822 0
148.535 0
157.455 0
166.363 0
175.186 0
184.000 0
193.012 0
201.863 0
210.614 0
219.397 0
228.274 0
237.137 0
245.873 0
255.010 0
263.739 0
272.271 0
281.428 0
290.163 0
299.019 0
307.727 0
316.563 0
325.537 0
334.370 0
343.079 0
360.678 0
369.396 0
378.254 0
387.092 0
396.019 0
404.524 0
413.538 0
422.369 0
431.131 0
439.812 0
448.538 0
457.312 0
466.170 0
474.755 0
483.731 0
492.332 0
501.164 0
509.662 0
518.721 0
527.436 0
536.208 0
544.976 0
553.792 0
562.604 0
571.278 0
580.220 0
588.801 0
597.697 0
606.122 0
614.971 0
623.855 0
632.738 0
641.345 0
650.122 0
658.847 0
667.525 0
676.244 0
685.148 0
702.676 0
711.260 0
719.814 0
728.639 0
737.396 0
746.109 0
754.958 0
763.524 0
772.119 0
781.047 0
789.674 0
798.572 0
807.474 0
815.749 0
824.545 0
833.284 0
841.838 0
850.811 0
859.357 0
868.293 0
876.831 0
885.612 0
894.256 0
902.888 0
911.802 0
920.504 0
929.367 0
937.828 0
946.415 0
955.168 0
963.750 0
972.559 0
981.399 0
990.112 0
998.800 0
1007.342 0
1016.013 0
