# 0.470
21.140 0
29.857 0
38.525 0
47.167 0
55.917 0
64.764 0
73.359 0
82.123 0
90.818 0
99.451 0
108.182 0
116.905 0
125.617 0
134.331 0
143.020 0
151.807 0
160.266 0
169.059 0
177.809 0
186.476 0
195.213 0
203.974 0
212.623 0
221.325 0
229.925 0
238.698 0
247.454 0
256.072 0
264.832 0
273.495 0
282.301 0
291.072 0
299.854 0
308.445 0
317.072 0
325.841 0
334.623 0
352.072 0
360.706 0
369.665 0
378.259 0
387.018 0
395.736 0
404.428 0
413.176 0
422.009 0
430.793 0
439.339 0
448.212 0
456.777 0
465.726 0
474.363 0
483.156 0
492.021 0
500.681 0
509.262 0
517.983 0
526.830 0
535.568 0
544.270 0
553.067 0
561.872 0
570.590 0
579.444 0
588.140 0
596.937 0
605.673 0
614.374 0
623.148 0
631.940 0
640.840 0
649.531 0
658.583 0
667.272 0
675.997 0
693.707 0
702.381 0
711.314 0
720.138 0
728.886 0
737.730 0
746.585 0
755.277 0
764.158 0
772.963 0
781.825 0
790.604 0
799.449 0
808.330 0
817.276 0
826.098 0
834.701 0
843.640 0
852.566 0
861.350 0
870.328 0
879.162 0
887.900 0
896.838 0
905.664 0
914.571 0
923.574 0
932.306 0
941.344 0
950.133 0
959.008 0
967.931 0
976.815 0
985.738 0
994.612 0
1003.702 0
1012.400 0
