# 0.470
23.453 0
32.251 0
40.969 0
49.494 0
58.282 0
67.059 0
75.798 0
84.539 0
93.231 0
101.902 0
110.555 0
119.281 0
127.962 0
136.715 0
145.422 0
154.167 0
162.699 0
171.520 0
180.181 0
188.902 0
197.619 0
206.349 0
215.057 0
223.768 0
232.414 0
241.275 0
249.713 0
258.463 0
267.336 0
275.919 0
284.699 0
293.379 0
302.062 0
310.910 0
319.521 0
328.214 0
337.029 0
354.368 0
363.124 0
371.872 0
380.653 0
389.404 0
398.115 0
406.894 0
415.524 0
424.352 0
433.272 0
441.501 0
450.633 0
459.331 0
468.121 0
476.912 0
485.542 0
494.298 0
503.126 0
511.790 0
520.515 0
529.445 0
537.990 0
546.835 0
555.655 0
564.422 0
573.182 0
581.822 0
590.581 0
599.234 0
608.132 0
616.922 0
625.620 0
634.368 0
643.127 0
652.055 0
660.899 0
669.700 0
678.508 0
696.137 0
705.046 0
713.787 0
722.619 0
731.444 0
740.305 0
749.119 0
757.806 0
766.776 0
775.638 0
784.410 0
793.263 0
802.028 0
811.023 0
819.725 0
828.679 0
837.350 0
846.437 0
855.240 0
864.054 0
873.034 0
881.799 0
890.573 0
899.501 0
908.335 0
917.145 0
926.139 0
935.026 0
943.881 0
952.836 0
961.687 0
970.695 0
979.555 0
988.453 0
997.280 0
1006.382 0
1015.301 0
