# 0.470
17.760 0
26.587 0
35.070 0
43.801 0
52.504 0
61.313 0
69.988 0
78.722 0
87.343 0
96.034 0
104.567 0
113.419 0
122.133 0
130.861 0
139.594 0
148.282 0
156.870 0
165.587 0
174.170 0
183.012 0
191.715 0
200.488 0
209.197 0
217.780 0
226.441 0
235.145 0
243.822 0
252.510 0
261.308 0
269.969 0
278.558 0
287.256 0
296.016 0
304.715 0
313.261 0
322.019 0
330.786 0
348.185 0
356.853 0
365.695 0
374.444 0
383.138 0
391.853 0
400.615 0
409.474 0
418.055 0
426.751 0
435.555 0
444.275 0
452.989 0
461.714 0
470.455 0
479.237 0
488.004 0
496.664 0
505.711 0
514.121 0
522.782 0
531.547 0
540.366 0
548.923 0
557.810 0
566.527 0
575.339 0
584.030 0
592.639 0
601.469 0
610.198 0
618.920 0
627.698 0
636.534 0
645.213 0
654.286 0
662.897 0
671.684 0
689.330 0
697.994 0
706.783 0
715.719 0
724.505 0
733.358 0
742.189 0
750.908 0
759.778 0
768.584 0
777.417 0
786.288 0
795.019 0
804.107 0
812.740 0
821.586 0
830.385 0
839.194 0
847.971 0
856.885 0
865.759 0
874.745 0
883.473 0
892.342 0
901.126 0
909.971 0
918.821 0
927.690 0
936.699 0
945.565 0
954.316 0
963.327 0
972.063 0
981.118 0
989.875 0
998.902 0
1007.830 0
