# 0.470
22.146 0
30.907 0
39.516 0
48.243 0
57.000 0
65.588 0
74.375 0
83.145 0
91.949 0
100.499 0
109.063 0
117.850 0
126.614 0
135.364 0
143.974 0
152.684 0
161.320 0
170.007 0
178.751 0
187.465 0
196.145 0
204.895 0
213.496 0
222.257 0
231.011 0
239.589 0
248.237 0
257.050 0
265.672 0
274.434 0
283.207 0
291.916 0
300.683 0
309.353 0
317.959 0
326.659 0
335.410 0
352.925 0
361.686 0
370.386 0
379.129 0
387.923 0
396.582 0
405.296 0
414.069 0
422.843 0
431.612 0
440.407 0
449.109 0
457.841 0
466.656 0
475.336 0
484.065 0
492.774 0
501.548 0
510.244 0
519.083 0
527.764 0
536.588 0
545.462 0
553.945 0
562.639 0
571.511 0
580.466 0
589.018 0
597.883 0
606.707 0
615.347 0
624.206 0
632.886 0
641.706 0
650.481 0
659.400 0
668.170 0
677.018 0
694.585 0
703.370 0
712.100 0
721.081 0
729.852 0
738.607 0
747.285 0
756.349 0
765.183 0
773.964 0
782.802 0
791.619 0
800.337 0
809.178 0
817.976 0
826.806 0
835.765 0
844.676 0
853.422 0
862.162 0
871.060 0
879.878 0
888.784 0
897.855 0
906.607 0
915.344 0
924.463 0
933.170 0
942.206 0
951.028 0
959.947 0
968.930 0
977.869 0
986.782 0
995.532 0
1004.521 0
1013.502 0
