# 0.470
20.715 0
29.409 0
38.098 0
46.768 0
55.431 0
64.295 0
72.964 0
81.551 0
90.436 0
98.985 0
107.610 0
116.338 0
125.095 0
133.825 0
142.542 0
151.256 0
159.864 0
168.599 0
177.285 0
186.031 0
194.737 0
203.433 0
212.141 0
220.827 0
229.431 0
238.217 0
246.912 0
255.713 0
264.395 0
273.067 0
281.786 0
290.469 0
299.095 0
307.816 0
316.402 0
325.164 0
333.967 0
351.342 0
360.066 0
368.848 0
377.543 0
386.369 0
394.997 0
403.823 0
412.575 0
421.224 0
430.064 0
438.787 0
447.547 0
456.312 0
465.040 0
473.745 0
482.457 0
491.308 0
499.976 0
508.780 0
517.533 0
526.186 0
535.070 0
543.673 0
552.452 0
561.174 0
570.028 0
578.691 0
587.429 0
596.228 0
604.936 0
613.772 0
622.408 0
631.212 0
639.977 0
648.708 0
657.665 0
666.448 0
675.222 0
692.823 0
701.516 0
710.341 0
719.299 0
728.085 0
736.866 0
745.632 0
754.467 0
763.382 0
772.148 0
781.053 0
789.818 0
798.703 0
807.654 0
816.424 0
825.254 0
833.880 0
842.809 0
851.563 0
860.559 0
869.479 0
878.281 0
887.175 0
896.070 0
904.861 0
913.575 0
922.540 0
931.500 1
940.347 0
949.166 0
957.972 0
966.943 0
975.851 0
984.832 0
993.657 0
1002.625 0
1011.548 0
