# 0.470
28.330 0
36.897 0
45.793 0
54.596 0
63.539 0
72.393 0
81.363 0
90.118 0
98.938 0
107.912 0
116.821 0
125.665 0
134.477 0
143.381 0
152.264 0
161.098 0
170.070 0
178.745 0
187.645 0
196.480 0
205.441 0
214.124 0
223.030 0
231.761 0
240.722 0
249.555 0
258.396 0
267.215 0
275.966 0
284.802 0
293.702 0
302.589 0
311.148 0
319.945 0
328.897 0
337.703 0
346.506 0
363.941 0
372.819 0
381.591 0
390.432 0
399.194 0
408.044 0
416.647 0
425.579 0
434.262 0
442.986 0
451.731 0
460.550 0
469.292 0
478.012 0
486.730 0
495.548 0
504.235 0
512.999 0
521.822 0
530.486 0
539.276 0
548.160 0
556.739 0
565.569 0
574.176 0
583.003 0
591.771 0
600.491 0
609.212 0
618.001 0
626.723 0
635.473 0
644.163 0
652.917 0
661.660 0
670.342 0
679.125 0
687.743 0
705.279 0
713.952 0
722.725 0
731.316 0
739.986 0
748.750 0
757.443 0
766.196 0
774.918 0
783.647 0
792.391 0
801.124 0
809.716 0
818.401 0
827.185 0
835.804 0
844.519 0
853.272 0
861.977 0
870.602 0
879.388 0
887.977 0
896.791 0
905.346 0
914.119 0
922.801 0
931.573 0
940.364 0
948.817 0
957.424 0
966.255 0
974.958 0
983.636 0
992.368 0
1001.081 0
1009.520 0
1018.381 0
