# 0.470
28.287 0
36.979 0
45.875 0
54.630 0
63.697 0
72.460 0
81.422 0
90.294 0
99.074 0
107.966 0
116.737 0
125.725 0
134.556 0
143.364 0
152.355 0
161.072 0
169.931 0
178.792 0
187.611 0
196.443 0
205.413 0
214.142 0
222.963 0
231.776 0
240.759 0
249.491 0
258.227 0
267.015 0
275.753 0
284.844 0
293.402 0
302.284 0
311.161 0
319.856 0
328.767 0
337.553 0
346.258 0
363.753 0
372.468 0
381.292 0
390.162 0
398.910 0
407.626 0
416.450 0
425.181 0
433.961 0
442.667 0
451.485 0
460.117 0
469.028 0
477.660 0
486.429 0
495.292 0
503.868 0
512.743 0
521.548 0
530.208 0
538.916 0
547.709 0
556.380 0
565.099 0
573.882 0
582.728 0
591.357 0
600.189 0
608.792 0
617.595 0
626.312 0
634.996 0
643.735 0
652.522 0
661.235 0
669.923 0
678.621 0
687.415 0
704.733 0
713.490 0
722.169 0
730.775 0
739.426 0
748.122 0
756.902 0
765.604 0
774.304 0
783.013 0
791.745 0
800.524 0
809.159 0
817.695 0
826.427 0
835.182 0
843.914 0
852.536 0
861.308 0
869.896 0
878.767 0
887.402 0
896.051 0
904.771 0
913.444 0
922.193 0
930.870 0
939.585 0
948.120 0
956.900 0
965.528 0
974.306 0
983.035 0
991.624 0
1000.397 0
1008.938 0
1017.685 0
