# 0.470
18.284 0
26.957 0
35.487 0
44.213 0
52.910 0
61.646 0
70.302 0
78.992 0
87.725 0
96.319 0
105.110 0
113.737 0
122.483 0
131.207 0
139.810 0
148.601 0
157.245 0
165.975 0
174.621 0
183.254 0
192.017 0
200.869 0
209.400 0
218.158 0
226.750 0
235.454 0
244.134 0
252.924 0
261.539 0
270.277 0
278.856 0
287.668 0
296.291 0
305.030 0
313.618 0
322.393 0
330.979 0
348.532 0
357.351 0
365.810 0
374.669 0
383.456 0
392.083 0
400.910 0
409.560 0
418.318 0
427.174 0
435.890 0
444.543 0
453.246 0
462.043 0
470.706 0
479.589 0
488.298 0
497.094 0
505.712 0
514.380 0
523.229 0
531.872 0
540.691 0
549.356 0
558.269 0
566.782 0
575.758 0
584.435 0
593.054 0
601.872 0
610.493 0
619.329 0
627.927 0
636.892 0
645.625 0
654.593 0
663.224 0
671.988 0
689.621 0
698.429 0
707.178 0
716.103 0
724.740 0
733.629 0
742.391 0
751.234 0
760.174 0
768.949 0
777.693 0
786.455 0
795.331 0
804.183 0
813.073 0
821.771 0
830.593 0
839.545 0
848.332 0
857.203 0
865.979 0
874.823 0
883.588 0
892.497 0
901.281 0
910.076 0
919.091 0
927.845 0
936.826 0
945.649 0
954.364 0
963.351 0
972.274 0
981.404 0
990.096 0
999.131 0
1007.915 0
