# 0.470
26.635 0
35.558 0
44.365 0
53.245 0
62.245 0
71.158 0
80.058 0
88.890 0
97.819 0
106.811 0
115.649 0
124.486 0
133.395 0
142.183 0
151.076 0
159.881 0
168.858 0
177.652 0
186.451 0
195.301 0
204.206 0
213.032 0
221.712 0
230.592 0
239.583 0
248.323 0
257.078 0
265.839 0
274.528 0
283.586 0
292.381 0
301.044 0
309.845 0
318.736 0
327.571 0
336.469 0
345.223 0
362.648 0
371.452 0
380.258 0
389.173 0
397.888 0
406.639 0
415.501 0
424.205 0
432.893 0
441.629 0
450.490 0
459.219 0
467.943 0
476.700 0
485.474 0
494.230 0
502.840 0
511.646 0
520.475 0
529.125 0
537.930 0
546.627 0
555.370 0
564.006 0
572.844 0
581.616 0
590.283 0
599.017 0
607.754 0
616.474 0
625.175 0
633.993 0
642.609 0
651.395 0
660.090 0
668.832 0
677.637 0
686.287 0
703.698 0
712.444 0
721.122 0
729.752 0
738.447 0
747.237 0
756.011 0
764.636 0
773.411 0
782.082 0
790.871 0
799.565 0
808.155 0
816.739 0
825.502 0
834.253 0
842.973 0
851.592 0
860.295 0
869.079 0
877.744 0
886.343 0
895.123 0
903.678 0
912.486 0
921.247 0
929.845 0
938.560 0
947.129 0
955.898 0
964.540 0
973.267 0
981.950 0
990.532 0
999.404 0
1007.910 0
1016.673 0
