# 0.470
17.958 0
26.767 0
35.363 0
44.070 0
52.717 0
61.475 0
70.262 0
78.929 0
87.667 0
96.211 0
104.957 0
113.748 0
122.364 0
131.169 0
139.793 0
148.647 0
157.075 0
165.923 0
174.535 0
183.304 0
191.947 0
200.710 0
209.424 0
218.143 0
226.678 0
235.497 0
244.110 0
252.767 0
261.480 0
270.161 0
278.956 0
287.667 0
296.371 0
305.073 0
313.771 0
322.444 0
331.263 0
348.771 0
357.410 0
366.225 0
374.797 0
383.690 0
392.470 0
401.123 0
409.763 0
418.738 0
427.387 0
436.013 0
444.725 0
453.474 0
462.190 0
471.064 0
479.749 0
488.504 0
497.236 0
505.990 0
514.630 0
523.496 0
532.278 0
540.955 0
549.621 0
558.362 0
567.088 0
575.895 0
584.641 0
593.313 0
602.120 0
610.975 0
619.670 0
628.477 0
637.377 0
646.147 0
654.919 0
663.742 0
672.509 0
690.181 0
698.950 0
707.754 0
716.591 0
725.209 0
734.227 0
742.971 0
751.837 0
760.710 0
769.412 0
778.240 0
787.059 0
795.779 0
804.808 0
813.565 0
822.446 0
831.241 0
840.068 0
848.933 0
857.595 0
866.450 0
875.277 0
884.212 0
893.067 0
902.060 0
910.873 0
919.796 0
928.650 0
937.519 0
946.469 0
955.332 0
964.272 0
973.084 0
982.058 0
990.818 0
999.812 0
1008.652 0
