# 0.470
27.769 0
36.669 0
45.624 0
54.295 0
63.321 0
72.194 0
81.162 0
89.946 0
98.724 0
107.722 0
116.570 0
125.472 0
134.343 0
143.076 0
152.037 0
160.811 0
169.695 0
178.687 0
187.423 0
196.212 0
205.198 0
213.944 0
222.777 0
231.491 0
240.528 0
249.319 0
258.209 0
266.892 0
275.750 0
284.699 0
293.456 0
302.274 0
311.179 0
319.831 0
328.730 0
337.641 0
346.189 0
363.620 0
372.657 0
381.436 0
390.227 0
398.907 0
407.713 0
416.475 0
425.404 0
434.054 0
442.718 0
451.603 0
460.292 0
469.093 0
477.794 0
486.483 0
495.315 0
504.069 0
512.769 0
521.580 0
530.272 0
539.043 0
547.747 0
556.681 0
565.228 0
574.027 0
582.765 0
591.574 0
600.303 0
609.042 0
617.711 0
626.509 0
635.254 0
644.007 0
652.647 0
661.377 0
670.049 0
678.719 0
687.562 0
705.029 0
713.708 0
722.384 0
730.919 0
739.763 0
748.481 0
757.120 0
765.792 0
774.529 0
783.350 0
791.886 0
800.563 0
809.354 0
817.948 0
826.733 0
835.348 0
844.157 0
852.968 0
861.545 0
870.297 0
879.072 0
887.501 0
896.231 0
905.051 0
913.830 0
922.519 0
931.272 0
939.976 0
948.506 0
957.369 0
965.874 0
974.625 0
983.369 0
992.117 0
1000.760 0
1009.420 0
1017.961 0
