# 0.470
24.706 0
33.604 0
42.608 0
51.377 0
60.302 0
69.147 0
78.116 0
86.978 0
95.840 0
104.654 0
113.700 0
122.514 0
131.407 0
140.157 0
149.123 0
158.042 0
166.773 0
175.613 0
184.515 0
193.286 0
202.389 0
211.031 0
219.766 0
228.567 0
237.545 0
246.217 0
255.113 0
263.745 0
272.671 0
281.646 0
290.591 0
299.396 0
308.078 0
316.867 0
325.714 0
334.598 0
343.429 0
360.958 0
369.757 0
378.533 0
387.350 0
396.114 0
404.898 0
413.767 0
422.562 0
431.243 0
440.020 0
448.824 0
457.488 0
466.289 0
475.054 0
483.761 0
492.437 0
501.100 0
509.984 0
518.766 0
527.498 0
536.184 0
544.915 0
553.583 0
562.436 0
571.103 0
579.857 0
588.642 0
597.456 0
606.218 0
615.023 0
623.607 0
632.418 0
641.041 0
649.810 0
658.551 0
667.290 0
675.994 0
684.719 0
702.259 0
711.000 0
719.658 0
728.254 0
736.905 0
745.668 0
754.426 0
763.098 0
771.759 0
780.507 0
789.271 0
797.939 0
806.665 0
815.239 0
823.944 0
832.514 0
841.347 0
850.020 0
858.717 0
867.414 0
876.130 0
884.677 0
893.595 0
902.330 0
911.070 0
919.672 0
928.528 0
937.079 0
945.792 0
954.462 0
963.266 0
971.846 0
980.764 0
989.401 0
998.127 0
1006.590 0
1015.400 0
