# 0.470
20.344 0
29.128 0
37.794 0
46.438 0
55.169 0
63.792 0
72.584 0
81.170 0
89.909 0
98.474 0
107.182 0
115.873 0
124.613 0
133.320 0
142.080 0
150.782 0
159.339 0
168.078 0
176.779 0
185.393 0
194.201 0
202.818 0
211.569 0
220.143 0
228.698 0
237.508 0
246.228 0
254.844 0
263.506 0
272.217 0
281.039 0
289.590 0
298.459 0
307.269 0
315.983 0
324.639 0
333.277 0
350.826 0
359.400 0
368.204 0
376.965 0
385.616 0
394.280 0
403.112 0
411.793 0
420.595 0
429.317 0
438.004 0
446.771 0
455.505 0
464.209 0
473.006 0
481.660 0
490.374 0
499.064 0
507.897 0
516.514 0
525.234 0
533.932 0
542.783 0
551.550 0
560.142 0
568.988 0
577.574 0
586.410 0
595.144 0
604.029 0
612.753 0
621.509 0
630.241 0
639.014 0
647.852 0
656.780 0
665.411 0
674.225 0
691.732 0
700.740 0
709.297 0
718.085 0
726.990 0
735.753 0
744.627 0
753.431 0
762.275 0
771.131 0
779.955 0
788.575 0
797.572 0
806.288 0
815.133 0
824.006 0
832.739 0
841.703 0
850.506 0
859.245 0
868.100 0
876.932 0
885.817 0
894.687 0
903.483 0
912.257 0
921.285 0
930.196 0
938.977 0
947.825 0
956.736 0
965.646 0
974.632 0
983.496 0
992.423 0
1001.413 0
1010.194 0
