# 0.470
26.013 0
34.798 0
43.723 0
52.527 0
61.460 0
70.372 0
79.360 0
88.148 0
97.049 0
105.878 0
114.645 0
123.679 0
132.409 0
141.244 0
150.106 0
159.020 0
167.696 0
176.587 0
185.293 0
194.290 0
203.103 0
211.914 0
220.820 0
229.718 0
238.520 0
247.296 0
256.154 0
265.001 0
273.769 0
282.645 0
291.435 0
300.227 0
308.943 0
317.804 0
326.714 0
335.506 0
344.028 0
361.762 0
370.486 0
379.214 0
388.109 0
396.814 0
405.684 0
414.412 0
423.228 0
431.906 0
440.696 0
449.343 0
458.273 0
467.001 0
475.616 0
484.340 0
493.145 0
501.969 0
510.709 0
519.405 0
528.129 0
536.891 0
545.776 0
554.357 0
563.047 0
571.910 0
580.646 0
589.405 0
598.140 0
606.895 0
615.536 0
624.381 0
632.999 0
641.717 0
650.401 0
659.132 0
667.812 0
676.732 0
685.336 0
702.723 0
711.431 0
720.187 0
728.831 0
737.532 0
746.198 0
754.984 0
763.630 0
772.296 0
780.974 0
789.635 0
798.523 0
807.121 0
815.741 0
824.542 0
833.040 0
841.803 0
850.517 0
859.250 0
867.989 0
877.055 0
885.298 0
893.989 0
902.698 0
911.393 0
920.164 0
928.990 0
937.472 0
946.266 0
954.799 0
963.532 0
972.054 0
980.958 0
989.729 0
998.315 0
1006.867 0
1015.661 0
