# 0.470
19.206 0
28.001 0
36.577 0
45.259 0
54.011 0
62.701 0
71.433 0
80.057 0
88.819 0
97.430 0
106.113 0
114.807 0
123.591 0
132.132 0
140.948 0
149.725 0
158.260 0
166.894 0
175.547 0
184.321 0
192.992 0
201.699 0
210.350 0
219.254 0
227.690 0
236.480 0
245.040 0
253.843 0
262.521 0
271.329 0
280.024 0
288.709 0
297.286 0
306.097 0
314.640 0
323.438 0
332.124 0
349.585 0
358.249 0
367.091 0
375.708 0
384.419 0
393.173 0
401.957 0
410.551 0
419.444 0
427.987 0
436.822 0
445.553 0
454.343 0
463.004 0
471.794 0
480.509 0
489.166 0
497.909 0
506.595 0
515.356 0
524.135 0
532.806 0
541.605 0
550.376 0
559.131 0
567.830 0
576.560 0
585.361 0
594.032 0
602.880 0
611.579 0
620.376 0
629.110 0
637.792 0
646.582 0
655.591 0
664.129 0
673.067 0
690.460 0
699.304 0
708.215 0
717.157 0
725.891 0
734.820 0
743.341 0
752.074 0
761.029 0
769.948 0
778.579 0
787.435 0
796.218 0
805.087 0
813.906 0
822.598 0
831.540 0
840.348 0
849.238 0
858.007 0
866.885 0
875.818 0
884.524 0
893.556 0
902.365 0
911.095 0
920.029 0
928.914 0
937.755 0
946.929 0
955.570 0
964.495 0
973.501 0
982.378 0
991.101 0
1000.128 0
1008.874 0
