# 0.470
20.959 0
29.731 0
38.298 0
47.023 0
55.792 0
64.461 0
73.078 0
81.770 0
90.579 0
99.231 0
107.929 0
116.614 0
125.335 0
133.942 0
142.755 0
151.470 0
159.976 0
168.708 0
177.322 0
186.121 0
194.845 0
203.603 0
212.342 0
221.101 0
229.592 0
238.381 0
247.002 0
255.751 0
264.579 0
273.173 0
281.939 0
290.673 0
299.400 0
308.148 0
316.568 0
325.329 0
334.112 0
351.644 0
360.269 0
369.036 0
377.661 0
386.461 0
395.099 0
403.854 0
412.586 0
421.403 0
430.072 0
438.768 0
447.621 0
456.216 0
465.025 0
473.821 0
482.470 0
491.326 0
499.980 0
508.746 0
517.513 0
526.303 0
534.963 0
543.754 0
552.601 0
561.220 0
570.004 0
578.791 0
587.566 0
596.335 0
604.991 0
613.844 0
622.393 0
631.237 0
640.036 0
648.762 0
657.575 0
666.413 0
675.254 0
692.721 0
701.502 0
710.441 0
719.237 0
727.978 0
736.829 0
745.644 0
754.480 0
763.388 0
771.946 0
780.796 0
789.786 0
798.423 0
807.432 0
816.189 0
825.040 0
833.791 0
842.714 0
851.500 0
860.400 0
869.247 0
878.063 0
886.920 0
895.831 0
904.647 0
913.400 0
922.579 0
931.305 0
940.211 0
949.038 0
957.821 0
966.911 0
975.787 0
984.565 0
993.520 0
1002.493 0
1011.339 0
