# 0.470
23.387 0
32.205 0
41.165 0
50.072 0
58.968 0
67.908 0
76.810 0
85.627 0
94.481 0
103.377 0
112.324 0
121.202 0
130.056 0
138.912 0
147.929 0
156.680 0
165.494 0
174.578 0
183.326 0
192.104 0
201.128 0
209.841 0
218.656 0
227.472 0
236.306 0
245.081 0
254.003 0
262.717 0
271.550 0
280.499 0
289.442 0
298.271 0
307.048 0
315.731 0
324.718 0
333.601 0
342.172 0
351.100 0
368.655 0
377.484 0
386.392 0
395.231 0
403.975 0
412.735 0
421.519 0
430.154 0
438.995 0
447.771 0
456.524 0
465.300 0
473.992 0
482.781 0
491.572 0
500.269 0
509.058 0
517.771 0
526.502 0
535.264 0
543.958 0
552.800 0
561.436 0
570.160 0
578.947 0
587.694 0
596.613 0
605.328 0
614.012 0
622.843 0
631.554 0
640.261 0
648.919 0
657.798 0
666.495 0
675.220 0
683.882 0
701.475 0
710.224 0
718.903 0
727.453 0
736.146 0
744.915 0
753.451 0
762.362 0
771.109 0
779.801 0
788.525 0
797.197 0
805.936 0
814.499 0
823.231 0
831.893 0
840.612 0
849.280 0
858.018 0
866.727 0
875.470 0
884.135 0
892.921 0
901.601 0
910.400 0
919.148 0
927.858 0
936.455 0
945.201 0
953.863 0
962.564 0
971.392 0
979.822 0
988.713 0
997.418 0
1006.073 0
1014.726 0
