# 0.470
17.463 0
26.157 0
34.927 0
43.587 0
52.229 0
60.938 0
69.788 0
78.433 0
87.176 0
95.785 0
104.417 0
113.163 0
121.930 0
130.631 0
139.336 0
148.125 0
156.745 0
165.351 0
174.123 0
182.836 0
191.619 0
200.246 0
208.981 0
217.866 0
226.313 0
235.003 0
243.713 0
252.452 0
261.194 0
269.928 0
278.557 0
287.323 0
296.013 0
304.804 0
313.536 0
322.130 0
330.894 0
348.314 0
357.088 0
365.925 0
374.594 0
383.341 0
392.177 0
400.598 0
409.580 0
418.204 0
426.994 0
435.726 0
444.462 0
453.227 0
461.884 0
470.670 0
479.411 0
488.050 0
496.745 0
505.604 0
514.396 0
523.113 0
532.116 0
540.619 0
549.504 0
558.065 0
567.019 0
575.524 0
584.432 0
593.337 0
602.123 0
610.670 0
619.521 0
628.090 0
637.087 0
645.706 0
654.711 0
663.260 0
671.911 0
689.919 0
698.592 0
707.459 0
716.138 0
725.153 0
733.893 0
742.588 0
751.654 0
760.359 0
769.264 0
777.833 0
786.900 0
795.728 0
804.246 0
813.525 0
822.031 0
831.061 0
839.685 0
848.610 0
857.023 0
866.056 0
874.929 0
884.019 0
893.119 0
901.415 0
910.271 0
919.761 0
928.010 0
937.576 0
946.029 0
955.036 0
964.033 0
972.650 0
982.107 0
991.072 0
1000.049 0
1008.746 0
