# 0.470
17.797 0
26.601 0
35.203 0
43.903 0
52.563 0
61.328 0
70.024 0
78.825 0
87.350 0
96.001 0
104.705 0
113.659 0
122.160 0
130.959 0
139.444 0
148.288 0
156.819 0
165.654 0
174.175 0
182.953 0
191.675 0
200.413 0
209.039 0
217.743 0
226.392 0
235.083 0
243.717 0
252.316 0
261.025 0
269.948 0
278.529 0
287.218 0
295.959 0
304.702 0
313.209 0
322.043 0
330.700 0
348.285 0
356.957 0
365.598 0
374.343 0
383.049 0
391.892 0
400.531 0
409.275 0
417.983 0
426.728 0
435.425 0
444.216 0
452.878 0
461.535 0
470.408 0
479.118 0
487.754 0
496.649 0
505.381 0
513.961 0
522.821 0
531.489 0
540.271 0
548.937 0
557.631 0
566.300 0
575.159 0
583.861 0
592.760 0
601.390 0
610.088 0
618.883 0
627.377 0
636.443 0
645.253 0
653.981 0
662.649 0
671.357 0
689.326 0
697.819 0
706.765 0
715.550 0
724.263 0
733.304 0
742.126 0
750.892 0
759.633 0
768.644 0
777.150 0
786.180 0
794.908 0
803.868 0
812.634 0
821.306 0
830.232 0
839.158 0
847.941 0
856.800 0
865.389 0
873.998 0
883.199 0
892.221 0
901.019 0
909.756 0
918.831 0
927.542 0
936.620 0
945.341 0
954.274 0
963.260 0
972.001 0
981.001 0
989.929 0
998.848 0
1007.599 0
