# 0.470
25.713 0
34.356 0
43.372 0
52.177 0
60.909 0
69.860 0
78.907 0
87.502 0
96.423 0
105.395 0
114.197 0
123.097 0
132.017 0
140.724 0
149.631 0
158.436 0
167.368 0
176.224 0
185.026 0
193.766 0
202.734 0
211.701 0
220.368 0
229.224 0
238.064 0
246.885 0
255.646 0
264.451 0
273.338 0
282.313 0
291.033 0
299.904 0
308.609 0
317.552 0
326.362 0
335.035 0
343.786 0
361.399 0
370.167 0
378.906 0
387.859 0
396.546 0
405.305 0
414.122 0
422.785 0
431.603 0
440.299 0
449.042 0
457.843 0
466.530 0
475.310 0
484.076 0
492.846 0
501.541 0
510.253 0
518.962 0
527.642 0
536.551 0
545.195 0
553.908 0
562.625 0
571.367 0
580.246 0
588.915 0
597.758 0
606.403 0
615.154 0
623.844 0
632.740 0
641.330 0
650.070 0
658.703 0
667.537 0
676.158 0
684.896 0
702.319 0
710.945 0
719.801 0
728.363 0
737.075 0
745.753 0
754.485 0
763.256 0
771.726 0
780.636 0
789.248 0
797.918 0
806.715 0
815.268 0
824.082 0
832.649 0
841.501 0
850.062 0
858.767 0
867.492 0
876.215 0
884.865 0
893.449 0
902.325 0
911.080 0
919.670 0
928.491 0
937.212 0
945.713 0
954.379 0
963.171 0
971.688 0
980.599 0
989.302 0
997.872 0
1006.585 0
1015.216 0
