# 0.470
25.027 0
33.790 0
42.778 0
51.617 0
60.595 0
69.338 0
78.475 0
87.292 0
96.055 0
105.087 0
114.041 0
122.860 0
131.777 0
140.561 0
149.549 0
158.321 0
167.201 0
176.134 0
185.018 0
193.731 0
202.778 0
211.541 0
220.456 0
229.219 0
238.205 0
246.991 0
255.844 0
264.828 0
273.467 0
282.344 0
291.241 0
299.990 0
308.811 0
317.655 0
326.454 0
335.310 0
344.100 0
361.648 0
370.457 0
379.150 0
388.021 0
396.933 0
405.739 0
414.461 0
423.267 0
432.030 0
440.725 0
449.590 0
458.322 0
467.123 0
475.806 0
484.620 0
493.437 0
502.058 0
510.978 0
519.784 0
528.552 0
537.370 0
546.126 0
554.829 0
563.556 0
572.307 0
581.116 0
589.887 0
598.575 0
607.357 0
616.022 0
624.797 0
633.473 0
642.226 0
650.951 0
659.775 0
668.445 0
677.163 0
685.800 0
703.368 0
712.171 0
720.934 0
729.572 0
738.352 0
746.913 0
755.800 0
764.455 0
773.274 0
781.773 0
790.506 0
799.316 0
808.033 0
816.685 0
825.484 0
834.211 0
842.893 0
851.623 0
860.444 0
869.033 0
877.757 0
886.335 0
895.083 0
903.887 0
912.540 0
921.280 0
930.005 0
938.709 0
947.239 0
956.038 0
964.788 0
973.417 0
982.177 0
990.878 0
999.625 0
1008.247 0
1017.008 0
