# 0.470
25.120 0
34.024 0
42.918 0
51.817 0
60.700 0
69.592 0
78.611 0
87.378 0
96.256 0
105.143 0
113.896 0
122.973 0
131.753 0
140.554 0
149.426 0
158.270 0
167.137 0
176.119 0
184.917 0
193.790 0
202.669 0
211.433 0
220.117 0
229.012 0
237.889 0
246.720 0
255.450 0
264.392 0
272.981 0
282.004 0
290.667 0
299.607 0
308.297 0
317.107 0
326.026 0
334.670 0
343.521 0
361.141 0
369.912 0
378.642 0
387.511 0
396.292 0
404.987 0
413.800 0
422.560 0
431.277 0
440.070 0
448.808 0
457.602 0
466.318 0
475.072 0
483.843 0
492.539 0
501.352 0
510.153 0
518.805 0
527.545 0
536.291 0
545.120 0
553.792 0
562.403 0
571.204 0
580.038 0
588.654 0
597.581 0
606.171 0
615.099 0
623.743 0
632.394 0
641.148 0
649.829 0
658.665 0
667.322 0
676.077 0
684.740 0
702.287 0
710.969 0
719.604 0
728.216 0
736.947 0
745.699 0
754.244 0
763.260 0
771.823 0
780.482 0
789.322 0
798.256 0
806.766 0
815.356 0
824.106 0
832.699 0
841.513 0
849.986 0
858.934 0
867.666 0
876.361 0
885.015 0
893.644 0
902.342 0
911.116 0
919.792 0
928.473 0
937.225 0
945.861 0
954.615 0
963.226 0
971.900 0
980.630 0
989.247 0
997.979 0
1006.603 0
1015.130 0
