# 0.470
30.593 0
39.353 0
48.354 0
57.177 0
66.010 0
75.014 0
83.844 0
92.651 0
101.463 0
110.426 0
119.264 0
128.163 0
137.043 0
145.826 0
154.653 0
163.562 0
172.508 0
181.252 0
190.019 0
198.945 0
207.831 0
216.773 0
225.735 0
234.257 0
243.190 0
252.164 0
260.837 0
269.654 0
278.657 0
287.429 0
296.251 0
305.084 0
313.685 0
322.617 0
331.314 0
340.323 0
348.984 0
366.395 0
375.078 0
384.020 0
392.841 0
401.568 0
410.421 0
419.206 0
427.983 0
436.742 0
445.529 0
454.133 0
462.816 0
471.701 0
480.276 0
489.000 1
497.746 0
506.418 0
515.299 0
524.072 0
533.082 0
541.747 0
550.397 0
559.007 0
567.844 0
576.567 0
585.400 0
594.026 0
602.786 0
611.618 0
620.257 0
629.041 0
637.683 0
646.394 0
655.086 0
663.863 0
672.572 0
681.338 0
690.066 0
707.419 0
716.165 0
724.802 0
733.505 0
742.052 0
750.791 0
759.586 0
768.257 0
776.960 0
785.647 0
794.406 0
803.128 0
811.854 0
820.477 0
829.097 0
837.897 0
846.576 0
855.255 0
864.090 0
872.672 0
881.474 0
890.055 0
898.831 0
907.477 0
916.219 0
924.862 0
933.629 0
942.371 0
950.996 0
959.619 0
968.435 0
977.055 0
985.796 0
994.488 0
1003.182 0
1011.752 0
1020.459 0
