# 0.470
17.972 0
26.754 0
35.299 0
43.967 0
52.857 0
61.572 0
70.173 0
78.815 0
87.594 0
96.258 0
104.950 0
113.572 0
122.395 0
131.165 0
139.694 0
148.489 0
157.072 0
165.837 0
174.587 0
183.310 0
191.915 0
200.657 0
209.341 0
218.023 0
226.697 0
235.269 0
244.109 0
252.725 0
261.563 0
270.231 0
278.953 0
287.564 0
296.442 0
305.031 0
313.701 0
322.262 0
331.100 0
348.590 0
357.286 0
366.139 0
374.790 0
383.650 0
392.186 0
401.030 0
409.673 0
418.424 0
427.217 0
435.999 0
444.630 0
453.442 0
462.142 0
470.942 0
479.716 0
488.451 0
497.109 0
505.881 0
514.600 0
523.522 0
532.195 0
540.933 0
549.743 0
558.339 0
567.227 0
575.837 0
584.810 0
593.545 0
602.279 0
610.960 0
619.718 0
628.519 0
637.246 0
646.109 0
655.101 0
663.674 0
672.442 0
690.194 0
698.932 0
707.742 0
716.593 0
725.490 0
734.163 0
743.011 0
751.884 0
760.755 0
769.577 0
778.313 0
787.098 0
795.953 0
804.779 0
813.594 0
822.405 0
831.382 0
840.165 0
848.917 0
857.729 0
866.643 0
875.600 0
884.386 0
893.313 0
902.144 0
911.015 0
919.903 0
928.691 0
937.630 0
946.452 0
955.366 0
964.343 0
973.197 0
982.113 0
990.884 0
999.958 0
1008.810 0
