# 0.470
15.545 0
24.157 0
32.650 0
41.488 0
50.107 0
58.928 0
67.598 0
76.333 0
84.998 0
93.653 0
102.281 0
111.055 0
119.729 0
128.545 0
137.163 0
145.980 0
154.535 0
163.097 0
171.824 0
180.646 0
189.379 0
198.068 0
206.707 0
215.443 0
223.935 0
232.703 0
241.484 0
250.166 0
258.897 0
267.581 0
276.242 0
284.981 0
293.605 0
302.376 0
310.934 0
319.635 0
328.377 0
345.803 0
354.530 0
363.165 0
372.003 0
380.671 0
389.275 0
398.062 0
406.812 0
415.516 0
424.235 0
433.006 0
441.712 0
450.462 0
459.260 0
467.919 0
476.657 0
485.385 0
494.087 0
502.779 0
511.489 0
520.356 0
529.073 0
537.741 0
546.549 0
555.299 0
564.029 0
572.737 0
581.512 0
590.196 0
598.918 0
607.703 0
616.379 0
625.136 0
633.871 0
642.490 0
651.445 0
660.265 0
669.036 0
686.586 0
695.281 0
704.008 0
712.916 0
721.781 0
730.441 0
739.193 0
747.895 0
756.940 0
765.614 0
774.353 0
783.245 0
792.144 0
800.928 0
809.756 0
818.531 0
827.232 0
836.190 0
845.034 0
853.770 0
862.699 0
871.526 0
880.301 0
889.215 0
897.880 0
906.810 0
915.679 0
924.432 0
933.334 0
942.215 0
951.001 0
959.915 0
968.720 0
977.695 0
986.422 0
995.352 0
1004.281 0
