# 0.470
20.569 0
29.372 0
37.890 0
46.587 0
55.382 0
63.998 0
72.658 0
81.305 0
89.961 0
98.736 0
107.413 0
116.075 0
124.732 0
133.448 0
142.113 0
150.779 0
159.318 0
168.002 0
176.690 0
185.468 0
194.139 0
202.952 0
211.565 0
220.296 0
228.824 0
237.440 0
246.068 0
254.712 0
263.531 0
272.133 0
280.850 0
289.527 0
298.298 0
307.118 0
315.541 0
324.239 0
332.947 0
350.493 0
359.097 0
367.812 0
376.750 1
385.231 0
393.963 0
402.661 0
411.376 0
420.253 0
428.852 0
437.633 0
446.305 0
455.072 0
463.721 0
472.351 0
481.000 1
489.869 0
498.466 0
507.250 0
516.024 0
524.745 0
533.437 0
542.172 0
550.809 0
559.626 0
568.221 0
577.098 0
585.710 0
594.631 0
603.317 0
612.006 0
620.886 0
629.508 0
638.383 0
647.015 0
655.991 0
664.785 0
673.368 0
690.990 0
699.803 0
708.645 0
717.446 0
726.175 0
735.029 0
743.711 0
752.461 0
761.627 0
770.249 0
778.830 0
787.727 0
796.200 0
805.486 0
814.266 0
822.973 0
831.811 0
840.674 0
849.344 0
857.981 0
867.207 0
875.742 0
884.582 0
893.634 0
902.461 0
911.167 0
920.196 0
929.035 0
938.015 0
946.655 0
955.499 0
964.679 0
973.391 0
982.247 0
991.113 0
1000.097 0
1008.681 0
