# 0.470
19.458 0
28.279 0
37.031 0
45.656 0
54.485 0
63.053 0
71.828 0
80.422 0
89.197 0
97.798 0
106.538 0
115.309 0
124.037 0
132.718 0
141.544 0
150.065 0
158.748 0
167.413 0
176.200 0
184.932 0
193.608 0
202.430 0
211.048 0
219.661 0
228.223 0
237.006 0
245.640 0
254.407 0
263.094 0
271.920 0
280.615 0
289.291 0
298.083 0
306.797 0
315.416 0
324.108 0
333.081 0
350.330 0
359.100 0
367.835 0
376.609 0
385.409 0
394.102 0
402.798 0
411.546 0
420.351 0
429.004 0
437.869 0
446.598 0
455.306 0
464.084 0
472.878 0
481.559 0
490.250 0
499.115 0
507.767 0
516.513 0
525.269 0
533.947 0
542.729 0
551.538 0
560.312 0
569.084 0
577.650 0
586.606 0
595.380 0
604.131 0
612.900 0
621.510 0
630.449 0
639.253 0
647.988 0
656.940 0
665.687 0
674.490 0
692.090 0
700.852 0
709.655 0
718.525 0
727.416 0
736.162 0
744.957 0
753.784 0
762.703 0
771.449 0
780.253 0
789.111 0
797.886 0
806.830 0
815.571 0
824.482 0
833.158 0
841.981 0
850.910 0
859.670 0
868.630 0
877.453 0
886.369 0
895.291 0
904.045 0
912.893 0
921.851 0
930.757 0
939.699 0
948.589 0
957.346 0
966.383 0
975.174 0
984.171 0
993.033 0
1001.952 0
1010.803 0
