# 0.470
20.857 0
29.679 0
38.734 0
47.538 0
56.485 0
65.490 0
74.439 0
83.367 0
92.251 0
101.351 0
110.177 0
119.068 0
127.991 0
136.562 0
145.723 0
154.479 0
163.178 0
172.090 0
181.168 0
189.855 0
198.776 0
207.729 0
216.429 0
225.199 0
234.306 0
243.010 0
251.911 0
260.788 0
269.475 0
278.398 0
287.275 0
296.074 0
304.863 0
313.628 0
322.427 0
331.338 0
340.134 0
357.719 0
366.592 0
375.227 0
384.207 0
392.857 0
401.655 0
410.444 0
419.190 0
428.242 0
436.872 0
445.779 0
454.554 0
463.343 0
471.993 0
480.793 0
489.568 0
498.249 0
507.082 0
515.863 0
524.671 0
533.430 0
542.178 0
551.017 0
559.604 0
568.586 0
577.246 0
586.033 0
594.738 0
603.433 0
612.341 0
621.138 0
629.625 0
638.361 0
647.283 0
655.997 0
664.716 0
673.436 0
682.127 0
699.714 0
708.194 0
717.008 0
725.631 0
734.413 0
743.101 0
751.833 0
760.524 0
769.267 0
778.065 0
786.769 0
795.527 0
804.234 0
812.819 0
821.481 0
830.294 0
838.967 0
847.614 0
856.426 0
865.071 0
873.720 0
882.494 0
891.147 0
899.932 0
908.550 0
917.193 0
926.018 0
934.706 0
943.166 0
951.940 0
960.693 0
969.426 0
978.127 0
986.822 0
995.471 0
1004.068 0
1012.829 0
