# 0.470
29.986 0
38.712 0
47.572 0
56.418 0
65.514 0
74.213 0
83.140 0
91.944 0
100.802 0
109.785 0
118.524 0
127.604 0
136.375 0
145.123 0
154.072 0
162.695 0
171.622 0
180.261 0
189.217 0
197.974 0
206.936 0
215.671 0
224.452 0
233.300 0
242.101 0
250.920 0
259.677 0
268.494 0
277.348 0
286.201 0
295.078 0
303.718 0
312.665 0
321.187 0
330.198 0
338.915 0
347.674 0
365.164 0
374.016 0
382.724 0
391.513 0
400.288 0
409.023 0
417.905 0
426.527 0
435.296 0
444.023 0
452.779 0
461.422 0
470.176 0
478.839 0
487.680 0
496.376 0
505.017 0
513.805 0
522.569 0
531.285 0
539.933 0
548.633 0
557.411 0
566.173 0
574.880 0
583.434 0
592.287 0
601.167 0
609.778 0
618.602 0
627.225 0
636.091 0
644.698 0
653.453 0
662.011 0
670.703 0
679.505 0
688.115 0
705.628 0
714.296 0
723.013 0
731.514 0
740.247 0
748.950 0
757.645 0
766.271 0
775.030 0
783.646 0
792.417 0
801.100 0
809.833 0
818.374 0
827.049 0
835.798 0
844.471 0
853.055 0
861.806 0
870.562 0
879.135 0
887.738 0
896.426 0
905.269 0
913.902 0
922.642 0
931.288 0
940.030 0
948.581 0
957.363 0
965.889 0
974.677 0
983.463 0
992.042 0
1000.764 0
1009.336 0
1018.062 0
