# 0.470
19.614 0
28.489 0
37.065 0
45.726 0
54.590 0
63.222 0
71.883 0
80.705 0
89.363 0
98.012 0
106.743 0
115.447 0
124.265 0
132.981 0
141.574 0
150.338 0
158.830 0
167.599 0
176.398 0
185.112 0
193.860 0
202.686 0
211.342 0
220.075 0
228.696 0
237.391 0
246.236 0
255.022 0
263.618 0
272.432 0
281.195 0
289.761 0
298.653 0
307.269 0
315.861 0
324.631 0
333.289 0
350.874 0
359.559 0
368.347 0
377.091 0
385.779 0
394.664 0
403.415 0
412.184 0
420.803 0
429.708 0
438.418 0
447.065 0
455.886 0
464.496 0
473.431 0
482.193 0
491.008 0
499.591 0
508.439 0
517.161 0
525.984 0
534.793 0
543.446 0
552.403 0
560.933 0
569.835 0
578.570 0
587.458 0
596.180 0
604.933 0
613.633 0
622.442 0
631.178 0
639.737 0
648.793 0
657.629 0
666.481 0
675.187 0
692.700 0
701.498 0
710.412 0
719.226 0
728.177 0
736.911 0
745.785 0
754.540 0
763.400 0
772.255 0
781.016 0
789.895 0
798.638 0
807.614 0
816.480 0
825.280 0
834.204 0
843.165 0
851.955 0
860.765 0
869.699 0
878.590 0
887.415 0
896.261 0
905.142 0
914.024 0
922.918 0
931.704 0
940.753 0
949.466 0
958.266 0
967.267 0
976.130 0
985.112 0
993.971 0
1002.911 0
1011.831 0
