# 0.470
23.053 0
31.740 0
40.469 0
49.155 0
57.911 0
66.535 0
75.304 0
83.987 0
92.676 0
101.352 0
110.056 0
118.803 0
127.400 0
136.224 0
144.825 0
153.676 0
162.210 0
170.975 0
179.614 0
188.369 0
197.140 0
205.822 0
214.443 0
223.150 0
231.813 0
240.478 0
249.154 0
257.869 0
266.678 0
275.337 0
284.116 0
292.850 0
301.381 0
310.163 0
318.691 0
327.452 0
336.210 0
353.695 0
362.334 0
371.037 0
379.623 0
388.280 0
397.290 0
406.013 0
414.736 0
423.480 0
432.169 0
440.957 0
449.687 0
458.396 0
467.086 0
475.847 0
484.634 0
493.486 0
502.128 0
510.834 0
519.631 0
528.305 0
537.183 0
545.769 0
554.517 0
563.350 0
572.133 0
580.766 0
589.527 0
598.381 0
606.954 0
615.756 0
624.609 0
633.242 0
642.037 0
650.741 0
659.665 0
668.441 0
677.245 0
694.768 0
703.529 0
712.370 0
721.384 0
730.060 0
738.723 0
747.597 0
756.381 0
765.399 0
774.112 0
782.877 0
791.767 0
800.529 0
809.473 0
818.208 0
827.176 0
835.894 0
844.901 0
853.635 0
862.390 0
871.334 0
880.224 0
888.957 0
897.850 0
906.834 0
915.512 0
924.466 0
933.164 0
942.174 0
950.954 0
959.697 0
968.829 0
977.465 0
986.491 0
995.403 0
1004.299 0
1013.137 0
