# 0.470
25.826 0
34.799 0
43.799 0
52.655 0
61.540 0
70.453 0
79.413 0
88.173 0
97.035 0
105.990 0
114.798 0
123.677 0
132.505 0
141.475 0
150.219 0
159.163 0
167.980 0
176.845 0
185.607 0
194.529 0
203.293 0
212.168 0
220.967 0
229.876 0
238.711 0
247.368 0
256.399 0
265.102 0
273.918 0
282.686 0
291.711 0
300.589 0
309.249 0
318.006 0
327.096 0
335.882 0
344.648 0
362.300 0
371.053 0
379.672 0
388.612 0
397.368 0
406.209 0
414.993 0
423.711 0
432.402 0
441.189 0
449.961 0
458.721 0
467.532 0
476.254 0
484.988 0
493.676 0
502.467 0
511.329 0
520.042 0
528.646 0
537.541 0
546.378 0
554.882 0
563.634 0
572.499 0
581.202 0
590.040 0
598.639 0
607.441 0
616.251 0
624.966 0
633.707 0
642.392 0
651.170 0
659.911 0
668.765 0
677.352 0
686.088 0
703.619 0
712.378 0
721.012 0
729.627 0
738.375 0
747.228 0
755.829 0
764.553 0
773.144 0
781.992 0
790.562 0
799.221 0
807.951 0
816.597 0
825.386 0
834.065 0
842.765 0
851.533 0
860.195 0
869.043 0
877.654 0
886.184 0
894.942 0
903.685 0
912.491 0
921.269 0
929.927 0
938.584 0
947.321 0
956.024 0
964.706 0
973.346 0
982.128 0
990.910 0
999.577 0
1008.215 0
1016.925 0
