# 0.470
21.351 0
30.032 0
38.604 0
47.407 0
56.075 0
64.735 0
73.475 0
82.297 0
90.963 0
99.474 0
108.261 0
116.939 0
125.611 0
134.390 0
142.995 0
151.811 0
160.398 0
169.126 0
177.823 0
186.573 0
195.255 0
203.850 0
212.462 0
221.296 0
229.836 0
238.565 0
247.168 0
255.942 0
264.686 0
273.415 0
282.148 0
290.830 0
299.532 0
308.291 0
316.911 0
325.660 0
334.394 0
351.870 0
360.606 0
369.266 0
377.997 0
386.778 0
395.498 0
404.124 0
412.887 0
421.630 0
430.377 0
439.119 0
447.813 0
456.665 0
465.257 0
473.974 0
482.777 0
491.483 0
500.283 0
509.019 0
517.628 0
526.465 0
535.117 0
543.956 0
552.656 0
561.355 0
570.089 0
578.895 0
587.678 0
596.394 0
605.234 0
613.935 0
622.727 0
631.537 0
640.340 0
649.051 0
657.879 0
666.681 0
675.451 0
693.078 0
701.842 0
710.663 0
719.563 0
728.348 0
737.150 0
745.903 0
754.663 0
763.559 0
772.383 0
781.129 0
789.898 0
798.811 0
807.732 0
816.520 0
825.166 0
833.932 0
842.861 0
851.711 0
860.481 0
869.503 0
878.264 0
887.120 0
896.194 0
904.892 0
913.716 0
922.724 0
931.500 0
940.444 0
949.210 0
958.220 0
967.090 0
975.987 0
984.820 0
993.802 0
1002.714 0
1011.606 0
