# 0.470
28.319 0
37.073 0
46.068 0
54.929 0
63.819 0
72.739 0
81.815 0
90.526 0
99.257 0
108.336 0
117.064 0
125.969 0
134.801 0
143.645 0
152.537 0
161.342 0
170.269 0
179.015 0
187.845 0
196.861 0
205.587 0
214.507 0
223.389 0
232.161 0
240.998 0
249.778 0
258.591 0
267.463 0
276.292 0
285.100 0
293.911 0
302.746 0
311.354 0
320.400 0
329.313 0
338.075 0
346.825 0
364.405 0
373.145 0
381.997 0
390.791 0
399.572 0
408.313 0
417.081 0
425.810 0
434.725 0
443.327 0
452.115 0
460.821 0
469.551 0
478.309 0
487.083 0
495.879 0
504.442 0
513.311 0
522.110 0
530.788 0
539.630 0
548.229 0
557.031 0
565.696 0
574.571 0
583.245 0
591.997 0
600.639 0
609.441 0
618.092 0
627.010 0
635.623 0
644.424 0
653.139 0
661.804 0
670.664 0
679.268 0
688.073 0
705.553 0
714.267 0
722.953 0
731.618 0
740.330 0
748.950 0
757.667 0
766.386 0
775.162 0
783.782 0
792.646 0
801.290 0
809.970 0
818.667 0
827.301 0
835.978 0
844.696 0
853.472 0
862.159 0
870.730 0
879.602 0
888.181 0
896.837 0
905.416 0
914.174 0
922.958 0
931.833 0
940.480 0
949.033 0
957.810 0
966.446 0
975.139 0
983.881 0
992.613 0
1001.355 0
1009.959 0
1018.713 0
