# 0.470
25.635 0
34.357 0
43.135 0
51.797 0
60.445 0
69.143 0
77.989 0
86.634 0
95.373 0
103.983 0
112.680 0
121.394 0
130.143 0
138.861 0
147.572 0
156.358 0
164.974 0
173.599 0
182.337 0
191.069 0
199.829 0
208.534 0
217.261 0
226.115 0
234.579 0
243.270 0
251.953 0
260.734 0
269.447 0
278.180 0
286.880 0
295.613 0
304.313 0
313.117 0
321.846 0
330.414 0
339.178 0
356.626 0
365.367 0
374.246 0
382.911 0
391.684 0
400.573 0
408.949 0
417.905 0
426.570 0
435.325 0
444.091 0
452.820 0
461.589 0
470.238 0
479.019 0
487.787 0
496.428 0
505.131 0
514.004 0
522.821 0
531.522 0
540.508 0
548.973 0
557.889 0
566.465 0
575.478 0
583.938 0
592.844 0
601.788 0
610.568 0
619.131 0
627.965 0
636.525 0
645.532 0
654.133 0
663.189 0
671.742 0
680.374 0
698.404 0
707.099 0
715.940 0
724.636 0
733.648 0
742.391 0
751.100 0
760.158 0
768.873 0
777.781 0
786.313 0
795.375 0
804.245 0
812.807 0
822.016 0
830.551 0
839.640 0
848.265 0
857.156 0
865.585 0
874.653 0
883.515 0
892.639 0
901.724 0
910.035 0
918.903 0
928.328 0
936.639 0
946.151 0
954.588 0
963.641 0
972.646 0
981.284 0
990.719 0
999.685 0
1008.703 0
1017.397 0
