# 0.470
23.630 0
32.258 0
41.271 0
50.093 0
58.820 0
67.783 0
76.799 0
85.404 0
94.318 0
103.340 0
112.152 0
121.048 0
129.976 0
138.671 0
147.569 0
156.377 0
165.308 0
174.206 0
183.007 0
191.710 0
200.680 0
209.668 0
218.335 0
227.207 0
236.015 0
244.888 0
253.632 0
262.430 0
271.320 0
280.293 0
289.008 0
297.898 0
306.600 0
315.525 0
324.313 0
333.018 0
341.756 0
359.378 0
368.194 0
376.918 0
385.844 0
394.588 0
403.328 0
412.158 0
420.844 0
429.609 0
438.344 0
447.099 0
455.890 0
464.579 0
473.353 0
482.148 0
490.903 0
499.539 0
508.268 0
517.007 0
525.691 0
534.588 0
543.217 0
551.954 0
560.685 0
569.441 0
578.284 0
586.983 0
595.860 0
604.514 0
613.157 0
621.919 0
630.817 0
639.433 0
648.144 0
656.771 0
665.611 0
674.211 0
682.986 0
700.417 0
709.015 0
717.880 0
726.464 0
735.149 0
743.853 0
752.594 0
761.264 0
769.831 0
778.727 0
787.352 0
796.016 0
804.855 0
813.380 0
822.166 0
830.772 0
839.597 0
848.186 0
856.944 0
865.623 0
874.350 0
882.983 0
891.561 0
900.457 0
909.253 0
917.809 0
926.607 0
935.299 0
943.827 0
952.498 0
961.254 0
969.820 0
978.695 0
987.429 0
996.047 0
1004.709 0
1013.382 0
