# 0.470
31.575 0
40.367 0
49.406 0
58.252 0
67.171 0
76.125 0
85.026 0
93.767 0
102.683 0
111.582 0
120.455 0
129.330 0
138.173 0
147.080 0
156.134 0
164.800 0
173.621 0
182.728 0
191.511 0
200.176 0
209.252 0
217.991 0
226.802 0
235.568 0
244.432 0
253.201 0
262.192 0
270.874 0
279.710 0
288.658 0
297.552 0
306.381 0
315.203 0
323.887 0
332.858 0
341.747 0
350.372 0
359.242 0
376.767 0
385.598 0
394.496 0
403.353 0
412.090 0
420.854 0
429.655 0
438.279 0
447.131 0
455.884 0
464.634 0
473.401 0
482.152 0
490.900 0
499.701 0
508.399 0
517.141 0
525.890 0
534.623 0
543.400 0
552.088 0
560.921 0
569.603 0
578.322 0
587.095 0
595.852 0
604.752 0
613.458 0
622.159 0
630.949 0
639.689 0
648.402 0
657.083 0
665.936 0
674.630 0
683.349 0
692.032 0
709.632 0
718.398 0
727.029 0
735.643 0
744.285 0
753.062 0
761.620 0
770.485 0
779.231 0
787.948 0
796.663 0
805.334 0
814.061 0
822.686 0
831.405 0
840.031 0
848.768 0
857.445 0
866.200 0
874.896 0
883.635 0
892.319 0
901.088 0
909.819 0
918.577 0
927.312 0
936.023 0
944.668 0
953.386 0
962.028 0
970.709 0
979.597 0
988.010 0
996.917 0
1005.621 0
1014.287 0
1023.000 0
