# 0.470
15.964 0
24.775 0
33.367 0
42.047 0
50.722 0
59.477 0
68.193 0
76.976 0
85.527 0
94.192 0
102.875 0
111.808 0
120.344 0
129.136 0
137.635 0
146.446 0
154.980 0
163.791 0
172.357 0
181.155 0
189.862 0
198.587 0
207.217 0
215.927 0
224.564 0
233.255 0
241.891 0
250.573 0
259.246 0
268.140 0
276.717 0
285.415 0
294.154 0
302.903 0
311.409 0
320.245 0
328.932 0
346.486 0
355.144 0
363.808 0
372.568 0
381.225 0
390.088 0
398.758 0
407.508 0
416.214 0
424.936 0
433.658 0
442.448 0
451.086 0
459.800 0
468.639 0
477.329 0
485.979 0
494.870 0
503.638 0
512.178 0
521.029 0
529.712 0
538.516 0
547.142 0
555.903 0
564.567 0
573.429 0
582.101 0
590.978 0
599.644 0
608.333 0
617.120 0
625.649 0
634.713 0
643.520 0
652.239 0
660.913 0
669.606 0
687.620 0
696.068 0
705.030 0
713.804 0
722.560 0
731.592 0
740.387 0
749.154 0
757.918 0
766.904 0
775.447 0
784.476 0
793.171 0
802.146 0
810.913 0
819.631 0
828.521 0
837.440 0
846.200 0
855.048 0
863.681 0
872.257 0
881.489 0
890.535 0
899.275 0
908.034 0
917.109 0
925.804 0
934.893 0
943.666 0
952.582 0
961.591 0
970.272 0
979.304 0
988.215 0
997.135 0
1005.906 0
