# 0.470
19.045 0
27.812 0
36.765 0
45.599 0
54.518 0
63.358 0
72.275 0
81.195 0
89.972 0
98.936 0
107.841 0
116.868 0
125.618 0
134.539 0
143.377 0
152.351 0
161.098 0
169.908 0
178.860 0
187.676 0
196.554 0
205.499 0
214.272 0
223.130 0
232.127 0
240.721 0
249.490 0
258.297 0
267.116 0
276.021 0
284.902 0
293.627 0
302.476 0
311.156 0
320.261 0
328.890 0
337.683 0
355.230 0
363.980 0
372.696 0
381.654 0
390.330 0
399.169 0
407.950 0
416.723 0
425.401 0
434.195 0
442.940 0
451.707 0
460.473 0
469.212 0
477.847 0
486.633 0
495.364 0
504.212 0
512.967 0
521.653 0
530.397 0
539.068 0
547.712 0
556.492 0
565.249 0
574.062 0
582.796 0
591.570 0
600.249 0
608.961 0
617.684 0
626.464 0
635.397 0
643.893 0
652.686 0
661.368 0
670.040 0
678.692 0
696.311 0
704.853 0
713.525 0
722.050 0
731.032 0
739.626 0
748.407 0
757.091 0
765.765 0
774.495 0
783.294 0
791.855 0
800.585 0
809.299 0
817.982 0
826.598 0
835.361 0
844.079 0
852.805 0
861.479 0
870.209 0
878.830 0
887.590 0
896.311 0
904.952 0
913.685 0
922.434 0
931.116 0
939.764 0
948.463 0
957.155 0
965.860 0
974.522 0
983.350 0
992.135 0
1000.532 0
1009.328 0
