# 0.470
11.973 0
20.654 0
29.311 0
38.026 0
46.699 0
55.495 0
64.204 0
72.996 0
81.569 0
90.132 0
98.858 0
107.547 0
116.345 0
125.074 0
133.727 0
142.525 0
151.093 0
159.834 0
168.559 0
177.257 0
185.902 0
194.558 0
203.293 0
212.074 0
220.715 0
229.543 0
238.105 0
246.703 0
255.418 0
264.153 0
272.913 0
281.559 0
290.313 0
299.114 0
307.566 0
316.298 0
325.088 0
342.571 0
351.275 0
360.042 0
368.682 0
377.562 0
386.171 0
394.971 0
403.640 0
412.507 0
421.183 0
429.875 0
438.657 0
447.475 0
456.131 0
464.893 0
473.559 0
482.447 0
491.086 0
499.873 0
508.809 0
517.280 0
526.040 0
534.817 0
543.581 0
552.276 0
561.036 0
569.813 0
578.559 0
587.288 0
596.043 0
604.900 0
613.606 0
622.355 0
631.105 0
639.851 0
648.804 0
657.601 0
666.410 0
683.919 0
692.696 0
701.546 0
710.442 0
719.223 0
727.988 0
736.926 0
745.511 0
754.537 0
763.349 0
772.131 0
780.934 0
789.742 0
798.570 0
807.394 0
816.145 0
825.012 0
833.966 0
842.682 0
851.568 0
860.421 0
869.264 0
878.077 0
887.062 0
895.925 0
904.729 0
913.695 0
922.478 0
931.422 0
940.261 0
949.061 0
958.052 0
966.949 0
975.909 0
984.708 0
993.768 0
1000.500 1
