# 0.470
26.128 0
35.259 0
44.201 0
53.008 0
62.029 0
70.550 0
79.687 0
88.647 0
97.304 0
106.317 0
115.275 0
124.079 0
132.699 0
141.718 0
150.678 0
159.404 0
168.248 0
177.173 0
186.055 0
194.749 0
203.434 0
212.537 0
221.357 0
229.971 0
238.879 0
247.709 0
256.525 0
265.199 0
274.321 0
282.985 0
291.733 0
300.786 0
309.450 0
318.186 0
327.153 0
335.780 0
344.617 0
362.057 0
370.802 0
379.820 0
388.535 0
397.209 0
405.891 0
414.775 0
423.537 0
432.157 0
440.891 0
449.489 0
458.522 0
467.214 0
476.001 0
484.779 0
493.392 0
502.183 0
510.939 0
519.559 0
528.415 0
536.939 0
545.817 0
554.631 0
563.202 0
572.005 0
580.782 0
589.397 0
598.275 0
607.036 0
615.629 0
624.253 0
633.187 0
641.777 0
650.557 0
659.368 0
667.982 0
676.917 0
685.545 0
703.010 0
711.643 0
720.260 0
728.914 0
737.631 0
746.299 0
755.020 0
763.598 0
772.443 0
781.251 0
789.939 0
798.658 0
807.404 0
815.933 0
824.571 0
833.323 0
841.976 0
850.683 0
859.543 0
868.171 0
876.755 0
885.506 0
894.091 0
902.787 0
911.454 0
920.174 0
928.982 0
937.556 0
946.165 0
954.802 0
963.449 0
972.262 0
981.025 0
989.611 0
998.417 0
1007.025 0
1015.588 0
