# 0.470
18.170 0
26.923 0
35.581 0
44.236 0
52.927 0
61.597 0
70.343 0
79.004 0
87.648 0
96.284 0
105.047 0
113.726 0
122.442 0
131.138 0
139.827 0
148.495 0
157.034 0
165.783 0
174.559 0
183.257 0
191.909 0
200.545 0
209.347 0
217.990 0
226.641 0
235.407 0
243.994 0
252.636 0
261.432 0
270.218 0
278.873 0
287.455 0
296.160 0
304.916 0
313.508 0
322.223 0
330.980 0
348.482 0
357.223 0
365.970 0
374.584 0
383.294 0
392.128 0
400.825 0
409.454 0
418.249 0
426.916 0
435.651 0
444.432 0
453.117 0
461.987 0
470.619 0
479.290 0
487.988 0
496.769 0
505.440 0
514.298 0
522.868 0
531.748 0
540.563 0
549.208 0
557.851 0
566.998 0
575.389 0
584.114 0
592.940 0
601.593 0
610.487 0
619.468 0
627.987 0
636.614 0
645.605 0
654.253 0
662.970 0
671.917 0
689.393 0
698.222 0
707.046 0
715.975 0
724.805 0
733.514 0
742.250 0
751.028 0
760.052 0
768.549 0
777.542 0
786.440 0
795.126 0
804.089 0
812.680 0
821.584 0
830.295 0
839.282 0
848.206 0
856.778 0
865.780 0
874.681 0
883.464 0
892.307 0
901.220 0
910.041 0
919.019 0
927.921 0
936.758 0
945.558 0
954.479 0
963.452 0
972.333 0
981.096 0
990.057 0
998.955 0
1007.917 0
