# 0.470
7.102 0
15.825 0
24.836 0
33.237 0
42.111 0
50.778 0
59.274 0
68.204 0
76.832 0
85.221 0
94.411 0
102.840 0
111.610 0
120.530 0
129.185 0
138.168 0
146.694 0
155.120 0
164.014 0
172.554 0
181.326 0
190.191 0
198.855 0
207.527 0
216.293 0
224.570 0
233.561 0
242.094 0
250.833 0
259.641 0
268.312 0
277.129 0
285.819 0
294.381 0
303.310 0
311.957 0
320.640 0
329.337 0
338.094 0
346.808 0
355.617 0
364.229 0
373.047 0
381.562 0
390.356 0
399.391 0
407.755 0
416.753 0
425.634 0
434.323 0
443.080 0
451.776 0
460.606 0
469.022 0
478.309 0
486.854 0
495.537 0
504.084 0
513.101 0
521.559 0
530.362 0
539.130 0
547.948 0
565.461 0
582.670 0
591.625 0
600.600 0
609.470 0
617.740 0
626.811 0
635.618 0
644.263 0
653.172 0
662.011 0
670.745 0
679.454 0
688.400 0
696.975 0
705.801 0
714.639 0
723.722 0
732.313 0
741.193 0
749.995 0
758.681 0
767.497 0
776.332 0
785.239 0
794.111 0
802.847 0
811.607 0
820.351 0
829.075 0
837.932 0
846.892 0
855.802 0
864.497 0
873.240 0
882.129 0
891.226 0
899.880 0
908.515 0
917.576 0
926.484 0
935.404 0
944.144 0
953.109 0
961.948 0
970.884 0
979.831 0
988.608 0
997.412 0
