# 0.470
32.542 0
41.619 0
50.359 0
59.231 0
68.041 0
77.069 0
85.713 0
94.721 0
103.355 0
112.411 0
121.261 0
130.050 0
138.634 0
147.708 0
156.585 0
165.436 0
174.189 0
182.933 0
191.867 0
200.667 0
209.481 0
218.025 0
226.891 0
235.882 0
244.561 0
253.266 0
261.950 0
270.592 0
279.737 0
288.335 0
297.500 0
305.821 0
314.994 0
323.912 0
341.268 0
358.868 0
367.657 0
376.359 0
385.232 0
394.026 0
402.936 0
411.416 0
420.393 0
429.216 0
438.052 0
446.743 0
455.252 0
463.683 0
472.703 0
481.509 0
490.321 0
499.095 0
507.748 0
516.296 0
525.000 1
533.719 0
542.850 0
551.449 0
560.224 0
568.614 0
577.538 0
586.291 0
594.928 0
603.349 0
612.566 0
621.270 0
630.124 0
638.773 0
647.502 0
656.230 0
665.021 0
673.839 0
682.636 0
691.152 0
699.993 0
708.561 0
717.266 0
725.849 0
734.635 0
743.423 0
752.076 0
760.723 0
769.423 0
778.261 0
786.872 0
795.646 0
804.547 0
812.799 0
821.553 0
830.400 0
838.925 0
847.806 0
856.699 0
865.064 0
873.830 0
882.345 0
891.394 0
900.013 0
908.579 0
917.745 0
926.133 0
935.109 0
943.585 0
952.372 0
960.905 0
969.501 0
978.623 0
986.932 0
996.102 0
1004.518 0
1013.139 0
1021.807 0
