# 0.470
29.809 0
38.858 0
47.765 0
56.470 0
65.554 0
74.614 0
83.293 0
92.207 0
101.187 0
110.050 0
118.901 0
127.762 0
136.606 0
145.598 0
154.557 0
163.315 0
172.263 0
181.044 0
189.852 0
198.730 0
207.556 0
216.565 0
225.168 0
234.049 0
242.846 0
251.704 0
260.504 0
269.402 0
278.106 0
286.925 0
295.780 0
304.478 0
313.382 0
322.141 0
339.621 0
357.332 0
366.164 0
374.933 0
383.844 0
392.519 0
401.441 0
410.150 0
418.911 0
427.655 0
436.383 0
445.212 0
453.971 0
462.690 0
471.432 0
480.269 0
488.978 0
497.664 0
506.457 0
515.141 0
524.007 0
532.605 0
541.512 0
550.161 0
558.839 0
567.708 0
576.433 0
585.140 0
593.862 0
602.643 0
611.337 0
620.039 0
628.811 0
637.525 0
646.249 0
654.957 0
663.702 0
673.000 1
681.271 0
690.019 0
698.766 0
707.380 0
716.074 0
724.768 0
733.483 0
742.192 0
750.948 0
759.646 0
768.299 0
777.107 0
785.741 0
794.454 0
803.061 0
811.716 0
820.479 0
829.187 0
837.849 0
846.554 0
855.239 0
864.142 0
872.717 0
881.249 0
889.918 0
898.568 0
907.351 0
916.047 0
924.801 0
933.491 0
942.036 0
950.721 0
959.436 0
968.104 0
976.885 0
985.568 0
994.384 0
1002.956 0
1011.596 0
1020.293 0
