# 0.470
23.399 0
32.243 0
41.243 0
50.131 0
59.030 0
67.916 0
76.818 0
85.695 0
94.493 0
103.410 0
112.313 0
121.211 0
129.949 0
138.825 0
147.838 0
156.506 0
165.321 0
174.373 0
183.182 0
191.813 0
200.873 0
209.581 0
218.616 0
227.389 0
236.220 0
244.883 0
253.855 0
262.546 0
271.441 0
280.280 0
289.201 0
297.874 0
306.861 0
315.493 0
324.314 0
333.174 0
342.006 0
359.421 0
368.297 0
377.008 0
385.870 0
394.738 0
403.409 0
412.280 0
420.971 0
429.649 0
438.631 0
447.362 0
455.989 0
464.677 0
473.573 0
482.238 0
490.960 0
499.805 0
508.568 0
517.252 0
526.061 0
534.759 0
543.414 0
552.232 0
561.003 0
569.723 0
578.394 0
587.229 0
595.873 0
604.624 0
613.369 0
622.237 0
630.877 0
639.602 0
648.394 0
657.054 0
665.782 0
674.475 0
683.184 0
700.712 0
709.486 0
718.089 0
726.763 0
735.431 0
744.107 0
752.815 0
761.561 0
770.277 0
778.966 0
787.745 0
796.467 0
805.138 0
813.737 0
822.463 0
831.173 0
839.918 0
848.553 0
857.336 0
866.020 0
874.750 0
883.429 0
892.088 0
900.698 0
909.409 0
918.213 0
926.841 0
935.559 0
944.119 0
952.815 0
961.565 0
970.285 0
978.845 0
987.664 0
996.365 0
1004.922 0
1013.671 0
