# 0.470
5.842 0
14.397 0
23.183 0
31.649 0
40.398 0
49.239 0
57.796 0
66.596 0
75.129 0
83.915 0
92.546 0
101.041 0
109.894 0
118.633 0
127.252 0
135.900 0
144.647 0
153.367 0
161.932 0
170.732 0
179.343 0
188.060 0
196.695 0
205.427 0
214.269 0
222.785 0
231.406 0
240.136 0
248.947 0
257.475 0
266.307 0
275.138 0
283.886 0
292.368 0
301.423 0
309.808 0
318.497 0
327.180 0
335.985 0
344.748 0
353.318 0
362.019 0
370.890 0
379.572 0
388.308 0
396.992 0
405.672 0
414.555 0
423.155 0
431.983 0
440.540 0
449.449 0
457.983 0
466.804 0
475.544 0
484.225 0
493.038 0
501.664 0
510.422 0
519.112 0
528.045 0
536.662 0
545.387 0
563.050 0
580.482 0
589.198 0
597.870 0
606.727 0
615.375 0
624.109 0
632.895 0
641.779 0
650.673 0
659.409 0
668.195 0
676.972 0
685.656 0
694.503 0
703.286 0
712.099 0
721.012 0
729.614 0
738.449 0
747.161 0
756.174 0
764.790 0
773.514 0
782.486 0
791.310 0
800.056 0
808.896 0
817.724 0
826.543 0
835.484 0
844.276 0
853.152 0
861.934 0
870.687 0
879.526 0
888.616 0
897.295 0
906.111 0
915.078 0
924.082 0
932.908 0
941.662 0
950.567 0
959.583 0
968.400 0
977.293 0
986.195 0
995.178 0
