# 0.470
16.209 0
24.947 0
33.634 0
42.191 0
50.962 0
59.709 0
68.309 0
77.100 0
85.802 0
94.341 0
103.010 0
111.768 0
120.547 0
129.224 0
137.925 0
146.734 0
155.175 0
163.874 0
172.677 0
181.376 0
190.065 0
198.737 0
207.460 0
216.223 0
224.643 0
233.396 0
242.154 0
250.894 0
259.678 0
268.274 0
276.976 0
285.740 0
294.446 0
303.024 0
311.696 0
320.477 0
329.147 0
346.639 0
355.305 0
364.023 0
372.721 0
381.536 0
390.254 0
398.914 0
407.658 0
416.392 0
425.117 0
433.931 0
442.644 0
451.452 0
460.119 0
468.781 0
477.627 0
486.267 0
495.076 0
503.766 0
512.481 0
521.229 0
530.038 0
538.706 0
547.439 0
556.241 0
564.980 0
573.727 0
582.475 0
591.200 0
599.961 0
608.773 0
617.508 0
626.203 0
635.080 0
643.737 0
652.564 0
661.370 0
670.175 0
687.701 0
696.412 0
705.225 0
714.126 0
722.912 0
731.808 0
740.450 0
749.339 0
758.214 0
767.027 0
775.820 0
784.584 0
793.378 0
802.423 0
811.092 0
819.802 0
828.642 0
837.724 0
846.368 0
855.244 0
864.033 0
872.809 0
881.768 0
890.679 0
899.559 0
908.342 0
917.359 0
925.991 0
935.094 0
943.823 0
952.542 0
961.694 0
970.523 0
979.420 0
988.364 0
997.381 0
1006.156 0
