# 0.470
21.274 0
29.910 0
38.519 0
47.232 0
55.937 0
64.704 0
73.423 0
82.199 0
90.819 0
99.453 0
108.114 0
116.899 0
125.613 0
134.321 0
142.962 0
151.670 0
160.317 0
168.977 0
177.834 0
186.439 0
195.205 0
203.919 0
212.668 0
221.456 0
229.925 0
238.621 0
247.299 0
256.083 0
264.804 0
273.423 0
282.252 0
290.989 0
299.645 0
308.473 0
317.131 0
325.757 0
334.494 0
351.985 0
360.712 0
369.469 0
378.135 0
386.927 0
395.602 0
404.430 0
413.112 0
421.886 0
430.666 0
439.272 0
448.048 0
456.770 0
465.531 0
474.369 0
483.036 0
491.815 0
500.547 0
509.349 0
518.084 0
526.814 0
535.502 0
544.267 0
553.092 0
561.812 0
570.641 0
579.256 0
588.137 0
596.972 0
605.661 0
614.460 0
623.179 0
631.919 0
640.809 0
649.448 0
658.444 0
667.167 0
675.972 0
693.562 0
702.282 0
711.114 0
719.959 0
728.762 0
737.587 0
746.442 0
755.314 0
764.142 0
772.937 0
781.689 0
790.484 0
799.343 0
808.300 0
816.990 0
825.810 0
834.613 0
843.623 0
852.428 0
861.250 0
870.234 0
879.013 0
887.783 0
896.835 0
905.696 0
914.483 0
923.565 0
932.251 0
941.212 0
950.123 0
958.948 0
967.844 0
976.780 0
985.679 0
994.567 0
1003.486 0
1012.460 0
