# 0.470
18.465 0
27.211 0
35.799 0
44.523 0
53.202 0
62.052 0
70.672 0
79.424 0
88.120 0
96.712 0
105.404 0
114.176 0
122.933 0
131.567 0
140.234 0
149.009 0
157.671 0
166.301 0
174.999 0
183.693 0
192.506 0
201.203 0
210.000 1
218.580 0
227.220 0
235.916 0
244.754 0
253.378 0
262.066 0
270.913 0
279.492 0
288.235 0
296.948 0
305.751 0
314.337 0
323.102 0
331.790 0
349.265 0
358.029 0
366.741 0
375.444 0
384.279 0
392.978 0
401.685 0
410.425 0
419.214 0
427.969 0
436.665 0
445.324 0
454.064 0
462.889 0
471.637 0
480.359 0
489.100 0
497.887 0
506.696 0
515.365 0
524.063 0
532.928 0
541.544 0
550.311 0
559.140 0
567.863 0
576.786 0
585.281 0
594.238 0
602.938 0
611.672 0
620.629 0
629.206 0
638.005 0
646.884 0
655.669 0
664.397 0
673.196 0
690.939 0
699.598 0
708.367 0
717.362 0
726.066 0
734.957 0
743.735 0
752.440 0
761.487 0
770.292 0
779.048 0
787.957 0
796.756 0
805.530 0
814.400 0
823.151 0
832.183 0
840.909 0
849.786 0
858.651 0
867.684 0
876.323 0
885.159 0
894.132 0
903.007 0
911.803 0
920.826 0
929.638 0
938.683 0
947.496 0
956.499 0
965.364 0
974.287 0
983.113 0
992.073 0
1000.943 0
1009.994 0
