# 0.470
27.676 0
36.534 0
45.508 0
54.291 0
63.387 0
72.137 0
81.096 0
90.022 0
98.726 0
107.744 0
116.518 0
125.621 0
134.379 0
143.493 0
152.162 0
160.959 0
169.796 0
178.754 0
187.635 0
196.456 0
205.360 0
214.152 0
223.227 0
231.661 0
240.671 0
249.472 0
258.277 0
267.117 0
276.036 0
284.986 0
293.576 0
302.689 0
311.272 0
319.978 0
328.906 0
337.682 0
346.568 0
364.018 0
373.073 0
381.677 0
390.459 0
399.250 0
408.004 0
416.678 0
425.492 0
434.283 0
443.012 0
451.874 0
460.487 0
469.334 0
478.114 0
486.884 0
495.686 0
504.399 0
513.054 0
522.062 0
530.510 0
539.475 0
548.116 0
556.934 0
565.502 0
574.283 0
583.090 0
591.939 0
600.497 0
609.333 0
618.141 0
626.699 0
635.478 0
644.280 0
652.950 0
661.756 0
670.391 0
679.171 0
687.868 0
705.296 0
714.107 0
722.761 0
731.399 0
740.202 0
748.860 0
757.624 0
766.259 0
775.019 0
783.750 0
792.411 0
801.220 0
809.963 0
818.519 0
827.178 0
835.916 0
844.644 0
853.417 0
862.151 0
870.847 0
879.506 0
888.028 0
896.807 0
905.500 0
914.203 0
923.038 0
931.771 0
940.293 0
948.915 0
957.731 0
966.413 0
975.100 0
983.818 0
992.477 0
1001.287 0
1009.916 0
1018.501 0
