# 0.470
24.711 0
33.672 0
42.617 0
51.568 0
60.448 0
69.288 0
78.326 0
87.139 0
95.816 0
104.958 0
113.762 0
122.728 0
131.507 0
140.456 0
149.242 0
158.112 0
166.977 0
175.832 0
184.742 0
193.632 0
202.566 0
211.201 0
220.138 0
228.893 0
237.969 0
246.397 0
255.472 0
264.178 0
273.109 0
281.907 0
290.789 0
299.379 0
308.348 0
317.100 0
326.030 0
334.729 0
343.516 0
361.029 0
369.885 0
378.861 0
387.643 0
396.360 0
405.075 0
413.860 0
422.714 0
431.536 0
440.219 0
448.976 0
457.714 0
466.448 0
475.152 0
483.998 0
492.799 0
501.351 0
510.295 0
519.003 0
527.751 0
536.410 0
545.333 0
554.022 0
562.748 0
571.532 0
580.181 0
588.912 0
597.714 0
606.383 0
615.080 0
624.039 0
632.600 0
641.388 0
650.078 0
658.754 0
667.580 0
676.280 0
684.950 0
702.498 0
711.228 0
720.052 0
728.571 0
737.223 0
745.952 0
754.855 0
763.483 0
772.136 0
780.910 0
789.584 0
798.300 0
807.058 0
815.757 0
824.489 0
833.124 0
841.689 0
850.511 0
859.285 0
867.976 0
876.738 0
885.251 0
894.080 0
902.790 0
911.345 0
920.155 0
928.928 0
937.708 0
946.250 0
954.981 0
963.610 0
972.319 0
981.095 0
989.586 0
998.442 0
1007.046 0
1015.634 0
