# 0.470
26.812 0
35.654 0
44.701 0
53.626 0
62.520 0
71.347 0
80.267 0
89.217 0
98.040 0
106.890 0
115.721 0
124.707 0
133.534 0
142.420 0
151.279 0
160.085 0
168.988 0
177.865 0
186.710 0
195.462 0
204.473 0
213.203 0
222.186 0
231.093 0
239.921 0
248.806 0
257.616 0
266.402 0
275.338 0
283.985 0
292.929 0
301.763 0
310.542 0
319.220 0
328.260 0
336.976 0
345.812 0
363.432 0
372.095 0
380.851 0
389.813 0
398.518 0
407.393 0
416.090 0
424.818 0
433.587 0
442.299 0
451.154 0
459.889 0
468.702 0
477.352 0
486.080 0
494.881 0
503.706 0
512.407 0
521.061 0
529.826 0
538.632 0
547.499 0
556.097 0
564.948 0
573.717 0
582.455 0
591.128 0
599.859 0
608.584 0
617.332 0
626.078 0
634.743 0
643.576 0
652.206 0
660.958 0
669.679 0
678.404 0
687.189 0
704.590 0
713.308 0
722.112 0
730.562 0
739.408 0
748.016 0
756.749 0
765.640 0
774.250 0
782.881 0
791.580 0
800.326 0
809.100 0
817.598 0
826.380 0
835.065 0
843.907 0
852.614 0
861.316 0
870.074 0
878.793 0
887.310 0
896.148 0
904.771 0
913.527 0
922.227 0
930.980 0
939.653 0
948.268 0
957.028 0
965.685 0
974.379 0
983.055 0
991.786 0
1000.560 0
1009.160 0
1017.859 0
