# 0.470
11.723 0
20.455 0
29.086 0
37.803 0
46.482 0
55.175 0
64.073 0
72.799 0
81.275 0
90.208 0
98.699 0
107.239 0
116.245 0
124.944 0
133.351 0
142.167 0
150.928 0
159.416 0
168.432 0
177.193 0
185.820 0
194.453 0
203.243 0
211.869 0
220.662 0
229.338 0
237.880 0
246.697 0
255.458 0
264.204 0
272.728 0
281.410 0
290.324 0
299.068 0
307.643 0
316.235 0
324.865 0
333.712 0
342.500 0
351.057 0
359.880 0
368.620 0
377.261 0
385.977 0
394.781 0
403.536 0
412.317 0
420.967 0
429.824 0
438.424 0
447.165 0
455.800 0
464.487 0
473.340 0
482.049 0
490.773 0
499.479 0
508.305 0
516.944 0
525.669 0
534.396 0
543.220 0
552.127 0
569.473 0
587.061 0
595.774 0
604.447 0
613.304 0
621.854 0
630.744 0
639.426 0
648.043 0
657.128 0
665.821 0
674.789 0
683.591 0
692.052 0
700.892 0
709.737 0
718.523 0
727.396 0
736.129 0
744.582 0
753.744 0
762.672 0
771.417 0
780.202 0
788.920 0
797.875 0
806.707 0
815.518 0
824.287 0
833.206 0
841.913 0
850.808 0
859.795 0
868.505 0
877.344 0
886.171 0
895.243 0
903.963 0
912.807 0
921.737 0
930.530 0
939.648 0
948.318 0
957.230 0
966.131 0
974.983 0
983.996 0
992.757 0
1001.770 0
