# 0.470
11.435 0
20.217 0
29.116 0
37.778 0
46.736 0
54.842 0
63.632 0
72.351 0
81.030 0
89.839 0
98.276 0
107.255 0
115.982 0
124.445 0
133.116 0
141.778 0
150.539 0
159.265 0
168.009 0
176.605 0
185.342 0
194.097 0
202.736 0
211.747 0
219.930 0
228.803 0
237.370 0
246.245 0
254.722 0
263.293 0
272.361 0
281.140 0
289.567 0
298.229 0
307.265 0
315.870 0
324.388 0
333.169 0
341.779 0
350.565 0
359.361 0
367.997 0
376.886 0
385.705 0
394.374 0
403.041 0
411.827 0
420.655 0
429.176 0
438.185 0
446.665 0
455.677 0
463.943 0
473.101 0
481.652 0
490.579 0
499.049 0
507.778 0
516.591 0
525.471 0
534.149 0
542.946 0
551.532 0
568.970 0
586.634 0
595.484 0
604.122 0
613.041 0
621.634 0
630.343 0
639.158 0
647.930 0
656.898 0
665.581 0
674.339 0
683.117 0
691.947 0
700.531 0
709.408 0
718.316 0
727.035 0
735.862 0
744.568 0
753.412 0
762.262 0
771.120 0
779.839 0
788.773 0
797.270 0
806.294 0
815.095 0
823.898 0
832.826 0
841.797 0
850.499 0
859.357 0
868.220 0
876.933 0
885.895 0
894.751 0
903.702 0
912.456 0
921.456 0
930.170 0
939.334 0
948.105 0
956.812 0
965.803 0
974.560 0
983.557 0
992.408 0
1001.403 0
