# 0.470
36.485 0
45.735 0
54.288 0
63.278 0
72.082 0
81.101 0
89.922 0
98.849 0
107.715 0
116.470 0
125.407 0
134.471 0
142.967 0
151.870 0
160.825 0
169.594 0
178.628 0
187.490 0
196.100 0
205.367 0
214.198 0
222.925 0
231.681 0
240.693 0
249.262 0
258.174 0
266.894 0
275.602 0
284.462 0
293.309 0
302.170 0
310.887 0
319.813 0
328.479 0
346.129 0
363.696 0
372.476 0
381.034 0
390.220 0
398.858 0
407.746 0
416.437 0
425.119 0
434.219 0
442.843 0
451.713 0
460.181 0
468.833 0
477.671 0
486.379 0
495.133 0
503.838 0
512.582 0
521.238 0
529.886 0
538.736 0
547.827 0
556.305 0
564.979 0
573.881 0
582.783 0
591.209 0
600.061 0
608.587 0
617.319 0
626.692 0
634.795 0
643.956 0
652.415 0
661.330 0
669.779 0
678.790 0
687.248 0
696.014 0
704.631 0
713.529 0
722.384 0
730.939 0
739.675 0
748.298 0
756.813 0
765.533 0
774.509 0
783.211 0
791.805 0
800.538 0
809.097 0
817.579 0
826.674 0
835.106 0
844.271 0
852.778 0
861.124 0
870.147 0
878.653 0
887.711 0
896.024 0
904.640 0
913.322 0
922.089 0
930.768 0
940.047 0
948.036 0
956.983 0
965.305 0
974.381 0
982.966 0
991.386 0
1000.244 0
1008.849 0
1017.557 0
1026.284 0
