# 0.470
20.474 0
29.247 0
37.761 0
46.482 0
55.233 0
64.046 0
72.736 0
81.406 0
90.122 0
98.762 0
107.466 0
116.282 0
124.903 0
133.624 0
142.282 0
151.096 0
159.694 0
168.418 0
177.156 0
185.819 0
194.557 0
203.198 0
211.927 0
220.652 0
229.292 0
237.970 0
246.728 0
255.419 0
264.143 0
272.839 0
281.661 0
290.368 0
299.023 0
307.806 0
316.409 0
325.055 0
333.883 0
351.284 0
360.095 0
368.787 0
377.490 0
386.200 0
395.002 0
403.746 0
412.412 0
421.230 0
429.929 0
438.672 0
447.485 0
456.226 0
464.930 0
473.682 0
482.405 0
491.132 0
499.930 0
508.671 0
517.323 0
526.139 0
534.897 0
543.646 0
552.392 0
561.182 0
569.990 0
578.720 0
587.487 0
596.139 0
604.894 0
613.662 0
622.394 0
631.127 0
639.912 0
648.687 0
657.617 0
666.393 0
675.149 0
692.839 0
701.524 0
710.356 0
719.206 0
728.123 0
736.817 0
745.592 0
754.469 0
763.315 0
772.126 0
780.987 0
789.789 0
798.597 0
807.472 0
816.305 0
825.109 0
833.944 0
842.878 0
851.774 0
861.000 1
869.512 0
878.312 0
887.181 0
896.050 0
904.887 0
913.595 0
922.599 0
931.434 0
940.371 0
949.143 0
958.079 0
967.061 0
975.831 0
984.771 0
993.637 0
1002.664 0
1011.570 0
