# 0.470
16.668 0
25.422 0
34.032 0
42.784 0
51.484 0
60.135 0
68.791 0
77.482 0
86.266 0
94.891 0
103.583 0
112.288 0
120.978 0
129.737 0
138.479 0
147.192 0
155.818 0
164.462 0
173.251 0
181.985 0
190.695 0
199.403 0
208.070 0
216.835 0
225.384 0
234.092 0
242.803 0
251.550 0
260.244 0
268.980 0
277.672 0
286.337 0
295.105 0
303.859 0
312.398 0
321.121 0
329.923 0
347.352 0
355.960 0
364.773 0
373.421 0
382.175 0
390.928 0
399.572 0
408.392 0
417.209 0
425.830 0
434.636 0
443.372 0
452.143 0
460.780 0
469.655 0
478.226 0
487.045 0
495.565 0
504.513 0
513.299 0
522.071 0
530.878 0
539.603 0
548.250 0
556.982 0
565.798 0
574.477 0
583.217 0
592.036 0
600.798 0
609.586 0
618.317 0
626.991 0
635.888 0
644.587 0
653.464 0
662.213 0
671.005 0
688.394 0
697.200 0
706.041 0
714.966 0
723.769 0
732.558 0
741.278 0
750.093 0
758.921 0
767.783 0
776.553 0
785.451 0
794.121 0
803.114 0
811.991 0
820.732 0
829.494 0
838.428 0
847.263 0
856.047 0
864.943 0
873.746 0
882.693 0
891.472 0
900.336 0
909.203 0
918.016 0
926.905 0
935.834 0
944.708 0
953.470 0
962.519 0
971.304 0
980.305 0
989.000 0
998.025 0
1006.846 0
