# 0.470
23.210 0
32.055 0
41.108 0
49.854 0
58.761 0
67.681 0
76.709 0
85.577 0
94.482 0
103.289 0
112.076 0
121.347 0
130.103 0
138.775 0
147.821 0
156.571 0
165.481 0
174.393 0
183.275 0
191.956 0
200.951 0
209.806 0
218.818 0
227.488 0
236.270 0
245.155 0
254.109 0
262.658 0
271.607 0
280.539 0
289.368 0
298.095 0
306.799 0
315.701 0
324.658 0
333.331 0
342.217 0
359.630 0
368.434 0
377.135 0
386.073 0
394.949 0
403.715 0
412.414 0
421.190 0
429.909 0
438.558 0
447.454 0
456.197 0
464.967 0
473.880 0
482.514 0
491.197 0
500.040 0
508.601 0
517.247 0
526.198 0
534.978 0
543.859 0
552.549 0
561.215 0
570.001 0
578.714 0
587.444 0
596.145 0
604.894 0
613.430 0
622.270 0
631.050 0
639.958 0
648.529 0
657.294 0
666.037 0
674.534 0
683.275 0
700.791 0
709.710 0
718.351 0
726.904 0
735.536 0
744.359 0
753.024 0
761.844 0
770.513 0
779.107 0
787.917 0
796.690 0
805.460 0
813.833 0
822.703 0
831.390 0
840.110 0
848.771 0
857.547 0
866.264 0
874.918 0
883.628 0
892.271 0
901.099 0
909.701 0
918.409 0
927.192 0
935.895 0
944.415 0
953.126 0
961.897 0
970.598 0
979.233 0
987.948 0
996.628 0
1005.246 0
1013.905 0
