# 0.470
36.663 0
45.663 0
54.444 0
63.407 0
72.203 0
81.271 0
90.007 0
98.780 0
107.745 0
116.571 0
125.680 0
134.610 0
143.241 0
152.206 0
160.916 0
169.792 0
178.751 0
187.642 0
196.314 0
205.251 0
214.080 0
222.808 0
231.640 0
240.467 0
249.271 0
258.136 0
266.894 0
275.656 0
284.607 0
293.568 0
302.270 0
311.057 0
319.851 0
328.750 0
346.285 0
363.770 0
372.398 0
381.305 0
390.134 0
398.919 0
407.691 0
416.432 0
425.297 0
434.098 0
442.740 0
451.461 0
460.287 0
469.038 0
477.744 0
486.546 0
495.218 0
504.096 0
512.796 0
521.467 0
530.358 0
538.987 0
547.744 0
556.442 0
565.243 0
573.885 0
582.693 0
591.490 0
600.229 0
608.888 0
617.679 0
626.420 0
635.151 0
644.070 0
652.652 0
661.303 0
669.975 0
678.736 0
687.420 0
696.167 0
704.829 0
713.465 0
722.240 0
730.946 0
739.645 0
748.377 0
757.091 0
765.798 0
774.443 0
783.183 0
791.957 0
800.682 0
809.222 0
818.113 0
826.787 0
835.462 0
844.075 0
852.765 0
861.464 0
870.297 0
878.920 0
887.435 0
896.207 0
904.867 0
913.638 0
922.362 0
931.238 0
939.791 0
948.452 0
957.285 0
965.694 0
974.791 0
983.080 0
991.829 0
1000.584 0
1009.107 0
1017.806 0
1026.490 0
