# 0.470
34.514 0
43.380 0
52.108 0
61.210 0
69.925 0
79.018 0
87.899 0
96.450 0
105.681 0
114.494 0
123.562 0
132.256 0
140.784 0
149.838 0
158.806 0
167.524 0
176.506 0
185.479 0
194.061 0
203.039 0
211.981 0
220.511 0
229.329 0
238.318 0
247.312 0
256.071 0
264.847 0
273.265 0
282.506 0
291.354 0
300.011 0
309.055 0
317.987 0
326.714 0
343.917 0
361.540 0
370.087 0
379.349 0
388.025 0
396.837 0
405.666 0
414.402 0
423.111 0
431.796 0
440.679 0
449.475 0
458.138 0
466.886 0
475.784 0
484.457 0
493.278 0
501.984 0
510.611 0
519.534 0
527.821 0
536.897 0
545.534 0
554.420 0
562.951 0
571.632 0
580.530 0
589.345 0
597.956 0
606.539 0
615.404 0
623.824 0
632.670 0
641.645 0
650.419 0
659.193 0
667.971 0
676.536 0
685.299 0
694.110 0
702.661 0
711.540 0
720.336 0
728.995 0
737.526 0
746.090 0
754.943 0
763.492 0
772.396 0
781.040 0
790.000 0
798.592 0
807.294 0
815.807 0
824.520 0
833.584 0
841.905 0
850.749 0
859.381 0
868.240 0
877.084 0
885.520 0
894.275 0
902.818 0
911.612 0
920.342 0
928.860 0
937.621 0
946.379 0
955.056 0
963.791 0
972.369 0
981.203 0
989.828 0
998.629 0
1007.127 0
1015.883 0
1024.589 0
