# 0.470
9.649 0
18.422 0
27.157 0
35.797 0
44.560 0
53.218 0
61.938 0
70.386 0
79.479 0
88.029 0
96.685 0
105.471 0
114.099 0
122.822 0
131.496 0
140.129 0
148.938 0
157.473 0
166.193 0
175.047 0
183.711 0
192.385 0
201.043 0
209.574 0
218.524 0
226.914 0
235.507 0
244.607 0
253.050 0
261.994 0
270.527 0
279.379 0
288.083 0
296.823 0
305.579 0
314.160 0
322.813 0
331.528 0
340.533 0
348.871 0
358.005 0
366.548 0
375.291 0
383.863 0
392.490 0
401.435 0
410.036 0
418.831 0
427.464 0
436.389 0
445.071 0
453.884 0
462.629 0
471.374 0
480.117 0
488.869 0
497.631 0
506.362 0
515.097 0
523.844 0
532.652 0
541.291 0
550.149 0
567.600 0
585.154 0
593.916 0
602.654 0
611.502 0
620.243 0
629.030 0
637.707 0
646.493 0
655.410 0
663.893 0
672.965 0
681.772 0
690.393 0
699.353 0
708.152 0
716.973 0
725.884 0
734.604 0
743.486 0
752.269 0
761.235 0
769.918 0
778.764 0
787.570 0
796.333 0
805.298 0
814.109 0
822.907 0
831.637 0
840.622 0
849.515 0
858.298 0
867.167 0
876.040 0
884.924 0
893.866 0
902.594 0
911.474 0
920.369 0
929.303 0
938.280 0
947.189 0
955.936 0
964.884 0
973.720 0
982.627 0
991.481 0
1000.350 0
