# 0.470
7.055 0
15.738 0
24.675 0
33.235 0
41.921 0
50.657 0
59.498 0
68.042 0
76.783 0
85.431 0
93.998 0
102.791 0
111.551 0
120.066 0
129.045 0
137.715 0
146.236 0
154.952 0
163.639 0
172.138 0
181.167 0
189.890 0
198.416 0
207.232 0
215.827 0
224.559 0
233.294 0
242.014 0
250.688 0
259.495 0
268.165 0
276.869 0
285.461 0
294.341 0
303.025 0
311.495 0
320.105 0
328.922 0
337.751 0
346.256 0
355.264 0
363.744 0
372.443 0
381.271 0
389.997 0
398.823 0
407.623 0
416.106 0
424.837 0
433.746 0
442.307 0
451.111 0
459.877 0
468.646 0
477.428 0
486.203 0
494.918 0
503.549 0
512.221 0
521.098 0
529.887 0
538.523 0
547.341 0
564.646 0
582.484 0
591.187 0
599.846 0
608.671 0
617.226 0
626.066 0
634.761 0
643.575 0
652.449 0
661.184 0
670.010 0
678.502 0
687.640 0
696.214 0
705.150 0
714.019 0
722.725 0
731.000 1
740.568 0
749.294 0
758.039 0
767.042 0
775.688 0
784.527 0
793.366 0
802.306 0
811.033 0
819.841 0
828.674 0
837.588 0
846.421 0
855.219 0
864.155 0
872.918 0
881.641 0
890.637 0
899.482 0
908.366 0
917.248 0
926.104 0
934.957 0
943.835 0
952.750 0
961.566 0
970.380 0
979.379 0
988.131 0
997.222 0
