# 0.470
28.126 0
36.958 0
45.802 0
54.882 0
63.883 0
72.758 0
81.427 0
90.341 0
99.205 0
108.255 0
117.037 0
125.865 0
134.801 0
143.576 0
152.456 0
161.250 0
170.092 0
179.075 0
188.010 0
196.460 0
205.566 0
214.314 0
223.221 0
231.903 0
240.895 0
249.946 0
258.765 0
267.477 0
276.390 0
285.150 0
294.132 0
302.785 0
311.541 0
320.364 0
329.269 0
338.064 0
346.948 0
364.402 0
373.100 0
381.922 0
390.801 0
399.360 0
408.387 0
417.134 0
425.878 0
434.721 0
443.257 0
452.070 0
460.770 0
469.489 0
478.365 0
487.039 0
495.885 0
504.448 0
513.212 0
521.984 0
530.847 0
539.566 0
548.257 0
557.275 0
565.887 0
574.623 0
583.262 0
592.088 0
600.465 0
609.614 0
618.273 0
627.190 0
635.726 0
644.535 0
653.133 0
662.050 0
670.635 0
679.354 0
687.360 0
705.440 0
714.272 0
722.962 0
731.581 0
740.250 0
748.963 0
757.635 0
766.391 0
775.165 0
783.780 0
792.527 0
801.289 0
809.966 0
818.527 0
827.298 0
836.113 0
844.642 0
853.398 0
862.155 0
871.048 0
879.594 0
888.245 0
896.907 0
905.744 0
914.497 0
923.084 0
931.930 0
940.599 0
949.153 0
957.949 0
966.591 0
975.322 0
983.998 0
992.636 0
1001.443 0
1009.930 0
1018.758 0
