# 0.470
22.765 0
31.443 0
40.688 0
49.378 0
58.405 0
67.163 0
76.429 0
85.028 0
94.024 0
102.818 0
111.666 0
120.677 0
129.441 0
138.337 0
147.314 0
155.920 0
164.727 0
173.951 0
182.588 0
191.457 0
200.487 0
209.141 0
218.047 0
226.779 0
235.651 0
244.903 0
253.454 0
262.529 0
271.368 0
280.153 0
288.997 0
297.607 0
306.542 0
315.160 0
324.133 0
333.342 0
341.734 0
359.297 0
368.110 0
376.996 0
385.805 0
394.536 0
403.325 0
412.156 0
420.948 0
429.791 0
438.394 0
447.574 0
455.889 0
464.790 0
473.575 0
482.398 0
491.294 0
499.905 0
508.438 0
517.230 0
526.147 0
534.727 0
543.521 0
552.495 0
561.022 0
569.842 0
578.676 0
587.484 0
596.039 0
604.814 0
613.404 0
622.528 0
631.308 0
639.989 0
648.655 0
657.376 0
666.184 0
674.801 0
683.393 0
701.154 0
709.912 0
718.538 0
727.089 0
735.997 0
744.714 0
753.392 0
762.095 0
770.946 0
779.671 0
788.416 0
796.989 0
805.750 0
814.251 0
823.111 0
831.753 0
840.424 0
849.340 0
858.160 0
866.892 0
875.682 0
884.079 0
892.892 0
901.548 0
910.403 0
918.756 0
927.528 0
936.304 0
945.007 0
953.617 0
962.318 0
971.260 0
979.786 0
988.637 0
997.167 0
1005.965 0
1014.630 0
