# 0.470
17.292 0
25.876 0
34.777 0
43.302 0
52.263 0
60.885 0
69.589 0
78.052 0
86.911 0
95.622 0
103.941 0
112.921 0
121.856 0
130.677 0
139.404 0
148.096 0
156.647 0
165.279 0
174.029 0
182.603 0
191.461 0
200.266 0
208.934 0
217.527 0
226.275 0
234.749 0
243.573 0
252.424 0
261.068 0
269.973 0
278.446 0
287.098 0
296.030 0
304.625 0
313.278 0
322.052 0
330.773 0
348.317 0
357.254 0
365.814 0
374.396 0
383.004 0
391.836 0
400.567 0
409.244 0
418.136 0
426.897 0
435.857 0
444.197 0
453.207 0
461.886 0
470.580 0
479.241 0
487.980 0
496.797 0
505.594 0
514.253 0
523.033 0
531.894 0
540.702 0
549.305 0
558.177 0
566.982 0
575.833 0
584.491 0
593.251 0
602.196 0
610.524 0
619.600 0
628.336 0
636.852 0
645.811 0
654.929 0
663.528 0
672.458 0
689.988 0
698.627 0
707.679 0
716.559 0
724.925 0
733.777 0
742.911 0
751.665 0
760.619 0
769.177 0
778.393 0
787.087 0
795.614 0
804.505 0
813.617 0
822.417 0
830.972 0
840.201 0
849.119 0
857.744 0
866.734 0
875.648 0
884.495 0
893.333 0
902.022 0
910.967 0
919.500 1
928.487 0
937.624 0
946.817 0
955.436 0
964.313 0
973.375 0
982.320 0
990.880 0
1000.097 0
1008.950 0
