# 0.470
21.237 0
30.127 0
38.835 0
47.305 0
56.072 0
64.786 0
73.546 0
82.389 0
91.016 0
99.627 0
108.285 0
117.003 0
125.658 0
134.503 0
143.112 0
151.846 0
160.530 0
169.204 0
177.887 0
186.682 0
195.423 0
204.070 0
212.866 0
221.451 0
230.180 0
239.041 0
247.376 0
256.145 0
265.042 0
273.616 0
282.458 0
291.057 0
299.647 0
308.626 0
317.223 0
325.983 0
334.809 0
352.054 0
360.843 0
369.503 0
378.297 0
387.045 0
395.782 0
404.521 0
413.252 0
421.860 0
430.937 0
439.202 0
448.287 0
456.893 0
465.716 0
474.582 0
483.220 0
491.901 0
500.656 0
509.433 0
518.053 0
527.099 0
535.665 0
544.519 0
553.317 0
562.055 0
570.826 0
579.394 0
588.169 0
596.839 0
605.667 0
614.444 0
623.182 0
632.002 0
640.721 0
649.664 0
658.534 0
667.177 0
676.053 0
693.721 0
702.526 0
711.306 0
720.206 0
728.969 0
737.695 0
746.519 0
755.263 0
764.241 0
773.033 0
781.831 0
790.673 0
799.461 0
808.473 0
817.159 0
826.100 0
834.904 0
843.774 0
852.644 0
861.529 0
870.428 0
879.202 0
887.912 0
896.801 0
905.668 0
914.450 0
923.539 0
932.430 0
941.249 0
950.110 0
959.120 0
968.157 0
976.867 0
985.705 0
994.685 0
1003.691 0
1012.728 0
