# 0.470
22.016 0
30.700 0
39.233 0
47.919 0
56.475 0
65.328 0
74.113 0
82.716 0
91.572 0
100.081 0
108.661 0
117.481 0
126.068 0
134.879 0
143.563 0
152.128 0
160.810 0
169.525 0
178.206 0
186.899 0
195.745 0
204.348 0
213.082 0
221.912 0
230.468 0
239.115 0
247.883 0
256.535 0
265.225 0
274.007 0
282.674 0
291.407 0
300.169 0
308.894 0
317.390 0
326.222 0
334.922 0
352.410 0
360.866 0
369.820 0
378.521 0
387.239 0
395.814 0
404.550 0
413.223 0
422.236 0
430.847 0
439.616 0
448.261 0
457.012 0
465.726 0
474.493 0
483.233 0
492.006 0
500.679 0
509.425 0
518.116 0
526.967 0
535.715 0
544.374 0
553.193 0
562.026 0
570.763 0
579.439 0
588.196 0
597.022 0
605.813 0
614.570 0
623.378 0
632.014 0
640.809 0
649.531 0
658.200 0
667.130 0
675.901 0
693.511 0
702.275 0
711.141 0
719.999 0
728.760 0
737.492 0
746.275 0
755.107 0
763.922 0
772.789 0
781.494 0
790.340 0
799.174 0
808.001 0
816.860 0
825.760 0
834.521 0
843.392 0
852.177 0
860.994 0
869.886 0
878.833 0
887.517 0
896.503 0
905.369 0
914.114 0
923.098 0
931.927 0
940.949 0
949.798 0
958.538 0
967.409 0
976.491 0
985.352 0
994.180 0
1003.078 0
1011.892 0
