# 0.470
21.561 0
30.189 0
39.160 0
48.055 0
56.945 0
65.954 0
74.847 0
83.740 0
92.556 0
101.608 0
110.232 0
119.242 0
128.122 0
136.951 0
145.811 0
154.771 0
163.507 0
172.566 0
181.265 0
190.217 0
199.078 0
207.780 0
216.407 0
225.510 0
234.186 0
243.133 0
252.080 0
260.674 0
269.516 0
278.457 0
287.284 0
296.038 0
304.767 0
313.774 0
322.650 0
331.217 0
340.140 0
357.683 0
366.355 0
375.210 0
384.136 0
392.928 0
401.739 0
410.646 0
419.342 0
428.255 0
436.807 0
445.617 0
454.450 0
463.112 0
471.786 0
480.681 0
489.356 0
498.127 0
507.092 0
515.709 0
524.325 0
533.191 0
542.047 0
550.592 0
559.349 0
568.082 0
576.744 0
585.676 0
594.371 0
603.066 0
611.787 0
620.646 0
629.407 0
638.134 0
646.916 0
655.678 0
664.529 0
673.095 0
681.976 0
699.235 0
708.141 0
716.831 0
725.350 0
734.165 0
742.788 0
751.670 0
760.257 0
768.939 0
777.587 0
786.505 0
795.176 0
803.922 0
812.542 0
821.219 0
829.849 0
838.681 0
847.369 0
856.006 0
864.855 0
873.524 0
882.129 0
890.724 0
899.420 0
908.347 0
916.894 0
925.657 0
934.500 0
943.085 0
951.748 0
960.527 0
969.038 0
977.857 0
986.547 0
995.251 0
1003.829 0
1012.770 0
