# 0.470
18.146 0
26.976 0
36.042 0
44.775 0
53.725 0
62.561 0
71.601 0
80.435 0
89.218 0
98.163 0
106.907 0
115.884 0
124.649 0
133.485 0
142.413 0
151.241 0
160.073 0
168.982 0
177.824 0
186.552 0
195.614 0
204.408 0
213.278 0
221.986 0
230.900 0
239.845 0
248.598 0
257.427 0
266.194 0
275.037 0
283.855 0
292.696 0
301.348 0
310.173 0
319.029 0
327.828 0
336.693 0
353.943 0
362.805 0
371.583 0
380.514 0
389.172 0
398.037 0
406.766 0
415.547 0
424.246 0
432.934 0
441.686 0
450.332 0
459.094 0
467.834 0
476.625 0
485.332 0
494.104 0
502.761 0
511.636 0
520.369 0
529.114 0
537.856 0
546.607 0
555.408 0
564.163 0
572.920 0
581.613 0
590.314 0
599.177 0
607.786 0
616.657 0
625.273 0
634.037 0
642.687 0
651.460 0
660.201 0
668.806 0
677.466 0
694.957 0
703.653 0
712.295 0
720.915 0
729.686 0
738.382 0
747.067 0
755.790 0
764.525 0
773.214 0
782.031 0
790.728 0
799.388 0
807.987 0
816.858 0
825.501 0
834.142 0
842.921 0
851.437 0
860.362 0
869.036 0
877.566 0
886.272 0
894.900 0
903.777 0
912.450 0
921.106 0
929.939 0
938.292 0
947.167 0
955.802 0
964.603 0
973.200 0
981.910 0
990.645 0
999.138 0
1007.899 0
