# 0.470
22.507 0
31.446 0
40.507 0
49.428 0
58.337 0
67.217 0
76.279 0
84.993 0
93.959 0
102.831 0
111.646 0
120.593 0
129.574 0
138.231 0
147.193 0
155.863 0
164.788 0
173.688 0
182.837 0
191.440 0
200.348 0
209.170 0
218.035 0
226.656 0
235.773 0
244.427 0
253.356 0
262.096 0
271.023 0
279.757 0
288.667 0
297.504 0
306.182 0
315.090 0
323.878 0
332.621 0
341.416 0
359.044 0
367.920 0
376.584 0
385.441 0
394.316 0
403.114 0
411.983 0
420.555 0
429.262 0
437.953 0
446.851 0
455.596 0
464.366 0
473.083 0
481.974 0
490.680 0
499.380 0
507.973 0
516.797 0
525.479 0
534.327 0
542.996 0
551.456 0
560.595 0
569.268 0
577.980 0
586.791 0
595.513 0
604.108 0
612.995 0
621.698 0
630.468 0
639.157 0
647.993 0
656.684 0
665.416 0
674.136 0
682.829 0
700.330 0
708.966 0
717.662 0
726.366 0
734.988 0
743.770 0
752.503 0
761.268 0
770.045 0
778.547 0
787.274 0
796.009 0
804.748 0
813.246 0
822.088 0
830.685 0
839.432 0
848.100 0
856.815 0
865.538 0
874.313 0
882.929 0
891.635 0
900.241 0
909.056 0
917.778 0
926.395 0
935.275 0
943.745 0
952.549 0
961.225 0
970.018 0
978.670 0
987.575 0
996.043 0
1004.639 0
1013.282 0
