# 0.470
10.413 0
19.421 0
27.750 0
36.446 0
45.187 0
53.871 0
62.739 0
71.395 0
80.017 0
88.599 0
97.331 0
105.890 0
114.709 0
123.382 0
132.167 0
140.934 0
149.464 0
158.136 0
166.872 0
175.545 0
184.299 0
192.914 0
201.782 0
210.437 0
218.979 0
227.647 0
236.284 0
245.084 0
253.761 0
262.459 0
271.120 0
279.897 0
288.549 0
297.323 0
305.892 0
314.510 0
323.338 0
340.707 0
349.568 0
358.143 0
366.927 0
375.678 0
384.355 0
393.000 0
401.822 0
410.465 0
419.208 0
428.051 0
436.708 0
445.509 0
454.180 0
462.932 0
471.700 0
480.422 0
489.178 0
497.898 0
506.574 0
515.390 0
523.959 0
532.917 0
541.618 0
550.405 0
558.976 0
567.768 0
576.391 0
585.247 0
593.900 0
602.667 0
611.319 0
620.285 0
628.992 0
637.839 0
646.654 0
655.361 0
664.192 0
681.772 0
690.524 0
699.213 0
708.043 0
717.090 0
725.745 0
734.436 0
743.353 0
752.245 0
760.963 0
769.866 0
778.630 0
787.338 0
796.303 0
805.120 0
813.832 0
822.665 0
831.601 0
840.416 0
849.241 0
858.117 0
866.896 0
875.777 0
884.660 0
893.343 0
902.118 0
911.011 0
919.861 0
928.933 0
937.682 0
946.523 0
955.507 0
964.342 0
973.249 0
982.060 0
991.176 0
1000.014 0
