# 0.470
29.651 0
38.389 0
47.373 0
56.205 0
65.098 0
73.928 0
82.977 0
91.766 0
100.543 0
109.646 0
118.459 0
127.421 0
136.043 0
145.033 0
154.040 0
162.765 0
171.492 0
180.528 0
189.317 0
198.179 0
207.168 0
215.975 0
224.818 0
233.493 0
242.335 0
251.140 0
259.977 0
268.624 0
277.364 0
286.464 0
295.253 0
304.104 0
312.860 0
321.497 0
330.351 0
339.119 0
347.896 0
365.350 0
374.309 0
382.960 0
391.582 0
400.686 0
409.421 0
418.260 0
426.984 0
435.711 0
444.496 0
453.210 0
461.849 0
470.642 0
479.439 0
488.205 0
496.934 0
505.721 0
514.444 0
523.264 0
531.846 0
540.657 0
549.286 0
558.109 0
566.853 0
575.504 0
584.296 0
593.035 0
601.741 0
610.506 0
619.189 0
627.957 0
636.643 0
645.352 0
654.117 0
662.776 0
671.550 0
680.203 0
688.992 0
706.442 0
715.054 0
723.823 0
732.417 0
741.129 0
749.890 0
758.502 0
767.252 0
776.032 0
784.676 0
793.418 0
802.421 0
810.907 0
819.526 0
828.182 0
836.867 0
845.490 0
854.253 0
863.028 0
871.682 0
880.352 0
888.895 0
897.610 0
906.328 0
914.991 0
923.676 0
932.417 0
941.097 0
949.679 0
958.439 0
967.075 0
975.848 0
984.578 0
993.243 0
1001.895 0
1010.525 0
1019.264 0
