# 0.470
16.074 0
24.780 0
33.327 0
42.112 0
50.846 0
59.467 0
68.122 0
77.004 0
85.375 0
94.263 0
102.949 0
111.695 0
120.462 0
128.968 0
137.701 0
146.428 0
155.129 0
163.704 0
172.186 0
181.242 0
189.781 0
198.406 0
207.233 0
215.820 0
224.547 0
233.288 0
242.036 0
250.749 0
259.449 0
268.028 0
276.708 0
285.780 0
294.325 0
302.982 0
311.547 0
320.246 0
329.008 0
346.400 0
355.131 0
364.006 0
372.678 0
381.410 0
390.092 0
398.846 0
407.580 0
416.370 0
425.015 0
433.693 0
442.422 0
451.217 0
459.659 0
468.809 0
477.573 0
485.999 0
494.884 0
503.467 0
512.360 0
521.003 0
529.783 0
538.568 0
547.367 0
556.052 0
564.929 0
573.522 0
582.241 0
591.100 0
599.796 0
608.484 0
617.234 0
626.112 0
634.831 0
643.689 0
652.522 0
661.430 0
670.130 0
687.562 0
696.363 0
705.264 0
714.243 0
722.886 0
731.680 0
740.342 0
749.398 0
758.130 0
766.877 0
775.764 0
784.584 0
793.438 0
802.328 0
810.978 0
819.803 0
828.725 0
837.406 0
846.364 0
855.152 0
864.093 0
872.899 0
881.649 0
890.556 0
899.410 0
908.228 0
917.328 0
925.930 0
935.063 0
943.878 0
952.746 0
961.690 0
970.488 0
979.481 0
988.218 0
997.369 0
1006.177 0
