# 0.470
15.075 0
23.952 0
32.480 0
41.198 0
49.908 0
58.667 0
67.357 0
76.158 0
84.910 0
93.526 0
102.249 0
110.990 0
119.598 0
128.293 0
137.070 0
145.734 0
154.319 0
163.083 0
171.787 0
180.468 0
189.211 0
197.888 0
206.531 0
215.338 0
223.982 0
232.567 0
241.223 0
250.098 0
258.751 0
267.403 0
276.161 0
284.904 0
293.631 0
302.359 0
311.009 0
319.676 0
328.244 0
345.867 0
354.493 0
363.256 0
371.966 0
380.904 0
389.518 0
398.308 0
407.033 0
415.833 0
424.420 0
433.152 0
441.815 0
450.545 0
459.397 0
468.057 0
476.884 0
485.632 0
494.303 0
503.059 0
511.866 0
520.510 0
529.169 0
538.047 0
546.791 0
555.563 0
564.201 0
572.977 0
581.725 0
590.536 0
599.217 0
608.055 0
616.842 0
625.550 0
634.288 0
643.130 0
651.984 0
660.695 0
669.611 0
687.037 0
695.881 0
704.629 0
713.626 0
722.334 0
731.100 0
739.800 0
748.667 0
757.618 0
766.360 0
775.297 0
784.111 0
792.844 0
801.755 0
810.604 0
819.228 0
828.167 0
837.018 0
845.768 0
854.633 0
863.572 0
872.432 0
881.281 0
890.256 0
899.112 0
907.684 0
916.721 0
925.580 0
934.520 0
943.291 0
952.047 0
961.228 0
969.981 0
978.898 0
987.791 0
996.754 0
1005.511 0
