# 0.470
11.130 0
19.722 0
28.560 0
36.997 0
45.750 0
54.598 0
63.166 0
71.975 0
80.463 0
89.338 0
97.873 0
106.478 0
115.315 0
123.990 0
132.626 0
141.279 0
150.040 0
158.688 0
167.276 0
176.122 0
184.757 0
193.424 0
202.065 0
210.822 0
219.692 0
228.175 0
236.871 0
245.557 0
254.320 0
262.908 0
271.687 0
280.510 0
289.248 0
297.903 0
306.622 0
315.135 0
323.820 0
332.601 0
341.361 0
350.113 0
358.694 0
367.382 0
376.296 0
384.909 0
393.642 0
402.405 0
411.072 0
419.977 0
428.626 0
437.337 0
445.989 0
454.857 0
463.441 0
472.218 0
481.016 0
489.653 0
498.385 0
507.136 0
515.813 0
524.520 0
533.462 0
542.045 0
550.799 0
568.429 0
585.907 0
594.621 0
603.340 0
612.182 0
620.841 0
629.563 0
638.432 0
647.188 0
656.138 0
664.883 0
673.675 0
682.478 0
691.201 0
700.036 0
708.832 0
717.593 0
726.430 0
735.127 0
743.966 0
752.675 0
761.674 0
770.332 0
779.104 0
788.002 0
796.857 0
805.686 0
814.469 0
823.329 0
832.164 0
841.053 0
849.808 0
858.692 0
867.573 0
876.378 0
885.229 0
894.247 0
902.944 0
911.766 0
920.770 0
929.646 0
938.493 0
947.393 0
956.291 0
965.276 0
974.021 0
982.984 0
991.836 0
1000.809 0
