# 0.470
30.268 0
39.430 0
48.192 0
57.147 0
65.915 0
75.060 0
83.707 0
92.721 0
101.379 0
110.494 0
119.359 0
128.128 0
136.707 0
145.861 0
154.782 0
163.608 0
172.374 0
181.187 0
190.139 0
198.912 0
207.824 0
216.291 0
225.253 0
234.240 0
242.917 0
251.615 0
260.365 0
269.017 0
278.153 0
286.795 0
295.987 0
304.221 0
313.503 0
322.390 0
339.782 0
357.349 0
366.164 0
374.856 0
383.766 0
392.566 0
401.455 0
409.948 0
418.907 0
427.774 0
436.669 0
445.298 0
453.856 0
462.257 0
471.289 0
480.075 0
488.873 0
497.653 0
506.316 0
514.877 0
523.500 1
532.221 0
541.396 0
550.002 0
558.788 0
567.133 0
576.066 0
584.787 0
593.435 0
601.890 0
611.058 0
619.766 0
628.603 0
637.260 0
645.999 0
654.713 0
663.486 0
672.277 0
681.097 0
689.583 0
698.423 0
707.002 0
715.682 0
724.231 0
733.001 0
741.850 0
750.516 0
759.070 0
767.774 0
776.614 0
785.145 0
793.900 0
802.850 0
811.020 0
819.792 0
828.650 0
837.134 0
846.032 0
854.969 0
863.258 0
871.994 0
880.499 0
889.543 0
898.125 0
906.705 0
915.901 0
924.220 0
933.185 0
941.647 0
950.432 0
958.927 0
967.686 0
976.632 0
984.937 0
994.052 0
1002.529 0
1011.113 0
1019.696 0
