# 0.470
4.971 0
14.225 0
22.705 0
31.093 0
39.989 0
48.640 0
57.112 0
66.030 0
74.649 0
82.995 0
92.151 0
100.600 0
109.370 0
118.294 0
126.916 0
135.933 0
144.345 0
152.789 0
161.646 0
170.247 0
178.941 0
187.807 0
196.451 0
205.119 0
213.898 0
222.091 0
231.134 0
239.628 0
248.331 0
257.119 0
265.824 0
274.603 0
283.278 0
291.871 0
300.780 0
309.395 0
318.032 0
326.799 0
335.570 0
344.191 0
353.002 0
361.639 0
370.441 0
378.972 0
387.691 0
396.755 0
405.146 0
414.091 0
422.977 0
431.675 0
440.432 0
449.101 0
457.929 0
466.258 0
475.613 0
484.104 0
492.809 0
501.327 0
510.358 0
518.829 0
527.608 0
536.401 0
545.182 0
562.708 0
579.909 0
588.901 0
597.877 0
606.757 0
615.007 0
624.095 0
632.894 0
641.635 0
650.504 0
659.383 0
668.008 0
676.775 0
685.751 0
694.300 0
703.073 0
712.525 0
721.049 0
729.689 0
738.639 0
747.377 0
756.051 0
764.876 0
773.742 0
782.649 0
791.565 0
800.382 0
809.064 0
817.863 0
826.607 0
835.465 0
844.460 0
853.358 0
862.067 0
870.919 0
879.747 0
888.818 0
897.539 0
906.212 0
915.307 0
924.232 0
933.163 0
941.986 0
950.934 0
959.794 0
968.726 0
977.784 0
986.579 0
995.407 0
