# 0.470
35.712 0
44.772 0
53.591 0
62.421 0
71.383 0
80.405 0
89.121 0
98.048 0
106.909 0
115.788 0
124.659 0
133.539 0
142.394 0
151.397 0
160.329 0
169.037 0
177.953 0
186.693 0
195.517 0
204.436 0
213.265 0
222.169 0
230.924 0
239.766 0
248.501 0
257.445 0
266.217 0
275.055 0
283.822 0
292.597 0
301.400 0
310.182 0
319.049 0
327.851 0
345.310 0
362.950 0
371.766 0
380.597 0
389.486 0
398.179 0
407.024 0
415.737 0
424.519 0
433.283 0
442.002 0
450.816 0
459.598 0
468.253 0
476.947 0
485.734 0
494.447 0
503.221 0
512.025 0
520.814 0
529.577 0
538.272 0
547.109 0
555.676 0
564.405 0
573.213 0
582.018 0
590.647 0
599.350 0
608.126 0
616.815 0
625.575 0
634.301 0
643.003 0
651.700 0
660.339 0
669.116 0
678.500 1
686.635 0
695.397 0
704.195 0
712.802 0
721.506 0
730.172 0
738.859 0
747.546 0
756.274 0
765.032 0
773.736 0
782.487 0
791.121 0
799.874 0
808.439 0
817.148 0
825.891 0
834.519 0
843.298 0
851.961 0
860.580 0
869.510 0
878.052 0
886.603 0
895.325 0
903.926 0
912.704 0
921.379 0
930.178 0
938.871 0
947.367 0
956.105 0
964.769 0
973.459 0
982.264 0
990.971 0
999.736 0
1008.315 0
1016.957 0
1025.665 0
