# 0.470
22.764 0
31.450 0
40.022 0
48.739 0
57.411 0
66.106 0
74.867 0
83.541 0
92.182 0
100.745 0
109.485 0
118.259 0
127.035 0
135.706 0
144.326 0
153.095 0
161.658 0
170.399 0
179.118 0
187.850 0
196.557 0
205.190 0
213.928 0
222.666 0
231.229 0
239.941 0
248.581 0
257.312 0
266.034 0
274.671 0
283.517 0
292.200 0
300.959 0
309.697 0
318.195 0
326.895 0
335.654 0
353.266 0
361.840 0
370.629 0
379.309 0
388.063 0
396.796 0
405.522 0
414.210 0
423.101 0
431.750 0
440.489 0
449.195 0
457.931 0
466.618 0
475.429 0
484.194 0
492.873 0
501.617 0
510.384 0
519.105 0
527.715 0
536.560 0
545.240 0
553.952 0
562.745 0
571.558 0
580.240 0
589.010 0
597.746 0
606.524 0
615.287 0
624.147 0
632.834 0
641.650 0
650.413 0
659.402 0
668.006 0
676.766 0
694.302 0
703.131 0
711.908 0
720.887 0
729.658 0
738.419 0
747.155 0
756.050 0
764.999 0
773.626 0
782.318 0
791.307 0
800.054 0
809.011 0
817.835 0
826.596 0
835.380 0
844.216 0
853.057 0
861.801 0
870.870 0
879.678 0
888.463 0
897.415 0
906.255 0
915.026 0
924.026 0
932.908 0
941.773 0
950.606 0
959.415 0
968.452 0
977.223 0
986.246 0
995.126 0
1004.076 0
1012.919 0
