# 0.470
29.698 0
38.493 0
47.510 0
56.286 0
65.381 0
74.151 0
83.131 0
91.965 0
100.806 0
109.687 0
118.486 0
127.457 0
136.337 0
145.217 0
154.153 0
162.960 0
171.744 0
180.732 0
189.605 0
198.199 0
207.209 0
216.010 0
224.814 0
233.617 0
242.526 0
251.332 0
260.099 0
269.008 0
277.708 0
286.573 0
295.352 0
304.245 0
313.104 0
321.795 0
330.737 0
339.597 0
348.245 0
365.959 0
374.600 0
383.386 0
392.260 0
401.119 0
409.799 0
418.447 0
427.275 0
436.099 0
444.869 0
453.622 0
462.328 0
471.132 0
479.812 0
488.594 0
497.393 0
506.007 0
514.828 0
523.721 0
532.327 0
540.919 0
549.656 0
558.514 0
567.229 0
575.934 0
584.648 0
593.408 0
601.947 0
610.905 0
619.541 0
628.384 0
637.051 0
645.872 0
654.462 0
663.359 0
671.953 0
680.762 0
689.492 0
706.913 0
715.684 0
724.363 0
732.989 0
741.721 0
750.327 0
758.995 0
767.814 0
776.575 0
785.173 0
793.946 0
802.627 0
811.406 0
819.924 0
828.701 0
837.344 0
846.038 0
854.672 0
863.472 0
872.142 0
880.806 0
889.383 0
898.237 0
906.828 0
915.610 0
924.366 0
933.048 0
941.826 0
950.366 0
959.164 0
967.857 0
976.605 0
985.331 0
993.948 0
1002.673 0
1011.279 0
1020.055 0
