# 0.470
18.203 0
26.998 0
35.514 0
44.154 0
53.085 0
61.743 0
70.545 0
79.230 0
87.896 0
96.585 0
105.185 0
113.973 0
122.551 0
131.324 0
139.889 0
148.640 0
157.288 0
165.942 0
174.823 0
183.441 0
192.320 0
200.741 0
209.382 0
218.194 0
226.665 0
235.466 0
244.126 0
252.872 0
261.525 0
270.232 0
278.885 0
287.665 0
296.334 0
305.111 0
313.807 0
322.464 0
331.259 0
348.702 0
357.303 0
366.090 0
374.792 0
383.542 0
392.436 0
401.062 0
409.688 0
418.360 0
427.068 0
435.766 0
444.577 0
453.342 0
461.976 0
470.718 0
479.587 0
488.299 0
497.061 0
505.648 0
514.635 0
523.315 0
532.100 0
540.674 0
549.469 0
558.286 0
566.822 0
575.758 0
584.398 0
593.167 0
602.018 0
610.847 0
619.572 0
628.254 0
637.091 0
645.864 0
654.753 0
663.462 0
672.574 0
689.985 0
698.708 0
707.445 0
716.349 0
725.192 0
733.901 0
742.737 0
751.507 0
760.309 0
769.351 0
777.910 0
786.892 0
795.544 0
804.299 0
813.297 0
821.881 0
830.795 0
839.659 0
848.725 0
857.375 0
866.349 0
874.937 0
883.678 0
892.602 0
901.590 0
910.365 0
919.134 0
928.002 0
937.060 0
945.748 0
954.707 0
963.700 0
972.232 0
981.347 0
990.158 0
999.451 0
1008.287 0
