# 0.470
25.922 0
34.809 0
43.798 0
52.567 0
61.438 0
70.249 0
79.282 0
87.865 0
96.746 0
105.792 0
114.574 0
123.699 0
132.590 0
141.281 0
150.197 0
158.965 0
167.715 0
176.727 0
185.614 0
194.276 0
203.250 0
211.961 0
220.653 0
229.542 0
238.573 0
247.373 0
256.209 0
264.896 0
273.611 0
282.461 0
291.399 0
300.108 0
308.976 0
317.667 0
326.627 0
335.346 0
344.033 0
361.529 0
370.298 0
378.949 0
387.831 0
396.589 0
405.350 0
413.978 0
422.791 0
431.619 0
440.442 0
449.261 0
457.943 0
466.708 0
475.456 0
484.324 0
493.014 0
501.777 0
510.595 0
519.327 0
527.972 0
536.848 0
545.548 0
554.206 0
562.971 0
571.890 0
580.500 0
589.188 0
597.933 0
606.692 0
615.450 0
624.218 0
633.011 0
641.706 0
650.470 0
659.138 0
667.848 0
676.575 0
685.243 0
702.659 0
711.280 0
719.967 0
728.661 0
737.470 0
746.208 0
754.963 0
763.570 0
772.276 0
780.919 0
789.548 0
798.285 0
807.021 0
815.595 0
824.141 0
832.931 0
841.809 0
850.499 0
859.110 0
867.845 0
876.602 0
885.233 0
893.923 0
902.612 0
911.394 0
920.112 0
928.727 0
937.570 0
946.030 0
954.798 0
963.517 0
972.268 0
980.994 0
989.543 0
998.313 0
1006.896 0
1015.625 0
