# 0.470
28.598 0
37.366 0
46.278 0
55.180 0
64.000 0
72.904 0
81.978 0
90.782 0
99.688 0
108.462 0
117.300 0
126.198 0
135.066 0
143.896 0
152.930 0
161.681 0
170.611 0
179.386 0
188.200 0
196.979 0
205.980 0
214.741 0
223.523 0
232.243 0
241.213 0
250.074 0
258.709 0
267.572 0
276.303 0
285.201 0
293.858 0
302.774 0
311.400 0
320.274 0
329.151 0
338.001 0
346.725 0
364.169 0
372.994 0
381.787 0
390.809 0
399.506 0
408.321 0
417.058 0
425.853 0
434.514 0
443.344 0
452.036 0
460.863 0
469.496 0
478.284 0
487.027 0
495.774 0
504.436 0
513.300 0
522.031 0
530.685 0
539.531 0
548.281 0
557.007 0
565.707 0
574.484 0
583.217 0
591.890 0
600.585 0
609.000 1
617.952 0
626.697 0
635.563 0
644.210 0
652.890 0
661.603 0
670.386 0
679.072 0
687.813 0
705.361 0
714.036 0
722.808 0
731.295 0
740.102 0
748.687 0
757.499 0
766.150 0
774.941 0
783.603 0
792.342 0
801.043 0
809.801 0
818.280 0
827.064 0
835.727 0
844.485 0
853.211 0
861.788 0
870.542 0
879.230 0
887.877 0
896.491 0
905.261 0
913.895 0
922.587 0
931.282 0
939.920 0
948.592 0
957.239 0
966.022 0
974.630 0
983.428 0
992.096 0
1000.992 0
1009.497 0
1018.284 0
