# 0.470
16.087 0
24.728 0
33.575 0
42.075 0
50.971 0
59.654 0
68.424 0
76.917 0
85.793 0
94.385 0
102.860 0
111.792 0
120.689 0
129.421 0
138.166 0
146.952 0
155.429 0
164.060 0
172.841 0
181.484 0
190.270 0
199.063 0
207.685 0
216.350 0
225.120 0
233.604 0
242.390 0
251.268 0
259.906 0
268.671 0
277.150 0
285.866 0
294.754 0
303.505 0
312.064 0
320.725 0
329.581 0
346.888 0
355.822 0
364.510 0
373.068 0
381.795 0
390.641 0
399.234 0
407.951 0
416.870 0
425.649 0
434.539 0
442.979 0
451.817 0
460.534 0
469.125 0
477.927 0
486.622 0
495.469 0
504.200 0
512.890 0
521.575 0
530.592 0
539.272 0
547.935 0
556.743 0
565.573 0
574.424 0
582.992 0
591.834 0
600.773 0
609.068 0
618.142 0
626.910 0
635.334 0
644.448 0
653.410 0
662.045 0
671.003 0
688.525 0
697.198 0
706.132 0
715.100 0
723.374 0
732.333 0
741.398 0
750.213 0
759.048 0
767.701 0
776.804 0
785.414 0
794.082 0
802.958 0
811.940 0
820.792 0
829.428 0
838.493 0
847.427 0
856.069 0
865.091 0
873.935 0
882.806 0
891.666 0
900.391 0
909.269 0
918.000 1
926.841 0
935.888 0
944.917 0
953.666 0
962.597 0
971.475 0
980.435 0
989.091 0
998.350 0
1007.187 0
