# 0.470
18.634 0
27.303 0
35.901 0
44.725 0
53.438 0
62.122 0
70.732 0
79.468 0
88.221 0
96.802 0
105.358 0
114.183 0
122.905 0
131.687 0
140.240 0
149.012 0
157.609 0
166.244 0
175.106 0
183.759 0
192.441 0
201.199 0
210.006 0
218.667 0
227.146 0
235.830 0
244.636 0
253.285 0
262.054 0
270.720 0
279.197 0
288.092 0
296.864 0
305.493 0
314.121 0
322.958 0
331.396 0
349.188 0
357.807 0
366.546 0
375.356 0
384.051 0
392.729 0
401.480 0
410.119 0
418.873 0
427.697 0
436.442 0
445.099 0
453.840 0
462.655 0
471.383 0
479.946 0
488.775 0
497.549 0
506.390 0
515.022 0
523.800 0
532.524 0
541.264 0
549.832 0
558.697 0
567.451 0
576.278 0
584.992 0
593.640 0
602.272 0
611.180 0
619.841 0
628.722 0
637.338 0
646.263 0
655.175 0
664.038 0
672.893 0
690.224 0
699.250 0
707.895 0
716.795 0
725.524 0
734.216 0
743.011 0
751.823 0
760.993 0
769.581 0
778.376 0
787.141 0
796.081 0
804.902 0
813.729 0
822.638 0
831.279 0
840.216 0
849.062 0
857.758 0
866.730 0
875.603 0
884.363 0
893.568 0
902.365 0
911.101 0
919.900 0
928.789 0
937.669 0
946.681 0
955.511 0
964.400 0
973.249 0
982.188 0
991.082 0
999.972 0
1008.706 0
