# 0.470
15.477 0
24.120 0
32.700 0
41.533 0
50.145 0
58.890 0
67.474 0
76.305 0
84.993 0
93.441 0
102.174 0
110.921 0
119.672 0
128.463 0
137.026 0
145.746 0
154.289 0
163.051 0
171.765 0
180.514 0
189.205 0
197.820 0
206.598 0
215.445 0
223.911 0
232.594 0
241.368 0
250.106 0
258.815 0
267.400 0
276.203 0
284.985 0
293.598 0
302.234 0
310.964 0
319.651 0
328.342 0
345.781 0
354.429 0
363.333 0
371.978 0
380.736 0
389.445 0
398.303 0
406.853 0
415.543 0
424.261 0
433.053 0
441.750 0
450.485 0
459.277 0
467.949 0
476.697 0
485.529 0
494.247 0
502.910 0
511.613 0
520.459 0
529.204 0
537.947 0
546.739 0
555.435 0
564.228 0
572.971 0
581.633 0
590.476 0
599.154 0
607.894 0
616.684 0
625.365 0
634.224 0
642.977 0
651.888 0
660.565 0
669.393 0
686.863 0
695.714 0
704.520 0
713.431 0
722.161 0
731.020 0
739.694 0
748.621 0
757.536 0
766.194 0
775.020 0
783.948 0
792.593 0
801.523 0
810.243 0
819.169 0
827.970 0
836.908 0
845.620 0
854.524 0
863.404 0
872.234 0
881.064 0
890.026 0
898.720 0
907.678 0
916.517 0
925.325 0
934.253 0
943.127 0
952.178 0
961.003 0
969.772 0
978.818 0
987.589 0
996.585 0
1005.386 0
