# 0.470
22.019 0
30.807 0
39.921 0
48.771 0
57.652 0
66.331 0
75.584 0
84.243 0
93.254 0
102.075 0
110.982 0
119.962 0
128.677 0
137.635 0
146.625 0
155.257 0
164.039 0
173.178 0
181.814 0
190.773 0
199.602 0
208.455 0
217.202 0
226.078 0
234.924 0
244.075 0
252.745 0
261.738 0
270.510 0
279.318 0
288.167 0
296.874 0
305.715 0
314.283 0
323.391 0
332.447 0
340.966 0
358.539 0
367.290 0
376.155 0
385.001 0
393.715 0
402.594 0
411.233 0
420.178 0
428.948 0
437.761 0
446.696 0
455.087 0
464.001 0
472.763 0
481.523 0
490.429 0
499.117 0
507.736 0
516.477 0
525.224 0
533.945 0
542.618 0
551.501 0
560.052 0
569.021 0
577.741 0
586.526 0
595.134 0
603.844 0
612.487 0
621.557 0
630.390 0
639.046 0
647.721 0
656.457 0
665.188 0
673.763 0
682.553 0
700.186 0
708.830 0
717.529 0
726.077 0
734.929 0
743.792 0
752.567 0
761.229 0
770.006 0
778.738 0
787.461 0
796.143 0
804.814 0
813.368 0
822.111 0
830.871 0
839.454 0
848.295 0
857.253 0
865.810 0
874.672 0
883.132 0
891.968 0
900.515 0
909.323 0
917.770 0
926.478 0
935.318 0
944.009 0
952.756 0
961.300 0
970.053 0
978.639 0
987.548 0
996.138 0
1004.860 0
1013.586 0
