# 0.470
18.844 0
27.480 0
36.220 0
44.729 0
53.596 0
62.328 0
71.185 0
79.780 0
88.278 0
96.899 0
105.717 0
114.384 0
123.001 0
132.061 0
140.655 0
149.240 0
157.807 0
166.457 0
175.236 0
184.053 0
192.690 0
201.327 0
209.973 0
218.782 0
227.361 0
236.167 0
244.741 0
253.537 0
262.192 0
270.921 0
279.616 0
288.342 0
297.026 0
305.728 0
314.369 0
323.097 0
331.815 0
349.295 0
358.034 0
366.859 0
375.500 0
384.212 0
392.936 0
401.658 0
410.380 0
419.224 0
427.865 0
436.536 0
445.331 0
454.041 0
462.827 0
471.560 0
480.325 0
489.107 0
497.810 0
506.532 0
515.240 0
523.983 0
532.773 0
541.483 0
550.216 0
558.952 0
567.697 0
576.528 0
585.166 0
593.959 0
602.821 0
611.535 0
620.392 0
629.009 0
637.810 0
646.570 0
655.477 0
664.264 0
673.108 0
690.574 0
699.247 0
708.160 0
717.000 0
725.773 0
734.639 0
743.416 0
752.184 0
761.175 0
769.863 0
778.599 0
787.449 0
796.211 0
805.208 0
813.970 0
822.884 0
831.634 0
840.397 0
849.421 0
858.025 0
867.021 0
876.019 0
884.809 0
893.631 0
902.482 0
911.298 0
920.240 0
929.064 0
937.996 0
946.832 0
955.802 0
964.759 0
973.612 0
982.616 0
991.393 0
1000.426 0
1009.227 0
