# 0.470
26.002 0
34.778 0
43.766 0
52.586 0
61.540 0
70.208 0
79.364 0
88.208 0
96.950 0
105.995 0
114.692 0
123.742 0
132.441 0
141.256 0
150.296 0
159.053 0
167.890 0
176.961 0
185.616 0
194.455 0
203.540 0
212.225 0
220.832 0
229.695 0
238.680 0
247.420 0
256.055 0
265.004 0
273.796 0
282.716 0
291.706 0
300.410 0
309.036 0
318.016 0
326.894 0
335.585 0
344.555 0
361.914 0
370.726 0
379.542 0
388.325 0
397.087 0
405.899 0
414.520 0
423.732 0
432.203 0
440.983 0
449.544 0
458.350 0
466.987 0
475.828 0
484.530 0
493.293 0
502.076 0
510.878 0
519.652 0
528.277 0
537.078 0
545.849 0
554.576 0
563.304 0
571.946 0
580.670 0
589.484 0
598.287 0
606.830 0
615.644 0
624.452 0
633.135 0
641.891 0
650.553 0
659.452 0
667.967 0
676.807 0
685.414 0
702.938 0
711.643 0
720.404 0
729.050 0
737.647 0
746.484 0
755.215 0
763.804 0
772.656 0
781.376 0
789.971 0
798.702 0
807.379 0
815.954 0
824.584 0
833.353 0
842.135 0
850.686 0
859.534 0
868.177 0
876.860 0
885.389 0
894.240 0
902.893 0
911.639 0
920.367 0
929.197 0
937.814 0
946.346 0
955.034 0
963.699 0
972.534 0
981.170 0
989.861 0
998.685 0
1007.145 0
1015.794 0
