# 0.470
20.923 0
29.672 0
38.222 0
46.905 0
55.556 0
64.149 0
72.947 0
81.643 0
90.307 0
98.948 0
107.701 0
116.431 0
125.149 0
133.797 0
142.406 0
151.232 0
159.795 0
168.482 0
177.207 0
185.995 0
194.612 0
203.259 0
212.034 0
220.666 0
229.281 0
238.073 0
246.791 0
255.438 0
264.274 0
272.861 0
281.648 0
290.456 0
299.105 0
307.891 0
316.480 0
325.170 0
333.814 0
351.359 0
360.004 0
368.842 0
377.414 0
386.279 0
394.881 0
403.664 0
412.488 0
421.217 0
429.973 0
438.592 0
447.283 0
456.030 0
464.834 0
473.404 0
482.159 0
491.052 0
499.671 0
508.377 0
517.138 0
526.020 0
534.837 0
543.534 0
552.313 0
561.055 0
569.807 0
578.521 0
587.274 0
596.155 0
604.857 0
613.606 0
622.355 0
631.078 0
639.908 0
648.730 0
657.557 0
666.317 0
675.081 0
692.675 0
701.373 0
710.398 0
719.060 0
727.838 0
736.616 0
745.344 0
754.089 0
763.225 0
771.663 0
780.548 0
789.227 0
798.122 0
807.094 0
815.940 0
824.572 0
833.458 0
842.548 0
851.282 0
860.059 0
869.023 0
877.821 0
886.552 0
895.587 0
904.413 0
913.167 0
922.190 0
931.137 0
939.891 0
948.781 0
957.723 0
966.621 0
975.366 0
984.321 0
993.111 0
1002.113 0
1010.991 0
