# 0.470
24.752 0
33.573 0
42.301 0
50.809 0
59.573 0
68.332 0
77.082 0
85.763 0
94.480 0
103.125 0
111.801 0
120.525 0
129.172 0
137.933 0
146.581 0
155.337 0
163.882 0
172.685 0
181.344 0
190.074 0
198.819 0
207.517 0
216.232 0
224.928 0
233.495 0
242.341 0
250.827 0
259.513 0
268.363 0
276.964 0
285.755 0
294.404 0
303.064 0
311.930 0
320.489 0
329.156 0
337.996 0
355.308 0
364.056 0
372.836 0
381.614 0
390.329 0
399.015 0
407.837 0
416.472 0
425.256 0
434.157 0
442.318 0
451.559 0
460.189 0
468.974 0
477.843 0
486.394 0
495.152 0
503.967 0
512.596 0
521.373 0
530.197 0
538.783 0
547.697 0
556.373 0
565.179 0
573.963 0
582.573 0
591.311 0
599.962 0
608.847 0
617.604 0
626.328 0
635.104 0
643.774 0
652.740 0
661.604 0
670.343 0
679.131 0
696.778 0
705.641 0
714.469 0
723.201 0
732.009 0
740.806 0
749.578 0
758.418 0
767.317 0
776.217 0
784.945 0
793.695 0
802.448 0
811.438 0
820.238 0
829.112 0
837.794 0
846.854 0
855.584 0
864.454 0
873.382 0
882.202 0
890.957 0
899.763 0
908.661 0
917.404 0
926.392 0
935.255 0
944.133 0
953.053 0
961.931 0
970.864 0
979.722 0
988.587 0
997.430 0
1006.458 0
1015.442 0
