# 0.470
22.372 0
31.174 0
40.237 0
48.981 0
58.031 0
66.920 0
75.838 0
84.780 0
93.570 0
102.461 0
111.478 0
120.323 0
129.156 0
138.022 0
146.895 0
155.742 0
164.578 0
173.403 0
182.355 0
191.062 0
199.987 0
208.858 0
217.523 0
226.386 0
235.337 0
244.156 0
253.007 0
261.718 0
270.654 0
279.243 0
288.249 0
296.976 0
305.789 0
314.730 0
323.458 0
332.332 0
340.999 0
358.581 0
367.515 0
376.223 0
385.064 0
393.991 0
402.664 0
411.315 0
420.245 0
428.815 0
437.642 0
446.486 0
455.172 0
463.974 0
472.640 0
481.395 0
490.265 0
498.813 0
507.780 0
516.373 0
525.176 0
533.954 0
542.591 0
551.346 0
560.025 0
568.810 0
577.568 0
586.339 0
594.985 0
603.706 0
612.535 0
621.235 0
629.956 0
638.604 0
647.432 0
656.283 0
664.873 0
673.560 0
682.291 0
699.680 0
708.476 0
717.208 0
725.834 0
734.510 0
743.500 1
751.926 0
760.619 0
769.402 0
778.052 0
786.694 0
795.550 0
804.258 0
812.893 0
821.541 0
830.333 0
838.963 0
847.691 0
856.436 0
865.082 0
873.811 0
882.352 0
891.169 0
899.816 0
908.338 0
917.225 0
925.996 0
934.594 0
943.246 0
951.925 0
960.653 0
969.335 0
978.125 0
986.811 0
995.558 0
1004.154 0
1012.796 0
