# 0.470
32.161 0
41.111 0
50.035 0
58.902 0
67.942 0
76.781 0
85.586 0
94.454 0
103.275 0
112.290 0
121.005 0
129.966 0
138.834 0
147.764 0
156.558 0
165.219 0
174.147 0
183.143 0
191.982 0
200.369 0
209.616 0
218.375 0
227.222 0
236.032 0
244.942 0
253.886 0
262.639 0
271.429 0
280.286 0
289.132 0
298.007 0
306.787 0
315.475 0
324.204 0
333.195 0
341.940 0
350.862 0
368.249 0
377.067 0
385.864 0
394.705 0
403.380 0
412.283 0
421.007 0
429.706 0
438.547 0
447.106 0
456.036 0
464.720 0
473.411 0
482.153 0
490.961 0
499.738 0
508.314 0
517.084 0
525.826 0
534.644 0
543.285 0
552.016 0
561.094 0
569.635 0
578.356 0
587.082 0
595.847 0
604.271 0
613.360 0
621.990 0
630.896 0
639.504 0
648.344 0
656.926 0
665.751 0
674.448 0
683.097 0
691.280 0
709.280 0
718.021 0
726.761 0
735.360 0
743.952 0
752.638 0
761.390 0
770.180 0
778.784 0
787.403 0
796.180 0
804.895 0
813.645 0
822.181 0
830.942 0
839.635 0
848.354 0
857.032 0
865.832 0
874.627 0
883.264 0
891.881 0
900.601 0
909.339 0
918.041 0
926.648 0
935.514 0
944.161 0
952.704 0
961.435 0
970.164 0
978.891 0
987.539 0
996.185 0
1004.917 0
1013.554 0
1022.305 0
