# 0.470
26.195 0
35.023 0
44.020 0
52.976 0
61.849 0
70.799 0
79.572 0
88.412 0
97.248 0
106.244 0
115.096 0
123.978 0
132.797 0
141.663 0
150.617 0
159.348 0
168.073 0
177.094 0
185.935 0
194.786 0
203.676 0
212.490 0
221.186 0
230.028 0
238.799 0
247.827 0
256.580 0
265.346 0
274.274 0
283.125 0
291.939 0
300.700 0
309.418 0
318.136 0
327.099 0
335.946 0
344.779 0
362.121 0
370.941 0
379.731 0
388.546 0
397.405 0
406.180 0
414.967 0
423.663 0
432.284 0
441.104 0
449.918 0
458.662 0
467.391 0
476.210 0
484.958 0
493.735 0
502.440 0
511.132 0
519.984 0
528.655 0
537.399 0
546.039 0
554.836 0
563.532 0
572.261 0
581.145 0
589.775 0
598.594 0
607.252 0
616.110 0
624.760 0
633.601 0
642.198 0
650.836 0
659.716 0
668.350 0
677.129 0
685.848 0
703.269 0
712.002 0
720.768 0
729.300 0
738.115 0
746.755 0
755.458 0
764.181 0
772.782 0
781.610 0
790.285 0
799.066 0
807.730 0
816.315 0
825.133 0
833.832 0
842.418 0
851.141 0
859.942 0
868.563 0
877.244 0
885.866 0
894.570 0
903.249 0
911.971 0
920.672 0
929.616 0
938.179 0
946.731 0
955.452 0
964.043 0
972.897 0
981.559 0
990.200 0
999.004 0
1007.578 0
1016.377 0
