# 0.470
29.778 0
38.440 0
47.400 0
56.300 0
65.259 0
74.056 0
82.936 0
91.802 0
100.687 0
109.644 0
118.355 0
127.543 0
136.250 0
144.972 0
154.004 0
162.755 0
171.653 0
180.648 0
189.322 0
198.214 0
207.163 0
216.005 0
224.693 0
233.518 0
242.369 0
251.185 0
260.089 0
268.707 0
277.738 0
286.484 0
295.211 0
304.051 0
312.863 0
321.631 0
330.483 0
339.372 0
348.129 0
365.648 0
374.334 0
383.064 0
391.952 0
400.759 0
409.629 0
418.378 0
427.207 0
435.956 0
444.788 0
453.000 1
462.105 0
470.991 0
479.673 0
488.278 0
497.185 0
505.882 0
514.664 0
523.230 0
532.045 0
540.909 0
549.608 0
558.324 0
566.938 0
575.762 0
584.529 0
593.164 0
601.952 0
610.706 0
619.439 0
628.202 0
636.797 0
645.628 0
654.325 0
662.991 0
671.885 0
680.425 0
689.123 0
706.624 0
715.410 0
724.085 0
732.765 0
741.522 0
750.220 0
758.921 0
767.544 0
776.271 0
784.948 0
793.683 0
802.308 0
811.093 0
819.671 0
828.453 0
837.212 0
845.868 0
854.526 0
863.266 0
871.950 0
880.691 0
889.204 0
897.871 0
906.632 0
915.370 0
924.075 0
932.744 0
941.458 0
950.009 0
958.788 0
967.510 0
976.137 0
984.908 0
993.578 0
1002.349 0
1010.807 0
1019.494 0
