# 0.470
21.336 0
29.785 0
38.133 0
47.355 0
56.383 0
65.063 0
74.117 0
82.821 0
91.733 0
100.599 0
109.568 0
118.712 0
127.353 0
136.013 0
145.020 0
153.743 0
162.504 0
171.647 0
180.286 0
189.045 0
197.853 0
206.680 0
215.561 0
224.410 0
233.338 0
242.248 0
250.874 0
259.751 0
268.564 0
277.414 0
286.265 0
295.028 0
303.885 0
312.664 0
321.527 0
330.350 0
338.986 0
356.541 0
365.347 0
374.048 0
383.120 0
391.722 0
400.532 0
409.426 0
418.008 0
426.671 0
435.455 0
444.261 0
453.046 0
461.797 0
470.198 0
479.199 0
487.965 0
496.778 0
505.288 0
514.243 0
522.953 0
531.811 0
540.623 0
549.251 0
557.956 0
566.701 0
575.431 0
584.236 0
593.028 0
601.713 0
610.482 0
619.265 0
627.809 0
636.558 0
645.381 0
654.058 0
662.782 0
671.459 0
680.163 0
697.596 0
706.360 0
715.022 0
723.681 0
732.411 0
741.067 0
749.754 0
758.463 0
767.282 0
775.989 0
784.640 0
793.409 0
801.956 0
810.643 0
819.419 0
828.059 0
836.788 0
845.555 0
854.244 0
863.059 0
871.693 0
880.213 0
889.071 0
897.692 0
906.361 0
915.023 0
923.831 0
932.551 0
941.175 0
949.890 0
958.582 0
967.266 0
976.005 0
984.664 0
993.354 0
1001.976 0
1010.692 0
