# 0.470
17.274 0
25.938 0
34.667 0
43.226 0
51.981 0
60.747 0
69.475 0
78.028 0
86.852 0
95.428 0
104.109 0
112.853 0
121.564 0
130.321 0
138.967 0
147.760 0
156.363 0
165.034 0
173.775 0
182.439 0
191.105 0
199.793 0
208.535 0
217.294 0
225.897 0
234.603 0
243.283 0
252.052 0
260.735 0
269.393 0
278.075 0
286.807 0
295.452 0
304.224 0
312.806 0
321.503 0
330.229 0
347.669 0
356.432 0
365.140 0
373.819 0
382.593 0
391.327 0
400.072 0
408.838 0
417.571 0
426.220 0
434.979 0
443.713 0
452.487 0
461.199 0
469.897 0
478.683 0
487.397 0
496.115 0
504.928 0
513.665 0
522.326 0
531.123 0
539.849 0
548.584 0
557.258 0
565.992 0
574.867 0
583.509 0
592.270 0
601.047 0
609.703 0
618.443 0
627.272 0
636.102 0
644.907 0
653.614 0
662.514 0
671.142 0
688.740 0
697.651 0
706.424 0
715.263 0
724.089 0
732.839 0
741.667 0
750.364 0
759.286 0
768.164 0
777.024 0
785.839 0
794.534 0
803.577 0
812.336 0
820.979 0
829.717 0
838.748 0
847.533 0
856.354 0
865.244 0
874.129 0
883.007 0
891.820 0
900.646 0
909.519 0
918.420 0
927.290 0
936.190 0
945.075 0
953.797 0
962.946 0
971.666 0
980.645 0
989.467 0
998.462 0
1007.291 0
