# 0.470
22.277 0
30.851 0
39.543 0
48.147 0
56.976 0
65.564 0
74.321 0
83.035 0
91.622 0
100.187 0
108.992 0
117.706 0
126.277 0
135.090 0
143.684 0
152.486 0
161.118 0
169.824 0
178.498 0
187.168 0
196.021 0
204.576 0
213.316 0
222.057 0
230.708 0
239.288 0
248.048 0
256.808 0
265.350 0
274.042 0
282.927 0
291.572 0
300.390 0
308.961 0
317.640 0
326.210 0
335.031 0
352.510 0
361.144 0
369.951 0
378.704 0
387.303 0
396.079 0
404.695 0
413.374 0
422.199 0
430.939 0
439.614 0
448.342 0
456.979 0
465.793 0
474.531 0
483.225 0
492.008 0
500.764 0
509.522 0
518.341 0
526.970 0
535.755 0
544.522 0
553.195 0
561.929 0
570.794 0
579.529 0
588.261 0
597.032 0
605.811 0
614.490 0
623.219 0
632.068 0
640.713 0
649.612 0
658.411 0
667.189 0
676.061 0
693.469 0
702.316 0
711.032 0
719.885 0
728.773 0
737.446 0
746.251 0
754.946 0
763.902 0
772.696 0
781.564 0
790.223 0
799.151 0
808.100 0
816.831 0
825.618 0
834.439 0
843.389 0
852.341 0
861.125 0
870.023 0
878.778 0
887.613 0
896.574 0
905.365 0
914.098 0
923.185 0
931.841 0
940.910 0
949.610 0
958.406 0
967.557 0
976.382 0
985.246 0
994.163 0
1003.185 0
1011.964 0
