# 0.470
23.553 0
32.485 0
41.474 0
50.205 0
59.153 0
68.066 0
76.960 0
85.829 0
94.722 0
103.690 0
112.571 0
121.531 0
130.429 0
139.177 0
148.056 0
156.984 0
165.778 0
174.781 0
183.509 0
192.356 0
201.242 0
209.929 0
218.838 0
227.618 0
236.539 0
245.255 0
254.056 0
262.880 0
271.763 0
280.641 0
289.356 0
298.139 0
306.947 0
315.688 0
324.540 0
333.423 0
342.124 0
359.668 0
368.567 0
377.131 0
386.065 0
394.787 0
403.562 0
412.484 0
421.285 0
429.992 0
438.919 0
447.562 0
456.375 0
465.057 0
473.882 0
482.560 0
491.460 0
500.251 0
508.872 0
517.575 0
526.296 0
535.034 0
543.815 0
552.588 0
561.218 0
569.936 0
578.634 0
587.513 0
596.181 0
604.994 0
613.760 0
622.463 0
631.052 0
639.734 0
648.492 0
657.207 0
665.928 0
674.629 0
683.352 0
700.816 0
709.562 0
718.273 0
726.987 0
735.688 0
744.406 0
753.086 0
761.769 0
770.565 0
779.292 0
788.078 0
796.616 0
805.495 0
813.984 0
822.665 0
831.475 0
840.204 0
848.812 0
857.534 0
866.244 0
875.062 0
883.618 0
892.284 0
900.860 0
909.725 0
918.397 0
927.028 0
935.746 0
944.360 0
953.090 0
961.765 0
970.430 0
979.142 0
987.938 0
996.586 0
1005.091 0
1013.687 0
