# 0.470
25.997 0
34.698 0
43.195 0
52.022 0
60.684 0
69.529 0
78.099 0
86.675 0
95.596 0
104.060 0
112.696 0
121.458 0
130.026 0
138.805 0
147.598 0
156.275 0
164.922 0
173.642 0
182.255 0
191.154 0
199.785 0
208.278 0
217.052 0
225.824 0
234.338 0
242.976 0
251.755 0
260.518 0
269.065 0
277.796 0
286.459 0
295.241 0
304.005 0
312.748 0
321.341 0
329.892 0
338.652 0
356.121 0
364.746 0
373.624 0
382.310 0
391.070 0
399.993 0
408.416 0
417.102 0
425.886 0
434.808 0
443.426 0
452.327 0
461.072 0
469.556 0
478.688 0
487.147 0
495.686 0
504.533 0
513.170 0
522.051 0
530.516 0
539.532 0
548.250 0
556.851 0
565.663 0
574.623 0
583.146 0
591.784 0
600.581 0
609.498 0
618.077 0
626.764 0
635.533 0
644.298 0
653.083 0
661.999 0
679.600 0
688.000 1
696.993 0
705.809 0
714.624 0
723.489 0
732.220 0
740.999 0
750.074 0
758.918 0
767.570 0
776.293 0
785.221 0
793.970 0
802.577 0
811.775 0
820.399 0
829.281 0
837.926 0
846.869 0
855.877 0
864.383 0
873.532 0
882.238 0
891.329 0
900.125 0
908.892 0
917.668 0
926.554 0
935.589 0
944.239 0
953.218 0
962.165 0
970.946 0
979.732 0
988.897 0
997.654 0
1006.560 0
1015.368 0
