# 0.470
24.400 0
33.214 0
42.149 0
51.069 0
59.998 0
68.739 0
77.796 0
86.631 0
95.500 0
104.461 0
113.290 0
122.243 0
131.109 0
139.874 0
148.814 0
157.668 0
166.433 0
175.306 0
184.208 0
193.022 0
201.781 0
210.740 0
219.530 0
228.315 0
237.211 0
246.028 0
254.954 0
263.697 0
272.546 0
281.496 0
290.325 0
299.090 0
307.808 0
316.657 0
325.512 0
334.248 0
343.075 0
360.598 0
369.309 0
378.185 0
387.078 0
395.695 0
404.571 0
413.335 0
422.051 0
430.837 0
439.580 0
448.372 0
457.073 0
465.741 0
474.502 0
483.136 0
491.991 0
500.752 0
509.556 0
518.276 0
527.078 0
535.717 0
544.448 0
553.254 0
561.866 0
570.681 0
579.458 0
588.269 0
596.932 0
605.575 0
614.352 0
623.068 0
631.910 0
640.570 0
649.296 0
658.057 0
666.764 0
675.386 0
684.076 0
701.567 0
710.266 0
719.029 0
727.558 0
736.344 0
745.000 0
753.775 0
762.425 0
771.174 0
779.916 0
788.548 0
797.297 0
805.966 0
814.534 0
823.304 0
831.914 0
840.690 0
849.437 0
858.199 0
866.898 0
875.584 0
884.161 0
892.929 0
901.576 0
910.293 0
919.047 0
927.707 0
936.545 0
945.083 0
953.768 0
962.454 0
971.193 0
979.848 0
988.630 0
997.308 0
1005.931 0
1014.550 0
