# 0.470
16.837 0
25.529 0
34.069 0
42.647 0
51.454 0
60.279 0
68.866 0
77.629 0
86.405 0
94.846 0
103.648 0
112.178 0
120.958 0
129.598 0
138.331 0
147.022 0
155.608 0
164.238 0
172.972 0
181.819 0
190.438 0
199.199 0
207.843 0
216.593 0
225.175 0
233.838 0
242.760 0
251.472 0
260.084 0
268.782 0
277.634 0
286.300 0
295.039 0
303.692 0
312.260 0
321.099 0
329.734 0
347.215 0
355.908 0
364.614 0
373.200 0
382.181 0
390.785 0
399.556 0
408.290 0
416.901 0
425.642 0
434.376 0
443.104 0
451.753 0
460.492 0
469.321 0
478.111 0
486.796 0
495.518 0
504.238 0
513.003 0
521.762 0
530.587 0
539.224 0
548.066 0
556.812 0
565.513 0
574.251 0
583.060 0
591.837 0
600.609 0
609.412 0
618.082 0
626.879 0
635.707 0
644.356 0
653.229 0
661.986 0
670.817 0
688.325 0
697.105 0
705.977 0
714.771 0
723.557 0
732.212 0
740.995 0
749.889 0
758.784 0
767.540 0
776.271 0
785.297 0
793.940 0
802.886 0
811.728 0
820.440 0
829.224 0
838.232 0
847.079 0
855.823 0
864.734 0
873.704 0
882.423 0
891.382 0
900.180 0
908.951 0
917.895 0
926.772 0
935.721 0
944.564 0
953.324 0
962.332 0
971.134 0
980.041 0
988.842 0
997.839 0
1006.718 0
