# 0.470
13.154 0
21.797 0
30.439 0
39.078 0
47.776 0
56.606 0
65.265 0
73.971 0
82.734 0
91.364 0
100.034 0
108.742 0
117.566 0
126.207 0
134.925 0
143.667 0
152.291 0
160.954 0
169.711 0
178.405 0
187.203 0
195.869 0
204.528 0
213.331 0
221.880 0
230.676 0
239.376 0
248.078 0
256.823 0
265.459 0
274.229 0
282.917 0
291.680 0
300.463 0
309.044 0
317.656 0
326.396 0
343.940 0
352.665 0
361.374 0
370.138 0
378.911 0
387.627 0
396.313 0
405.184 0
413.913 0
422.681 0
431.411 0
440.195 0
448.862 0
457.633 0
466.450 0
475.198 0
483.925 0
492.679 0
501.379 0
510.201 0
518.992 0
527.702 0
536.517 0
545.230 0
554.002 0
562.750 0
571.498 0
580.282 0
589.138 0
597.812 0
606.667 0
615.356 0
624.191 0
632.842 0
641.652 0
650.527 0
659.333 0
668.090 0
685.730 0
694.484 0
703.357 0
712.233 0
721.095 0
729.851 0
738.643 0
747.543 0
756.432 0
765.226 0
774.012 0
782.854 0
791.596 0
800.515 0
809.344 0
818.250 0
827.155 0
836.008 0
844.792 0
853.649 0
862.530 0
871.460 0
880.271 0
889.247 0
898.119 0
906.867 0
915.818 0
924.594 0
933.484 0
942.311 0
951.176 0
960.176 0
968.990 0
978.051 0
986.766 0
995.830 0
1004.728 0
