# 0.470
19.398 0
28.175 0
37.116 0
45.904 0
54.852 0
63.654 0
72.722 0
81.576 0
90.388 0
99.366 0
108.098 0
117.154 0
125.905 0
134.682 0
143.685 0
152.541 0
161.407 0
170.382 0
179.073 0
187.848 0
196.826 0
205.814 0
214.586 0
223.357 0
232.442 0
241.143 0
249.899 0
258.639 0
267.564 0
276.494 0
285.255 0
294.143 0
302.925 0
311.679 0
320.438 0
329.330 0
338.087 0
355.654 0
364.386 0
373.245 0
382.111 0
390.885 0
399.588 0
408.395 0
417.153 0
425.898 0
434.624 0
443.404 0
452.144 0
460.942 0
469.754 0
478.524 0
487.210 0
495.977 0
504.726 0
513.589 0
522.341 0
531.074 0
539.780 0
548.564 0
557.307 0
566.010 0
574.764 0
583.560 0
592.336 0
601.044 0
609.735 0
618.507 0
627.241 0
635.975 0
644.656 0
653.454 0
662.136 0
670.885 0
679.540 0
697.067 0
705.759 0
714.508 0
723.154 0
731.857 0
740.478 0
749.235 0
758.066 0
766.674 0
775.471 0
784.187 0
792.901 0
801.593 0
810.241 0
818.946 0
827.638 0
836.375 0
845.065 0
853.818 0
862.543 0
871.261 0
879.842 0
888.614 0
897.328 0
905.993 0
914.741 0
923.480 0
932.111 0
940.745 0
949.441 0
958.169 0
966.924 0
975.577 0
984.368 0
993.071 0
1001.649 0
1010.372 0
