# 0.470
19.606 0
28.217 0
36.947 0
45.572 0
54.316 0
62.953 0
71.668 0
80.484 0
89.202 0
97.767 0
106.440 0
115.282 0
123.906 0
132.577 0
141.361 0
150.000 0
158.624 0
167.323 0
176.108 0
184.807 0
193.460 0
202.275 0
210.962 0
219.607 0
228.220 0
236.897 0
245.630 0
254.367 0
263.062 0
271.783 0
280.499 0
289.278 0
297.966 0
306.658 0
315.464 0
324.112 0
332.785 0
350.296 0
359.035 0
367.748 0
376.482 0
385.213 0
394.093 0
402.663 0
411.473 0
420.211 0
428.941 0
437.718 0
446.423 0
455.143 0
463.873 0
472.716 0
481.418 0
490.238 0
498.925 0
507.718 0
516.374 0
525.209 0
533.860 0
542.563 0
551.306 0
560.125 0
568.877 0
577.657 0
586.401 0
595.180 0
603.991 0
612.697 0
621.524 0
630.252 0
639.132 0
647.804 0
656.646 0
665.442 0
674.250 0
691.817 0
700.582 0
709.421 0
718.418 0
727.234 0
735.931 0
744.708 0
753.470 0
762.448 0
771.217 0
779.910 0
788.781 0
797.676 0
806.584 0
815.344 0
824.155 0
832.934 0
841.747 0
850.593 0
859.493 0
868.397 0
877.206 0
885.964 0
894.943 0
903.747 0
912.611 0
921.594 0
930.486 0
939.402 0
948.183 0
957.116 0
965.978 0
974.694 0
983.827 0
992.642 0
1001.605 0
1010.414 0
