# 0.470
25.427 0
34.208 0
43.195 0
52.029 0
61.058 0
69.929 0
78.887 0
87.724 0
96.541 0
105.731 0
114.346 0
123.384 0
132.173 0
140.903 0
149.908 0
158.741 0
167.538 0
176.499 0
185.493 0
194.292 0
203.149 0
211.889 0
220.598 0
229.584 0
238.437 0
247.277 0
256.116 0
264.855 0
273.548 0
282.642 0
291.423 0
300.344 0
309.030 0
317.779 0
326.714 0
335.553 0
344.387 0
361.917 0
370.737 0
379.487 0
388.449 0
397.239 0
405.973 0
414.788 0
423.437 0
432.264 0
440.994 0
449.761 0
458.592 0
467.358 0
476.029 0
484.833 0
493.595 0
502.346 0
511.054 0
519.813 0
528.571 0
537.327 0
546.025 0
554.706 0
563.498 0
572.323 0
581.025 0
589.827 0
598.511 0
607.362 0
616.069 0
624.794 0
633.612 0
642.443 0
651.031 0
659.784 0
668.530 0
677.307 0
685.992 0
703.494 0
712.202 0
720.990 0
729.555 0
738.246 0
746.994 0
755.737 0
764.450 0
773.195 0
781.874 0
790.571 0
799.304 0
808.024 0
816.637 0
825.385 0
834.080 0
842.747 0
851.478 0
860.251 0
868.913 0
877.608 0
886.124 0
894.969 0
903.609 0
912.370 0
921.140 0
929.848 0
938.630 0
947.143 0
955.848 0
964.633 0
973.243 0
981.999 0
990.761 0
999.502 0
1008.107 0
1016.851 0
