# 0.470
29.768 0
38.700 0
47.703 0
56.501 0
65.473 0
74.318 0
83.329 0
92.137 0
100.903 0
109.778 0
118.662 0
127.669 0
136.448 0
145.224 0
154.263 0
162.986 0
171.796 0
180.697 0
189.573 0
198.333 0
207.280 0
216.073 0
224.955 0
233.690 0
242.675 0
251.399 0
260.268 0
269.062 0
277.935 0
286.721 0
295.505 0
304.276 0
313.130 0
321.982 0
330.866 0
339.720 0
348.414 0
365.964 0
374.815 0
383.579 0
392.398 0
401.147 0
409.942 0
418.757 0
427.440 0
436.262 0
444.940 0
453.714 0
462.480 0
471.230 0
480.025 0
488.806 0
497.558 0
506.238 0
514.982 0
523.823 0
532.558 0
541.261 0
549.996 0
558.757 0
567.489 0
576.180 0
585.042 0
593.803 0
602.577 0
611.242 0
619.962 0
628.776 0
637.534 0
646.192 0
654.925 0
663.739 0
672.355 0
681.157 0
689.869 0
707.271 0
716.042 0
724.766 0
733.460 0
742.121 0
750.811 0
759.498 0
768.326 0
776.885 0
785.694 0
794.495 0
803.180 0
811.849 0
820.464 0
829.193 0
837.927 0
846.610 0
855.363 0
864.092 0
872.801 0
881.538 0
890.137 0
898.831 0
907.453 0
916.219 0
924.948 0
933.706 0
942.289 0
950.949 0
959.676 0
968.458 0
977.106 0
985.842 0
994.580 0
1003.233 0
1011.794 0
1020.604 0
