# 0.470
18.754 0
27.582 0
36.111 0
45.025 0
53.736 0
62.480 0
71.064 0
79.846 0
88.501 0
97.084 0
105.840 0
114.641 0
123.269 0
131.991 0
140.762 0
149.515 0
158.052 0
166.703 0
175.497 0
184.277 0
193.025 0
201.507 0
210.284 0
219.008 0
227.655 0
236.281 0
245.217 0
253.879 0
262.525 0
271.387 0
280.075 0
288.635 0
297.311 0
306.143 0
314.899 0
323.513 0
332.411 0
349.881 0
358.503 0
367.223 0
375.975 0
384.747 0
393.594 0
402.080 0
410.909 0
419.869 0
428.401 0
437.179 0
446.019 0
454.664 0
463.392 0
472.041 0
480.871 0
489.691 0
498.346 0
507.193 0
515.935 0
524.577 0
533.312 0
542.283 0
550.914 0
559.721 0
568.447 0
577.336 0
585.910 0
594.880 0
603.612 0
612.392 0
621.254 0
629.878 0
638.618 0
647.435 0
656.343 0
665.180 0
673.913 0
691.625 0
700.249 0
709.056 0
718.062 0
726.821 0
735.653 0
744.264 0
753.209 0
762.034 0
770.877 0
779.815 0
788.655 0
797.457 0
806.317 0
815.215 0
823.933 0
832.898 0
841.826 0
850.398 0
859.218 0
868.240 0
877.180 0
886.027 0
894.887 0
903.833 0
912.572 0
921.566 0
930.443 0
939.505 0
948.266 0
957.179 0
966.043 0
975.059 0
983.981 0
992.817 0
1001.897 0
1010.679 0
