# 0.470
24.317 0
33.316 0
42.264 0
51.216 0
60.220 0
69.008 0
77.896 0
86.795 0
95.683 0
104.528 0
113.432 0
122.413 0
131.329 0
139.916 0
149.083 0
157.873 0
166.760 0
175.642 0
184.365 0
193.264 0
202.190 0
210.952 0
219.760 0
228.626 0
237.615 0
246.369 0
255.135 0
264.080 0
272.679 0
281.642 0
290.368 0
299.214 0
308.059 0
316.933 0
325.782 0
334.645 0
343.368 0
360.987 0
369.803 0
378.611 0
387.567 0
396.405 0
405.032 0
413.854 0
422.639 0
431.421 0
440.150 0
448.973 0
457.690 0
466.374 0
475.207 0
484.070 0
492.624 0
501.553 0
510.209 0
519.022 0
527.793 0
536.428 0
545.212 0
554.133 0
562.732 0
571.360 0
580.162 0
589.083 0
597.711 0
606.430 0
615.272 0
623.959 0
632.752 0
641.383 0
650.104 0
658.876 0
667.752 0
676.534 0
685.101 0
702.709 0
711.451 0
720.362 0
728.754 0
737.468 0
746.289 0
755.101 0
763.839 0
772.471 0
781.145 0
789.758 0
798.632 0
807.360 0
815.936 0
824.712 0
833.282 0
842.191 0
850.896 0
859.511 0
868.380 0
876.986 0
885.705 0
894.368 0
902.878 0
911.707 0
920.338 0
929.137 0
937.893 0
946.432 0
955.171 0
963.950 0
972.656 0
981.377 0
990.112 0
998.821 0
1007.418 0
1016.070 0
