# 0.470
23.215 0
31.942 0
40.540 0
49.270 0
58.007 0
66.770 0
75.440 0
84.150 0
92.845 0
101.509 0
110.143 0
118.929 0
127.601 0
136.345 0
145.088 0
153.801 0
162.333 0
171.103 0
179.819 0
188.483 0
197.245 0
205.916 0
214.643 0
223.394 0
232.019 0
240.728 0
249.434 0
258.159 0
266.879 0
275.463 0
284.200 0
292.998 0
301.798 0
310.407 0
319.064 0
327.827 0
336.558 0
354.025 0
362.832 0
371.467 0
380.172 0
388.945 0
397.731 0
406.457 0
415.153 0
423.922 0
432.750 0
441.463 0
450.132 0
458.925 0
467.691 0
476.387 0
485.099 0
493.932 0
502.648 0
511.384 0
520.159 0
528.929 0
537.685 0
546.293 0
555.137 0
563.928 0
572.661 0
581.424 0
590.191 0
599.002 0
607.781 0
616.428 0
625.240 0
634.084 0
642.830 0
651.684 0
660.506 0
669.288 0
678.108 0
695.689 0
704.547 0
713.287 0
722.227 0
730.882 0
739.745 0
748.589 0
757.349 0
766.293 0
775.040 0
783.835 0
792.654 0
801.507 0
810.436 0
819.287 0
827.999 0
836.856 0
845.739 0
854.594 0
863.407 0
872.263 0
881.259 0
890.018 0
898.908 0
907.773 0
916.662 0
925.608 0
934.455 0
943.406 0
952.293 0
961.044 0
970.026 0
978.843 0
987.871 0
996.743 0
1005.685 0
1014.519 0
