# 0.470
18.104 0
26.862 0
35.534 0
44.190 0
52.880 0
61.552 0
70.304 0
78.959 0
87.611 0
96.244 0
105.005 0
113.679 0
122.395 0
131.094 0
139.781 0
148.451 0
156.991 0
165.738 0
174.524 0
183.212 0
191.863 0
200.503 0
209.300 0
217.950 0
226.602 0
235.359 0
243.946 0
252.584 0
261.376 0
270.154 0
278.812 0
287.412 0
296.095 0
304.849 0
313.457 0
322.177 0
330.942 0
348.439 0
357.179 0
365.932 0
374.541 0
383.248 0
392.085 0
400.774 0
409.402 0
418.198 0
426.868 0
435.606 0
444.389 0
453.054 0
461.925 0
470.569 0
479.250 0
487.944 0
496.725 0
505.394 0
514.257 0
522.824 0
531.696 0
540.525 0
549.145 0
557.790 0
566.952 0
575.348 0
584.060 0
592.883 0
601.546 0
610.441 0
619.428 0
627.944 0
636.569 0
645.564 0
654.213 0
662.933 0
671.870 0
689.351 0
698.171 0
706.997 0
715.926 0
724.758 0
733.465 0
742.213 0
750.978 0
760.013 0
768.503 0
777.499 0
786.396 0
795.086 0
804.047 0
812.643 0
821.540 0
830.249 0
839.240 0
848.141 0
856.715 0
865.740 0
874.643 0
883.414 0
892.264 0
901.181 0
909.984 0
918.963 0
927.872 0
936.711 0
945.506 0
954.432 0
963.404 0
972.292 0
981.057 0
989.998 0
998.891 0
1007.876 0
