# 0.470
19.909 0
28.572 0
37.363 0
45.906 0
54.565 0
63.392 0
71.957 0
80.767 0
89.493 0
98.092 0
106.720 0
115.546 0
124.143 0
132.758 0
141.575 0
150.108 0
158.782 0
167.578 0
176.408 0
185.012 0
193.673 0
202.467 0
211.114 0
219.754 0
228.326 0
236.977 0
245.739 0
254.458 0
263.216 0
271.884 0
280.539 0
289.314 0
298.028 0
306.719 0
315.514 0
324.198 0
332.873 0
350.330 0
359.066 0
367.700 0
376.492 0
385.252 0
394.158 0
402.696 0
411.496 0
420.205 0
428.946 0
437.688 0
446.343 0
455.061 0
463.760 0
472.612 0
481.296 0
490.128 0
498.866 0
507.564 0
516.292 0
525.043 0
533.705 0
542.432 0
551.139 0
559.893 0
568.686 0
577.450 0
586.215 0
594.952 0
603.792 0
612.451 0
621.321 0
630.006 0
638.876 0
647.540 0
656.401 0
665.157 0
673.940 0
691.519 0
700.296 0
709.168 0
718.163 0
726.915 0
735.571 0
744.376 0
753.145 0
762.091 0
770.809 0
779.558 0
788.407 0
797.356 0
806.212 0
814.975 0
823.737 0
832.517 0
841.352 0
850.189 0
859.149 0
867.957 0
876.740 0
885.450 0
894.447 0
903.246 0
912.177 0
921.182 0
930.009 0
938.893 0
947.760 0
956.582 0
965.531 0
974.302 0
983.315 0
992.169 0
1001.113 0
1009.926 0
