# 0.470
25.220 0
33.971 0
42.991 0
51.739 0
60.710 0
69.431 0
78.518 0
87.337 0
96.161 0
105.086 0
113.794 0
122.841 0
131.637 0
140.407 0
149.408 0
158.243 0
167.100 0
176.029 0
184.727 0
193.539 0
202.538 0
211.491 0
220.222 0
228.978 0
238.028 0
246.759 0
255.527 0
264.223 0
273.164 0
282.035 0
290.772 0
299.622 0
308.466 0
317.219 0
325.942 0
334.797 0
343.527 0
361.074 0
369.798 0
378.613 0
387.541 0
396.332 0
404.973 0
413.760 0
422.503 0
431.275 0
440.005 0
448.720 0
457.418 0
466.300 0
475.083 0
483.773 0
492.486 0
501.270 0
510.036 0
518.847 0
527.617 0
536.358 0
545.015 0
553.760 0
562.521 0
571.241 0
579.970 0
588.788 0
597.437 0
606.227 0
614.858 0
623.630 0
632.351 0
641.057 0
649.732 0
658.530 0
667.172 0
675.968 0
684.564 0
702.046 0
710.761 0
719.460 0
728.048 0
736.769 0
745.402 0
754.153 0
762.965 0
771.556 0
780.363 0
789.046 0
797.727 0
806.465 0
815.093 0
823.786 0
832.478 0
841.205 0
849.860 0
858.645 0
867.342 0
876.021 0
884.592 0
893.394 0
902.052 0
910.703 0
919.482 0
928.191 0
936.821 0
945.462 0
954.088 0
962.800 0
971.543 0
980.215 0
988.992 0
997.683 0
1006.265 0
1014.954 0
