# 0.470
27.048 0
35.820 0
44.795 0
53.672 0
62.718 0
71.534 0
80.504 0
89.314 0
98.112 0
107.188 0
115.935 0
124.888 0
133.727 0
142.466 0
151.417 0
160.238 0
169.077 0
177.969 0
186.897 0
195.663 0
204.607 0
213.333 0
222.029 0
230.964 0
239.761 0
248.555 0
257.419 0
266.226 0
274.816 0
283.892 0
292.734 0
301.563 0
310.268 0
318.998 0
327.873 0
336.764 0
345.587 0
363.104 0
371.916 0
380.654 0
389.559 0
398.338 0
407.063 0
415.878 0
424.555 0
433.322 0
442.060 0
450.823 0
459.650 0
468.418 0
477.044 0
485.834 0
494.646 0
503.337 0
512.057 0
520.757 0
529.539 0
538.231 0
546.969 0
555.607 0
564.348 0
573.224 0
581.878 0
590.684 0
599.404 0
608.165 0
616.919 0
625.578 0
634.431 0
643.232 0
651.836 0
660.622 0
669.302 0
678.044 0
686.712 0
704.223 0
712.873 0
721.704 0
730.265 0
738.907 0
747.646 0
756.429 0
765.064 0
773.809 0
782.509 0
791.195 0
799.910 0
808.602 0
817.273 0
825.968 0
834.614 0
843.300 0
852.016 0
860.759 0
869.482 0
878.111 0
886.617 0
895.455 0
904.111 0
912.835 0
921.576 0
930.293 0
939.079 0
947.558 0
956.318 0
965.019 0
973.645 0
982.422 0
991.145 0
999.930 0
1008.467 0
1017.235 0
