# 0.470
23.391 0
32.239 0
41.240 0
50.132 0
59.028 0
67.908 0
76.818 0
85.693 0
94.489 0
103.401 0
112.310 0
121.208 0
129.942 0
138.815 0
147.834 0
156.503 0
165.306 0
174.372 0
183.178 0
191.808 0
200.878 0
209.580 0
218.615 0
227.386 0
236.210 0
244.879 0
253.852 0
262.540 0
271.437 0
280.280 0
289.189 0
297.871 0
306.860 0
315.487 0
324.310 0
333.169 0
341.999 0
359.422 0
368.299 0
377.003 0
385.871 0
394.734 0
403.409 0
412.270 0
420.966 0
429.648 0
438.633 0
447.363 0
455.986 0
464.663 0
473.569 0
482.238 0
490.960 0
499.802 0
508.567 0
517.247 0
526.061 0
534.755 0
543.421 0
552.230 0
561.001 0
569.722 0
578.392 0
587.233 0
595.871 0
604.620 0
613.369 0
622.234 0
630.876 0
639.598 0
648.401 0
657.055 0
665.787 0
674.474 0
683.182 0
700.708 0
709.483 0
718.092 0
726.764 0
735.434 0
744.105 0
752.814 0
761.564 0
770.278 0
778.964 0
787.749 0
796.465 0
805.132 0
813.739 0
822.458 0
831.171 0
839.915 0
848.549 0
857.336 0
866.021 0
874.745 0
883.425 0
892.087 0
900.697 0
909.418 0
918.222 0
926.836 0
935.557 0
944.126 0
952.816 0
961.565 0
970.288 0
978.840 0
987.666 0
996.361 0
1004.920 0
1013.671 0
