# 0.470
26.080 0
35.210 0
44.159 0
52.950 0
61.976 0
70.502 0
79.646 0
88.594 0
97.263 0
106.267 0
115.226 0
124.037 0
132.653 0
141.671 0
150.633 0
159.354 0
168.208 0
177.135 0
186.003 0
194.702 0
203.391 0
212.488 0
221.316 0
229.919 0
238.830 0
247.663 0
256.476 0
265.156 0
274.279 0
282.940 0
291.687 0
300.743 0
309.404 0
318.146 0
327.108 0
335.737 0
344.572 0
362.018 0
370.758 0
379.778 0
388.487 0
397.158 0
405.849 0
414.731 0
423.487 0
432.090 0
440.827 0
449.439 0
458.476 0
467.171 0
475.951 0
484.737 0
493.351 0
502.143 0
510.895 0
519.524 0
528.363 0
536.889 0
545.776 0
554.583 0
563.160 0
571.962 0
580.735 0
589.353 0
598.229 0
606.984 0
615.580 0
624.207 0
633.137 0
641.736 0
650.516 0
659.330 0
667.940 0
676.872 0
685.501 0
702.963 0
711.597 0
720.221 0
728.869 0
737.582 0
746.251 0
754.975 0
763.553 0
772.396 0
781.209 0
789.894 0
798.606 0
807.357 0
815.888 0
824.530 0
833.274 0
841.930 0
850.635 0
859.492 0
868.124 0
876.713 0
885.460 0
894.047 0
902.744 0
911.405 0
920.128 0
928.938 0
937.507 0
946.118 0
954.755 0
963.399 0
972.216 0
980.979 0
989.561 0
998.368 0
1006.973 0
1015.539 0
