# 0.470
16.210 0
24.944 0
33.635 0
42.190 0
50.958 0
59.701 0
68.309 0
77.101 0
85.796 0
94.336 0
103.011 0
111.768 0
120.557 0
129.224 0
137.924 0
146.738 0
155.176 0
163.877 0
172.683 0
181.380 0
190.063 0
198.736 0
207.457 0
216.225 0
224.642 0
233.403 0
242.150 0
250.894 0
259.677 0
268.280 0
276.982 0
285.743 0
294.444 0
303.029 0
311.692 0
320.476 0
329.150 0
346.640 0
355.309 0
364.021 0
372.719 0
381.537 0
390.255 0
398.921 0
407.654 0
416.394 0
425.119 0
433.932 0
442.650 0
451.460 0
460.125 0
468.780 0
477.625 0
486.270 0
495.076 0
503.766 0
512.485 0
521.226 0
530.036 0
538.704 0
547.440 0
556.238 0
564.978 0
573.730 0
582.476 0
591.206 0
599.963 0
608.771 0
617.508 0
626.206 0
635.082 0
643.738 0
652.568 0
661.364 0
670.176 0
687.703 0
696.410 0
705.234 0
714.123 0
722.911 0
731.815 0
740.448 0
749.342 0
758.213 0
767.029 0
775.824 0
784.587 0
793.372 0
802.429 0
811.095 0
819.806 0
828.648 0
837.724 0
846.367 0
855.249 0
864.032 0
872.810 0
881.777 0
890.678 0
899.562 0
908.341 0
917.359 0
925.989 0
935.098 0
943.821 0
952.546 0
961.697 0
970.518 0
979.420 0
988.365 0
997.384 0
1006.152 0
