# 0.470
17.694 0
26.345 0
34.958 0
43.584 0
52.290 0
61.045 0
69.692 0
78.427 0
87.172 0
95.746 0
104.426 0
113.148 0
121.922 0
130.558 0
139.288 0
147.993 0
156.580 0
165.237 0
174.020 0
182.675 0
191.478 0
200.119 0
208.764 0
217.587 0
226.153 0
234.929 0
243.586 0
252.287 0
261.011 0
269.631 0
278.390 0
287.036 0
295.798 0
304.577 0
313.102 0
321.751 0
330.488 0
347.968 0
356.692 0
365.365 0
374.098 0
382.845 0
391.550 0
400.258 0
409.063 0
417.789 0
426.557 0
435.284 0
443.994 0
452.688 0
461.465 0
470.239 0
478.959 0
487.669 0
496.436 0
505.144 0
513.933 0
522.691 0
531.418 0
540.209 0
548.880 0
557.646 0
566.380 0
575.127 0
583.890 0
592.700 0
601.404 0
610.259 0
618.900 0
627.702 0
636.364 0
645.175 0
653.994 0
662.765 0
671.574 0
689.138 0
697.883 0
706.688 0
715.627 0
724.428 0
733.200 0
741.971 0
750.839 0
759.703 0
768.462 0
777.214 0
786.061 0
794.817 0
803.710 0
812.518 0
821.364 0
830.266 0
839.114 0
847.923 0
856.762 0
865.598 0
874.509 0
883.302 0
892.251 0
901.110 0
909.853 0
918.801 0
927.532 0
936.426 0
945.240 0
954.093 0
963.030 0
971.849 0
980.816 0
989.596 0
998.696 0
1007.511 0
