# 0.470
19.929 0
28.798 0
37.722 0
46.533 0
55.602 0
64.448 0
73.415 0
82.272 0
91.045 0
100.104 0
108.942 0
117.812 0
126.556 0
135.398 0
144.352 0
153.082 0
161.816 0
170.906 0
179.795 0
188.385 0
197.284 0
206.148 0
214.979 0
223.652 0
232.689 0
241.477 0
250.199 0
259.218 0
267.769 0
276.716 0
285.648 0
294.471 0
303.257 0
311.884 0
320.914 0
329.751 0
338.555 0
356.015 0
364.855 0
373.707 0
382.466 0
391.312 0
400.210 0
408.795 0
417.573 0
426.398 0
435.120 0
443.951 0
452.659 0
461.449 0
470.148 0
478.960 0
487.721 0
496.393 0
505.137 0
513.910 0
522.634 0
531.274 0
540.070 0
548.855 0
557.589 0
566.548 0
575.286 0
584.016 0
592.625 0
601.429 0
610.177 0
618.962 0
627.673 0
636.393 0
645.105 0
653.851 0
662.523 0
671.353 0
680.123 0
697.573 0
706.148 0
714.963 0
723.640 0
732.158 0
741.038 0
749.655 0
758.467 0
767.235 0
775.848 0
784.564 0
793.292 0
802.022 0
810.588 0
819.404 0
828.018 0
836.674 0
845.412 0
854.247 0
862.940 0
871.578 0
880.324 0
888.959 0
897.590 0
906.428 0
914.988 0
923.664 0
932.473 0
941.043 0
949.791 0
958.541 0
967.271 0
975.909 0
984.714 0
993.387 0
1002.023 0
1010.658 0
