# 0.470
21.710 0
30.592 0
39.578 0
48.417 0
57.343 0
66.229 0
75.286 0
84.125 0
92.839 0
101.898 0
110.634 0
119.671 0
128.507 0
137.266 0
146.176 0
155.126 0
163.858 0
172.892 0
181.698 0
190.481 0
199.498 0
208.256 0
217.066 0
225.855 0
234.770 0
243.555 0
252.356 0
261.269 0
270.007 0
278.906 0
287.754 0
296.666 0
305.399 0
314.169 0
323.154 0
331.837 0
340.639 0
358.181 0
367.092 0
375.708 0
384.742 0
393.517 0
402.296 0
410.977 0
419.762 0
428.570 0
437.297 0
446.156 0
454.943 0
463.568 0
472.418 0
481.177 0
489.957 0
498.696 0
507.414 0
516.257 0
524.926 0
533.718 0
542.486 0
551.284 0
559.933 0
568.746 0
577.552 0
586.321 0
595.063 0
603.696 0
612.557 0
621.276 0
629.946 0
638.666 0
647.410 0
656.197 0
664.976 0
673.791 0
682.387 0
699.943 0
708.684 0
717.356 0
726.012 0
734.678 0
743.420 0
752.192 0
760.954 0
769.658 0
778.431 0
787.112 0
795.772 0
804.599 0
813.220 0
821.837 0
830.636 0
839.277 0
848.014 0
856.774 0
865.515 0
874.275 0
882.843 0
891.601 0
900.267 0
908.984 0
917.676 0
926.508 0
935.186 0
943.748 0
952.462 0
961.240 0
969.844 0
978.654 0
987.375 0
996.073 0
1004.612 0
1013.415 0
