# 0.470
35.323 0
44.220 0
52.931 0
62.048 0
70.739 0
79.840 0
88.744 0
97.272 0
106.509 0
115.320 0
124.400 0
133.095 0
141.622 0
150.666 0
159.641 0
168.350 0
177.323 0
186.304 0
194.852 0
203.856 0
212.807 0
221.325 0
230.160 0
239.142 0
248.112 0
256.869 0
265.668 0
274.076 0
283.314 0
292.145 0
300.807 0
309.855 0
318.773 0
327.504 0
344.699 0
362.336 0
370.870 0
380.097 0
388.821 0
397.640 0
406.453 0
415.194 0
423.918 0
432.590 0
441.491 0
450.270 0
458.956 0
467.687 0
476.528 0
485.257 0
494.048 0
502.741 0
511.362 0
520.267 0
528.563 0
537.678 0
546.355 0
555.201 0
563.741 0
572.444 0
581.341 0
590.125 0
598.727 0
607.341 0
616.194 0
624.613 0
633.489 0
642.447 0
651.235 0
659.971 0
668.761 0
677.335 0
686.072 0
694.898 0
703.463 0
712.352 0
721.119 0
729.774 0
738.329 0
746.890 0
755.735 0
764.304 0
773.180 0
781.799 0
790.799 0
799.395 0
808.094 0
816.594 0
825.302 0
834.346 0
842.670 0
851.562 0
860.175 0
869.017 0
877.874 0
886.325 0
895.066 0
903.608 0
912.421 0
921.126 0
929.633 0
938.422 0
947.153 0
955.843 0
964.599 0
973.180 0
982.009 0
990.615 0
999.424 0
1007.923 0
1016.665 0
1025.375 0
