# 0.470
22.473 0
31.138 0
40.141 0
48.985 0
57.875 0
66.778 0
75.714 0
84.356 0
93.375 0
102.277 0
111.108 0
120.107 0
128.842 0
137.764 0
146.650 0
155.508 0
164.290 0
173.202 0
181.993 0
190.803 0
199.792 0
208.534 0
217.359 0
226.146 0
235.085 0
243.736 0
252.783 0
261.520 0
270.361 0
279.221 0
288.045 0
296.813 0
305.454 0
314.459 0
323.240 0
332.026 0
340.903 0
358.343 0
367.068 0
375.863 0
384.739 0
393.548 0
402.292 0
411.028 0
419.834 0
428.485 0
437.218 0
445.969 0
454.746 0
463.553 0
472.368 0
481.026 0
489.859 0
498.598 0
507.261 0
516.063 0
524.799 0
533.459 0
542.262 0
551.007 0
559.784 0
568.445 0
577.186 0
586.022 0
594.615 0
603.458 0
612.076 0
621.070 0
629.559 0
638.370 0
647.000 0
655.959 0
664.621 0
673.332 0
681.978 0
699.475 0
708.188 0
716.886 0
725.406 0
734.164 0
742.906 0
751.574 0
760.358 0
769.091 0
777.743 0
786.422 0
795.204 0
803.946 0
812.439 0
821.178 0
829.853 0
838.618 0
847.103 0
856.111 0
864.698 0
873.403 0
881.934 0
890.764 0
899.345 0
908.199 0
916.665 0
925.631 0
934.348 0
942.838 0
951.521 0
960.244 0
969.008 0
977.751 0
986.364 0
995.033 0
1003.457 0
1012.411 0
