# 0.470
17.079 0
25.261 0
34.406 0
43.035 0
52.046 0
60.673 0
69.143 0
78.212 0
86.697 0
95.120 0
104.107 0
112.689 0
121.526 0
130.113 0
138.580 0
147.419 0
156.261 0
165.265 0
174.049 0
183.003 0
191.305 0
200.156 0
208.568 0
217.311 0
225.370 0
234.733 0
243.284 0
252.244 0
260.578 0
269.652 0
278.366 0
286.748 0
295.487 0
304.471 0
312.788 0
321.775 0
330.540 0
348.092 0
356.705 0
365.514 0
374.087 0
382.827 0
391.711 0
400.509 0
409.384 0
417.682 0
426.427 0
435.716 0
444.163 0
453.205 0
461.338 0
470.636 0
479.244 0
487.793 0
496.696 0
505.571 0
514.283 0
523.061 0
531.782 0
540.317 0
549.496 0
557.771 0
566.835 0
575.930 0
584.218 0
592.953 0
601.726 0
610.671 0
619.547 0
628.199 0
636.534 0
645.668 0
654.795 0
662.990 0
672.653 0
689.937 0
698.317 0
707.524 0
716.438 0
724.954 0
733.867 0
742.573 0
751.441 0
760.846 0
769.361 0
778.011 0
786.898 0
795.864 0
804.595 0
813.456 0
822.280 0
831.225 0
840.017 0
848.808 0
857.359 0
866.878 0
875.295 0
884.248 0
893.206 0
901.943 0
910.802 0
920.059 0
928.437 0
937.758 0
946.696 0
954.970 0
964.532 0
973.071 0
982.126 0
991.084 0
999.848 0
1009.059 0
