# 0.470
10.410 0
19.221 0
27.945 0
36.584 0
45.361 0
54.004 0
62.733 0
71.215 0
80.267 0
88.825 0
97.475 0
106.261 0
114.889 0
123.626 0
132.304 0
140.912 0
149.722 0
158.279 0
166.971 0
175.812 0
184.506 0
193.157 0
201.811 0
210.359 0
219.284 0
227.687 0
236.300 0
245.388 0
253.833 0
262.769 0
271.310 0
280.152 0
288.844 0
297.609 0
306.359 0
314.947 0
323.586 0
332.309 0
341.316 0
349.647 0
358.765 0
367.319 0
376.083 0
384.638 0
393.287 0
402.243 0
410.831 0
419.637 0
428.261 0
437.188 0
445.792 0
454.707 0
463.452 0
472.175 0
480.875 0
489.640 0
498.402 0
507.152 0
515.877 0
524.614 0
533.415 0
542.069 0
550.919 0
568.350 0
585.922 0
594.711 0
603.434 0
612.285 0
621.023 0
629.807 0
638.498 0
647.291 0
656.193 0
664.691 0
673.763 0
682.544 0
691.170 0
700.146 0
708.911 0
717.720 0
726.618 0
735.363 0
744.233 0
753.033 0
761.943 0
770.674 0
779.489 0
788.291 0
797.119 0
806.025 0
814.820 0
823.697 0
832.395 0
841.377 0
850.281 0
859.064 0
867.911 0
876.825 0
885.732 0
894.608 0
903.373 0
912.245 0
921.134 0
930.079 0
939.031 0
947.941 0
956.709 0
965.651 0
974.495 0
983.391 0
992.234 0
1001.116 0
