# 0.470
13.402 0
22.081 0
30.687 0
39.435 0
48.206 0
56.907 0
65.541 0
74.312 0
83.099 0
91.570 0
100.354 0
109.102 0
117.765 0
126.515 0
135.095 0
143.904 0
152.445 0
161.211 0
169.930 0
178.615 0
187.369 0
196.034 0
204.770 0
213.509 0
221.887 0
230.712 0
239.348 0
248.268 0
256.855 0
265.626 0
274.288 0
283.008 0
291.715 0
300.427 0
309.056 0
317.839 0
326.572 0
344.030 0
352.806 0
361.459 0
370.233 0
378.984 0
387.774 0
396.536 0
405.203 0
413.976 0
422.651 0
431.400 0
440.110 0
448.706 0
457.504 0
466.332 0
475.079 0
483.784 0
492.612 0
501.345 0
509.949 0
518.793 0
527.588 0
536.352 0
545.059 0
554.041 0
562.537 0
571.191 0
580.041 0
588.690 0
597.663 0
606.286 0
615.069 0
623.831 0
632.628 0
641.449 0
650.408 0
659.151 0
667.934 0
685.485 0
694.242 0
703.153 0
712.057 0
720.769 0
729.552 0
738.423 0
747.063 0
756.159 0
764.829 0
773.662 0
782.510 0
791.231 0
800.228 0
809.105 0
817.837 0
826.643 0
835.563 0
844.348 0
853.130 0
862.164 0
870.912 0
879.749 0
888.710 0
897.444 0
906.354 0
915.292 0
924.193 0
933.187 0
942.035 0
950.811 0
959.771 0
968.702 0
977.667 0
986.446 0
995.472 0
1004.323 0
