# 0.470
23.188 0
32.138 0
40.973 0
49.966 0
58.776 0
67.859 0
76.842 0
85.641 0
94.667 0
103.689 0
112.059 0
121.292 0
130.063 0
138.900 0
147.641 0
156.355 0
165.391 0
174.068 0
183.084 0
191.906 0
200.842 0
209.719 0
218.586 0
227.361 0
236.358 0
244.999 0
253.134 0
262.743 0
271.329 0
280.137 0
288.881 0
297.966 0
306.700 0
315.418 0
324.373 0
333.188 0
342.062 0
359.530 0
368.339 0
376.689 0
386.182 0
394.454 0
403.413 0
412.281 0
420.982 0
429.685 0
438.629 0
447.207 0
456.148 0
464.635 0
473.757 0
482.360 0
491.067 0
499.697 0
508.641 0
517.452 0
525.762 0
535.199 0
543.810 0
552.443 0
561.174 0
569.905 0
578.649 0
587.545 0
595.953 0
604.881 0
613.500 0
622.336 0
631.143 0
639.747 0
648.380 0
657.528 0
666.312 0
674.629 0
683.382 0
700.914 0
709.821 0
718.431 0
726.995 0
735.717 0
744.547 0
753.146 0
761.925 0
770.855 0
779.355 0
787.930 0
797.116 0
805.574 0
813.945 0
823.313 0
831.440 0
840.239 0
849.172 0
857.860 0
866.353 0
875.316 0
883.850 0
892.419 0
901.206 0
909.940 0
918.929 0
927.337 0
936.185 0
944.724 0
953.712 0
962.148 0
971.198 0
979.508 0
988.509 0
996.914 0
1005.494 0
1014.175 0
