# 0.470
24.437 0
33.179 0
42.299 0
51.186 0
60.054 0
68.767 0
77.798 0
86.635 0
95.663 0
104.808 0
113.466 0
122.400 0
131.332 0
140.098 0
148.916 0
157.640 0
166.500 0
175.728 0
184.365 0
192.924 0
202.072 0
210.954 0
219.536 0
228.438 0
237.313 0
246.235 0
254.980 0
263.967 0
272.651 0
281.490 0
290.299 0
299.203 0
307.877 0
316.957 0
325.639 0
334.554 0
343.185 0
360.796 0
369.545 0
378.419 0
387.244 0
396.087 0
404.951 0
413.651 0
422.384 0
431.116 0
439.791 0
449.238 0
457.627 0
466.211 0
475.113 0
483.863 0
492.506 0
501.125 0
510.018 0
518.766 0
527.522 0
536.257 0
544.971 0
553.791 0
562.402 0
571.154 0
580.031 0
588.836 0
597.422 0
606.175 0
614.843 0
623.802 0
632.445 0
641.192 0
649.923 0
658.650 0
667.386 0
676.143 0
684.733 0
702.345 0
711.011 0
719.716 0
728.733 0
737.079 0
745.826 0
754.573 0
763.244 0
772.072 0
780.659 0
789.439 0
798.374 0
806.853 0
815.507 0
824.457 0
832.927 0
841.563 0
850.589 0
859.057 0
867.794 0
876.577 0
884.992 0
894.009 0
902.398 0
911.224 0
919.937 0
928.737 0
937.267 0
945.923 0
954.722 0
963.378 0
972.711 0
980.957 0
989.427 0
998.378 0
1006.814 0
1015.716 0
