# 0.470
18.585 0
27.179 0
36.031 0
44.847 0
53.069 0
61.888 0
71.038 0
79.137 0
88.455 0
96.595 0
105.535 0
114.131 0
123.059 0
131.610 0
140.555 0
149.300 0
157.417 0
166.196 0
174.913 0
183.632 0
192.408 0
201.133 0
209.768 0
218.543 0
227.172 0
236.089 0
244.436 0
253.340 0
262.024 0
270.547 0
279.421 0
288.579 0
296.966 0
305.590 0
314.358 0
322.871 0
331.835 0
349.172 0
357.743 0
366.502 0
375.308 0
383.945 0
392.763 0
401.435 0
410.334 0
419.230 0
427.754 0
436.515 0
445.440 0
453.889 0
462.685 0
471.724 0
480.099 0
489.056 0
497.746 0
506.808 0
515.225 0
524.337 0
532.919 0
541.509 0
550.273 0
559.126 0
567.663 0
576.631 0
585.422 0
594.103 0
602.901 0
611.524 0
620.264 0
629.131 0
637.851 0
646.691 0
655.549 0
664.392 0
673.084 0
690.771 0
699.469 0
708.226 0
717.588 0
726.116 0
735.008 0
743.847 0
752.433 0
761.497 0
770.117 0
779.065 0
787.714 0
796.436 0
805.709 0
814.226 0
822.927 0
831.857 0
840.795 0
849.668 0
858.370 0
867.535 0
876.344 0
885.170 0
894.153 0
903.068 0
911.613 0
920.866 0
929.653 0
938.600 0
947.395 0
956.186 0
965.323 0
974.056 0
982.981 0
991.902 0
1000.880 0
1009.716 0
