# 0.470
6.806 0
15.478 0
24.429 0
32.969 0
41.660 0
50.411 0
59.252 0
67.801 0
76.550 0
85.169 0
93.740 0
102.553 0
111.302 0
119.831 0
128.800 0
137.463 0
145.989 0
154.687 0
163.388 0
171.907 0
180.898 0
189.663 0
198.187 0
207.000 0
215.581 0
224.316 0
233.056 0
241.762 0
250.451 0
259.253 0
267.924 0
276.644 0
285.237 0
294.109 0
302.780 0
311.266 0
319.884 0
328.712 0
337.513 0
346.030 0
355.043 0
363.517 0
372.223 0
381.031 0
389.760 0
398.597 0
407.390 0
415.879 0
424.624 0
433.514 0
442.076 0
450.869 0
459.644 0
468.437 0
477.206 0
485.993 0
494.693 0
503.309 0
511.986 0
520.854 0
529.643 0
538.309 0
547.094 0
564.402 0
582.267 0
590.996 0
599.647 0
608.461 0
617.027 0
625.823 0
634.507 0
643.330 0
652.185 0
660.928 0
669.749 0
678.236 0
687.354 0
695.965 0
704.902 0
713.777 0
722.553 0
731.500 1
740.308 0
749.016 0
757.769 0
766.783 0
775.431 0
784.299 0
793.107 0
802.067 0
810.772 0
819.613 0
828.424 0
837.354 0
846.219 0
854.973 0
863.917 0
872.696 0
881.448 0
890.431 0
899.271 0
908.138 0
917.014 0
925.843 0
934.730 0
943.595 0
952.528 0
961.349 0
970.170 0
979.175 0
987.966 0
996.975 0
