# 0.470
14.954 0
23.700 0
32.348 0
41.058 0
49.615 0
58.454 0
67.095 0
75.774 0
84.501 0
93.039 0
101.823 0
110.468 0
119.233 0
127.982 0
136.638 0
145.339 0
153.868 0
162.603 0
171.356 0
180.054 0
188.656 0
197.339 0
206.147 0
214.919 0
223.405 0
232.121 0
240.953 0
249.606 0
258.315 0
267.006 0
275.775 0
284.457 0
293.213 0
301.828 0
310.511 0
319.169 0
327.951 0
345.292 0
353.996 0
362.793 0
371.573 0
380.352 0
388.933 0
397.696 0
406.470 0
415.141 0
423.937 0
432.639 0
441.397 0
450.177 0
458.864 0
467.665 0
476.196 0
485.067 0
493.762 0
502.537 0
511.257 0
519.965 0
528.742 0
537.481 0
546.270 0
555.046 0
563.787 0
572.440 0
581.295 0
589.999 0
598.733 0
607.452 0
616.181 0
625.106 0
633.808 0
642.373 0
651.460 0
660.145 0
668.998 0
686.446 0
695.287 0
704.142 0
712.914 0
721.652 0
730.467 0
739.297 0
748.029 0
756.786 0
765.769 0
774.355 0
783.335 0
791.893 0
800.712 0
809.814 0
818.491 0
827.364 0
836.366 0
845.147 0
853.991 0
863.045 0
871.695 0
880.443 0
889.530 0
898.129 0
907.013 0
916.026 0
924.685 0
933.752 0
942.655 0
951.419 0
960.400 0
969.259 0
978.166 0
987.033 0
995.942 0
1004.728 0
