# 0.470
27.405 0
36.320 0
45.196 0
53.948 0
63.029 0
71.791 0
80.704 0
89.565 0
98.267 0
107.315 0
116.153 0
125.074 0
133.882 0
142.631 0
151.598 0
160.247 0
169.136 0
178.010 0
186.875 0
195.782 0
204.585 0
213.395 0
222.209 0
230.995 0
239.862 0
248.622 0
257.417 0
266.400 0
274.998 0
283.931 0
292.751 0
301.641 0
310.283 0
318.976 0
327.997 0
336.662 0
345.500 0
362.870 0
371.781 0
380.601 0
389.415 0
398.244 0
406.921 0
415.709 0
424.475 0
433.263 0
441.963 0
450.853 0
459.450 0
468.118 0
476.923 0
485.691 0
494.388 0
503.122 0
511.867 0
520.721 0
529.426 0
538.163 0
546.891 0
555.620 0
564.365 0
573.116 0
581.759 0
590.515 0
599.234 0
608.023 0
616.857 0
625.607 0
634.415 0
643.170 0
651.796 0
660.389 0
669.133 0
677.832 0
686.507 0
704.039 0
712.754 0
721.452 0
730.032 0
738.715 0
747.422 0
756.136 0
764.959 0
773.549 0
782.326 0
791.034 0
799.768 0
808.483 0
817.076 0
825.846 0
834.578 0
843.222 0
851.879 0
860.598 0
869.361 0
878.097 0
886.508 0
895.155 0
903.921 0
912.688 0
921.397 0
930.094 0
938.805 0
947.351 0
956.123 0
964.798 0
973.478 0
982.234 0
990.956 0
999.627 0
1008.244 0
1016.976 0
