# 0.470
19.476 0
28.162 0
36.788 0
45.527 0
54.216 0
62.878 0
71.739 0
80.362 0
89.028 0
97.620 0
106.191 0
115.059 0
123.746 0
132.457 0
141.149 0
149.855 0
158.416 0
167.090 0
175.855 0
184.604 0
193.323 0
201.958 0
210.594 0
219.423 0
227.914 0
236.654 0
245.436 0
254.107 0
262.844 0
271.518 0
280.284 0
288.968 0
297.776 0
306.388 0
315.017 0
323.746 0
332.474 0
349.852 0
358.564 0
367.378 0
376.040 0
384.739 0
393.547 0
402.222 0
410.993 0
419.711 0
428.441 0
437.165 0
445.882 0
454.653 0
463.276 0
471.993 0
480.770 0
489.540 0
498.310 0
506.920 0
515.722 0
524.476 0
533.180 0
541.889 0
550.727 0
559.517 0
568.223 0
576.935 0
585.744 0
594.499 0
603.275 0
612.056 0
620.768 0
629.546 0
638.202 0
646.999 0
655.909 0
664.692 0
673.565 0
691.081 0
699.800 0
708.534 0
717.441 0
726.000 1
735.052 0
743.843 0
752.518 0
761.355 0
770.175 0
778.969 0
787.729 0
796.470 0
805.499 0
814.276 0
822.998 0
831.795 0
840.671 0
849.570 0
858.421 0
867.334 0
876.137 0
884.981 0
893.949 0
902.820 0
911.610 0
920.484 0
929.188 0
938.214 0
946.956 0
955.861 0
964.851 0
973.613 0
982.629 0
991.473 0
1000.542 0
1009.307 0
