# 0.470
30.858 0
39.874 0
48.552 0
57.701 0
66.507 0
75.533 0
84.295 0
93.161 0
102.178 0
111.241 0
119.721 0
128.798 0
137.561 0
146.689 0
155.362 0
164.041 0
173.215 0
182.055 0
190.730 0
199.807 0
208.493 0
217.326 0
226.204 0
235.286 0
243.943 0
252.798 0
261.476 0
270.359 0
279.163 0
288.035 0
296.812 0
305.579 0
314.288 0
323.269 0
340.944 0
358.525 0
367.390 0
376.099 0
384.969 0
393.794 0
402.476 0
411.182 0
420.062 0
428.741 0
437.704 0
446.354 0
455.161 0
463.797 0
472.644 0
481.410 0
490.120 0
498.768 0
507.698 0
516.373 0
525.160 0
533.847 0
542.496 0
551.452 0
560.080 0
568.912 0
577.615 0
586.365 0
594.965 0
603.686 0
612.492 0
621.272 0
629.971 0
638.700 0
647.352 0
656.182 0
664.855 0
673.547 0
682.207 0
691.252 0
699.759 0
708.464 0
717.167 0
725.771 0
734.605 0
743.197 0
751.926 0
760.794 0
769.433 0
778.136 0
786.722 0
795.535 0
804.461 0
812.938 0
821.702 0
830.315 0
839.113 0
847.686 0
856.708 0
865.139 0
873.936 0
882.463 0
891.317 0
900.082 0
908.690 0
917.423 0
926.101 0
934.721 0
943.322 0
952.270 0
960.980 0
969.670 0
978.205 0
987.053 0
995.588 0
1004.222 0
1012.958 0
1021.595 0
