# 0.470
16.010 0
24.820 0
33.392 0
42.195 0
50.858 0
59.575 0
68.368 0
77.069 0
85.665 0
94.349 0
103.138 0
111.836 0
120.510 0
129.280 0
137.995 0
146.656 0
155.344 0
164.024 0
172.643 0
181.437 0
190.221 0
198.876 0
207.555 0
216.325 0
224.915 0
233.617 0
242.352 0
251.047 0
259.802 0
268.542 0
277.290 0
286.074 0
294.750 0
303.426 0
312.084 0
320.819 0
329.498 0
347.050 0
355.744 0
364.463 0
373.216 0
381.968 0
390.722 0
399.477 0
408.166 0
416.935 0
425.735 0
434.436 0
443.175 0
452.000 0
460.662 0
469.392 0
478.108 0
486.851 0
495.588 0
504.430 0
513.131 0
521.859 0
530.638 0
539.482 0
548.101 0
556.986 0
565.819 0
574.533 0
583.317 0
592.051 0
600.797 0
609.703 0
618.340 0
627.147 0
635.990 0
644.729 0
653.554 0
662.419 0
671.159 0
688.912 0
697.627 0
706.367 0
715.276 0
724.147 0
732.898 0
741.748 0
750.507 0
759.341 0
768.309 0
777.061 0
785.893 0
794.593 0
803.618 0
812.370 0
821.173 0
829.958 0
838.919 0
847.730 0
856.588 0
865.523 0
874.353 0
883.220 0
892.200 0
900.963 0
909.799 0
918.874 0
927.752 0
936.676 0
945.521 0
954.299 0
963.366 0
972.224 0
981.259 0
990.027 0
998.966 0
1007.897 0
