# 0.470
19.398 0
28.096 0
36.646 0
45.504 0
54.200 0
62.859 0
71.598 0
80.342 0
89.023 0
97.660 0
106.382 0
115.042 0
123.791 0
132.530 0
141.316 0
149.924 0
158.535 0
167.282 0
175.911 0
184.572 0
193.407 0
202.161 0
210.816 0
219.649 0
228.124 0
236.796 0
245.490 0
254.274 0
262.875 0
271.730 0
280.446 0
289.231 0
297.884 0
306.663 0
315.237 0
323.985 0
332.721 0
350.254 0
359.011 0
367.745 0
376.351 0
385.209 0
393.910 0
402.645 0
411.434 0
420.181 0
428.951 0
437.696 0
446.417 0
455.104 0
463.811 0
472.658 0
481.342 0
490.099 0
498.836 0
507.616 0
516.419 0
525.138 0
533.899 0
542.575 0
551.339 0
560.111 0
568.928 0
577.676 0
586.444 0
595.270 0
603.997 0
612.791 0
621.427 0
630.308 0
639.051 0
647.849 0
656.786 0
665.537 0
674.361 0
691.891 0
700.675 0
709.595 0
718.448 0
727.186 0
736.003 0
744.778 0
753.641 0
762.498 0
771.306 0
780.187 0
788.975 0
797.743 0
806.657 0
815.399 0
824.297 0
833.084 0
841.987 0
850.949 0
859.527 0
868.593 0
877.340 0
886.279 0
895.216 0
904.050 0
912.893 0
921.777 0
930.700 0
939.633 0
948.527 0
957.323 0
966.329 0
975.221 0
984.164 0
993.180 0
1002.065 0
1010.936 0
