# 0.470
27.461 0
36.247 0
45.235 0
54.113 0
63.154 0
71.975 0
80.901 0
89.738 0
98.518 0
107.589 0
116.343 0
125.322 0
134.156 0
142.904 0
151.825 0
160.651 0
169.466 0
178.375 0
187.321 0
196.100 0
205.005 0
213.732 0
222.399 0
231.372 0
240.177 0
248.965 0
257.819 0
266.619 0
275.210 0
284.308 0
293.140 0
301.980 0
310.678 0
319.410 0
328.309 0
337.190 0
345.992 0
363.530 0
372.338 0
381.096 0
389.974 0
398.742 0
407.497 0
416.303 0
424.970 0
433.725 0
442.462 0
451.259 0
460.053 0
468.827 0
477.454 0
486.251 0
495.066 0
503.746 0
512.477 0
521.170 0
529.950 0
538.637 0
547.386 0
556.037 0
564.744 0
573.633 0
582.285 0
591.110 0
599.800 0
608.561 0
617.331 0
625.984 0
634.846 0
643.621 0
652.244 0
661.005 0
669.714 0
678.465 0
687.136 0
704.631 0
713.291 0
722.121 0
730.664 0
739.320 0
748.101 0
756.820 0
765.487 0
774.258 0
782.941 0
791.589 0
800.337 0
809.008 0
817.654 0
826.398 0
835.063 0
843.720 0
852.450 0
861.214 0
869.920 0
878.528 0
887.054 0
895.856 0
904.539 0
913.307 0
922.013 0
930.699 0
939.510 0
947.999 0
956.729 0
965.441 0
974.105 0
982.863 0
991.554 0
1000.358 0
1008.907 0
1017.656 0
