# 0.470
25.685 0
34.122 0
43.049 0
51.749 0
60.519 0
69.019 0
78.220 0
86.898 0
95.837 0
104.662 0
113.354 0
122.255 0
131.189 0
140.046 0
148.842 0
157.665 0
166.962 0
175.728 0
184.321 0
193.251 0
202.286 0
210.986 0
219.953 0
228.504 0
237.452 0
246.297 0
255.237 0
264.235 0
272.704 0
281.606 0
290.558 0
299.311 0
308.097 0
316.991 0
326.019 0
334.789 0
343.636 0
361.152 0
370.051 0
378.691 0
387.587 0
396.310 0
405.167 0
413.798 0
422.747 0
431.138 0
440.240 0
448.921 0
457.822 0
466.417 0
475.385 0
484.049 0
492.851 0
501.569 0
510.313 0
519.207 0
527.968 0
536.670 0
545.397 0
554.165 0
563.080 0
571.678 0
580.418 0
589.302 0
597.930 0
606.626 0
615.291 0
624.130 0
632.862 0
641.697 0
650.422 0
659.261 0
667.885 0
676.602 0
685.400 0
702.676 0
711.449 0
720.122 0
728.909 0
737.490 0
746.126 0
755.008 0
763.730 0
772.487 0
781.137 0
789.700 0
798.565 0
807.329 0
815.975 0
824.610 0
833.423 0
842.074 0
850.780 0
859.617 0
868.249 0
877.066 0
885.607 0
894.286 0
903.094 0
911.658 0
920.450 0
929.261 0
937.969 0
946.500 0
955.341 0
964.070 0
972.714 0
981.497 0
990.146 0
998.899 0
1007.453 0
1016.213 0
