# 0.470
25.274 0
34.149 0
43.131 0
52.009 0
60.892 0
69.750 0
78.705 0
87.536 0
96.357 0
105.256 0
114.111 0
123.085 0
131.923 0
140.770 0
149.742 0
158.594 0
167.415 0
176.388 0
185.225 0
194.023 0
202.938 0
211.810 0
220.581 0
229.312 0
238.314 0
247.111 0
255.801 0
264.683 0
273.517 0
282.451 0
291.273 0
300.071 0
308.742 0
317.648 0
326.632 0
335.425 0
344.159 0
361.762 0
370.526 0
379.333 0
388.227 0
396.946 0
405.498 0
414.643 0
423.163 0
431.944 0
440.786 0
449.588 0
458.346 0
467.139 0
475.790 0
484.631 0
493.290 0
502.126 0
510.742 0
519.708 0
528.352 0
537.227 0
545.878 0
554.495 0
563.356 0
572.142 0
580.721 0
589.576 0
598.334 0
607.161 0
615.859 0
624.583 0
633.298 0
642.136 0
651.009 0
659.575 0
668.343 0
677.090 0
685.712 0
703.254 0
711.851 0
720.653 0
729.203 0
738.040 0
746.737 0
755.354 0
764.083 0
772.841 0
781.579 0
790.446 0
798.998 0
807.760 0
816.366 0
825.212 0
833.798 0
842.491 0
851.234 0
860.066 0
868.681 0
877.457 0
886.070 0
894.776 0
903.510 0
912.302 0
921.028 0
929.659 0
938.440 0
947.028 0
955.724 0
964.480 0
973.223 0
981.932 0
990.617 0
999.309 0
1008.011 0
1016.624 0
