# 0.470
20.380 0
29.006 0
37.760 0
46.317 0
55.025 0
63.793 0
72.383 0
81.216 0
89.930 0
98.530 0
107.197 0
115.996 0
124.565 0
133.234 0
142.006 0
150.532 0
159.250 0
168.012 0
176.831 0
185.452 0
194.110 0
202.872 0
211.564 0
220.199 0
228.719 0
237.425 0
246.207 0
254.877 0
263.614 0
272.303 0
280.984 0
289.725 0
298.470 0
307.182 0
315.935 0
324.592 0
333.303 0
350.753 0
359.507 0
368.178 0
376.954 0
385.656 0
394.603 0
403.145 0
411.940 0
420.614 0
429.389 0
438.123 0
446.764 0
455.488 0
464.229 0
473.046 0
481.759 0
490.553 0
499.275 0
508.038 0
516.692 0
525.490 0
534.148 0
542.876 0
551.566 0
560.352 0
569.161 0
577.884 0
586.656 0
595.396 0
604.280 0
612.923 0
621.753 0
630.467 0
639.343 0
647.996 0
656.827 0
665.580 0
674.369 0
691.972 0
700.723 0
709.589 0
718.609 0
727.380 0
736.020 0
744.804 0
753.575 0
762.555 0
771.273 0
780.023 0
788.853 0
797.791 0
806.648 0
815.423 0
824.207 0
832.971 0
841.780 0
850.612 0
859.567 0
868.412 0
877.208 0
885.912 0
894.900 0
903.692 0
912.612 0
921.610 0
930.458 0
939.372 0
948.220 0
957.050 0
965.988 0
974.755 0
983.757 0
992.611 0
1001.558 0
1010.368 0
