# 0.470
25.239 0
34.021 0
43.019 0
51.766 0
60.732 0
69.444 0
78.535 0
87.350 0
96.169 0
105.090 0
113.808 0
122.869 0
131.666 0
140.419 0
149.426 0
158.258 0
167.114 0
176.047 0
184.748 0
193.551 0
202.544 0
211.498 0
220.228 0
228.988 0
238.029 0
246.764 0
255.535 0
264.239 0
273.166 0
282.035 0
290.779 0
299.629 0
308.464 0
317.227 0
325.955 0
334.809 0
343.533 0
361.079 0
369.804 0
378.610 0
387.532 0
396.334 0
404.972 0
413.756 0
422.520 0
431.272 0
439.986 0
448.721 0
457.393 0
466.298 0
475.094 0
483.772 0
492.480 0
501.262 0
510.026 0
518.846 0
527.616 0
536.346 0
545.013 0
553.764 0
562.519 0
571.220 0
579.969 0
588.766 0
597.426 0
606.203 0
614.865 0
623.622 0
632.345 0
641.054 0
649.718 0
658.534 0
667.155 0
675.958 0
684.543 0
702.046 0
710.747 0
719.450 0
728.034 0
736.764 0
745.387 0
754.134 0
762.959 0
771.556 0
780.336 0
789.026 0
797.716 0
806.456 0
815.078 0
823.779 0
832.462 0
841.175 0
849.846 0
858.633 0
867.317 0
876.008 0
884.579 0
893.376 0
902.037 0
910.694 0
919.461 0
928.151 0
936.781 0
945.439 0
954.078 0
962.778 0
971.520 0
980.190 0
988.973 0
997.650 0
1006.243 0
1014.930 0
