# 0.470
17.663 0
26.311 0
34.931 0
43.559 0
52.256 0
61.015 0
69.662 0
78.383 0
87.147 0
95.729 0
104.390 0
113.090 0
121.884 0
130.525 0
139.256 0
147.980 0
156.542 0
165.209 0
173.982 0
182.650 0
191.446 0
200.085 0
208.741 0
217.538 0
226.118 0
234.899 0
243.556 0
252.232 0
260.982 0
269.605 0
278.370 0
287.014 0
295.766 0
304.536 0
313.071 0
321.717 0
330.438 0
347.931 0
356.654 0
365.326 0
374.048 0
382.816 0
391.513 0
400.209 0
409.025 0
417.767 0
426.521 0
435.236 0
443.950 0
452.648 0
461.428 0
470.190 0
478.907 0
487.616 0
496.376 0
505.089 0
513.894 0
522.648 0
531.371 0
540.159 0
548.823 0
557.608 0
566.327 0
575.061 0
583.830 0
592.659 0
601.343 0
610.207 0
618.852 0
627.661 0
636.313 0
645.118 0
653.946 0
662.727 0
671.510 0
689.078 0
697.819 0
706.633 0
715.566 0
724.373 0
733.138 0
741.911 0
750.796 0
759.647 0
768.397 0
777.162 0
786.008 0
794.768 0
803.661 0
812.463 0
821.324 0
830.222 0
839.044 0
847.859 0
856.726 0
865.534 0
874.468 0
883.245 0
892.182 0
901.015 0
909.788 0
918.737 0
927.469 0
936.357 0
945.169 0
954.038 0
962.936 0
971.773 0
980.807 0
989.539 0
998.629 0
1007.455 0
