# 0.470
18.890 0
27.577 0
36.132 0
44.926 0
53.638 0
62.407 0
71.063 0
79.774 0
88.500 0
97.098 0
105.852 0
114.545 0
123.291 0
132.108 0
140.711 0
149.514 0
158.076 0
166.777 0
175.537 0
184.266 0
192.937 0
201.440 0
210.334 0
219.103 0
227.731 0
236.462 0
245.118 0
253.788 0
262.467 0
271.253 0
279.936 0
288.725 0
297.410 0
306.248 0
314.909 0
323.522 0
332.325 0
349.739 0
358.420 0
367.245 0
375.999 0
384.702 0
393.427 0
402.272 0
410.943 0
419.685 0
428.531 0
437.028 0
445.879 0
454.685 0
463.330 0
472.206 0
480.738 0
489.711 0
498.481 0
507.141 0
515.860 0
524.718 0
533.385 0
542.250 0
550.957 0
559.683 0
568.419 0
576.903 0
585.888 0
594.728 0
603.359 0
612.235 0
621.016 0
629.792 0
638.454 0
647.145 0
656.052 0
664.866 0
673.735 0
691.405 0
699.911 0
708.828 0
717.730 0
726.483 0
735.311 0
744.192 0
752.913 0
761.927 0
770.728 0
779.454 0
788.263 0
797.156 0
806.113 0
814.831 0
823.594 0
832.362 0
841.443 0
850.080 0
858.948 0
867.410 0
877.041 0
885.674 0
894.659 0
903.251 0
912.156 0
921.064 0
929.876 0
938.962 0
947.636 0
956.652 0
965.509 0
974.285 0
983.458 0
992.348 0
1001.044 0
1009.931 0
