# 0.470
20.181 0
29.043 0
37.601 0
46.238 0
55.092 0
63.778 0
72.393 0
81.213 0
89.934 0
98.314 0
107.131 0
115.728 0
124.511 0
133.360 0
141.957 0
150.646 0
159.275 0
167.960 0
176.701 0
185.032 0
194.030 0
202.899 0
211.513 0
220.186 0
228.883 0
237.684 0
246.404 0
255.124 0
263.792 0
272.424 0
281.220 0
289.785 0
298.612 0
307.227 0
316.139 0
324.418 0
333.291 0
351.031 0
359.646 0
368.298 0
376.973 0
385.835 0
394.372 0
403.007 0
411.804 0
420.730 0
429.302 0
438.021 0
446.765 0
455.539 0
464.262 0
473.037 0
481.594 0
490.452 0
499.246 0
507.886 0
516.709 0
525.401 0
534.042 0
542.760 0
551.748 0
560.438 0
569.116 0
577.833 0
586.656 0
595.387 0
604.353 0
613.051 0
621.694 0
630.602 0
639.303 0
648.152 0
657.010 0
665.661 0
674.377 0
692.043 0
700.767 0
709.598 0
718.310 0
727.476 0
736.046 0
744.892 0
753.640 0
762.620 0
771.842 0
780.420 0
789.402 0
797.851 0
806.563 0
815.542 0
824.146 0
833.439 0
841.897 0
850.943 0
859.701 0
868.735 0
877.392 0
886.154 0
895.243 0
903.939 0
912.865 0
922.010 0
930.720 0
939.291 0
948.215 0
957.089 0
966.198 0
974.950 0
983.997 0
992.964 0
1001.822 0
1011.012 0
