# 0.470
26.472 0
35.411 0
44.369 0
53.166 0
62.146 0
71.051 0
79.907 0
88.805 0
97.693 0
106.757 0
115.351 0
124.283 0
133.280 0
142.162 0
151.131 0
159.916 0
168.637 0
177.730 0
186.520 0
195.222 0
204.268 0
212.978 0
221.771 0
230.605 0
239.567 0
248.507 0
257.220 0
265.974 0
274.660 0
283.604 0
292.459 0
301.317 0
310.027 0
318.704 0
327.697 0
336.447 0
345.276 0
362.971 0
371.758 0
380.512 0
389.396 0
398.074 0
406.954 0
415.764 0
424.357 0
433.200 0
441.994 0
450.902 0
459.776 0
468.290 0
477.028 0
485.830 0
494.654 0
503.192 0
512.111 0
520.811 0
529.541 0
538.227 0
547.051 0
555.749 0
564.428 0
573.236 0
581.916 0
590.735 0
599.310 0
608.526 0
616.947 0
625.726 0
634.418 0
643.042 0
651.923 0
660.729 0
669.285 0
678.179 0
686.892 0
704.301 0
713.057 0
721.672 0
730.481 0
739.196 0
747.937 0
756.551 0
765.329 0
774.026 0
782.760 0
791.461 0
800.225 0
809.003 0
817.365 0
826.268 0
834.850 0
843.664 0
852.292 0
861.094 0
869.748 0
878.434 0
887.104 0
895.741 0
904.477 0
913.231 0
921.786 0
930.569 0
939.272 0
947.837 0
956.570 0
965.250 0
973.953 0
982.683 0
991.379 0
1000.161 0
1008.955 0
1017.433 0
