# 0.470
17.022 0
25.716 0
34.399 0
43.092 0
51.653 0
60.493 0
69.234 0
78.072 0
86.559 0
95.233 0
103.966 0
112.551 0
121.347 0
130.090 0
138.691 0
147.537 0
155.984 0
164.667 0
173.373 0
182.243 0
190.976 0
199.571 0
208.373 0
217.078 0
225.523 0
234.242 0
243.218 0
251.880 0
260.399 0
269.085 0
277.907 0
286.577 0
295.243 0
303.955 0
312.606 0
321.372 0
330.134 0
347.473 0
356.179 0
365.039 0
373.822 0
382.463 0
391.207 0
400.016 0
408.764 0
417.498 0
426.220 0
434.969 0
443.648 0
452.348 0
461.182 0
470.021 0
478.627 0
487.377 0
496.148 0
504.757 0
513.519 0
522.284 0
531.100 0
539.789 0
548.511 0
557.487 0
566.247 0
574.763 0
583.537 0
592.321 0
601.024 0
609.948 0
618.469 0
627.261 0
636.224 0
644.909 0
653.842 0
662.582 0
671.337 0
688.970 0
697.730 0
706.640 0
715.419 0
724.189 0
733.092 0
741.755 0
750.535 0
759.528 0
768.236 0
777.059 0
785.874 0
794.613 0
803.439 0
812.080 0
821.114 0
829.861 0
838.971 0
847.642 0
856.554 0
865.557 0
874.162 0
883.006 0
891.909 0
900.921 0
909.867 0
918.579 0
927.332 0
936.332 0
945.242 0
953.906 0
963.052 0
971.904 0
980.759 0
989.613 0
998.503 0
1007.322 0
