# 0.470
24.065 0
33.038 0
41.981 0
50.688 0
59.699 0
68.556 0
77.561 0
86.341 0
95.201 0
104.075 0
112.955 0
121.928 0
130.756 0
139.553 0
148.450 0
157.250 0
166.109 0
175.023 0
183.730 0
192.611 0
201.587 0
210.363 0
219.129 0
227.992 0
236.892 0
245.622 0
254.418 0
263.183 0
272.159 0
280.969 0
289.876 0
298.581 0
307.419 0
316.192 0
324.864 0
333.811 0
342.626 0
360.117 0
368.918 0
377.652 0
386.591 0
395.275 0
404.125 0
412.856 0
421.655 0
430.389 0
439.103 0
447.944 0
456.671 0
465.344 0
474.152 0
482.954 0
491.661 0
500.290 0
509.272 0
517.996 0
526.669 0
535.341 0
544.155 0
552.824 0
561.566 0
570.335 0
579.057 0
587.810 0
596.532 0
605.246 0
613.946 0
622.729 0
631.479 0
640.302 0
648.951 0
657.733 0
666.453 0
675.096 0
683.813 0
701.362 0
710.129 0
718.886 0
727.394 0
736.105 0
744.817 0
753.601 0
762.342 0
770.963 0
779.723 0
788.430 0
797.174 0
805.921 0
814.554 0
823.002 0
831.841 0
840.481 0
849.163 0
857.881 0
866.476 0
875.255 0
883.871 0
892.628 0
901.306 0
910.086 0
918.726 0
927.599 0
936.218 0
944.802 0
953.639 0
962.207 0
970.959 0
979.653 0
988.358 0
997.047 0
1005.640 0
1014.464 0
