# 0.470
24.662 0
33.544 0
42.091 0
50.800 0
59.463 0
68.244 0
76.833 0
85.630 0
94.313 0
102.821 0
111.562 0
120.212 0
129.001 0
137.711 0
146.442 0
155.125 0
163.644 0
172.457 0
181.087 0
189.820 0
198.500 0
207.209 0
215.850 0
224.638 0
233.130 0
241.894 0
250.422 0
259.244 0
267.991 0
276.617 0
285.237 0
294.179 0
302.839 0
311.570 0
320.089 0
329.023 0
337.566 0
355.053 0
363.724 0
372.525 0
381.165 0
389.953 0
398.770 0
407.344 0
416.209 0
424.899 0
433.659 0
442.317 0
451.169 0
459.923 0
468.583 0
477.302 0
486.078 0
494.748 0
503.479 0
512.275 0
520.964 0
529.777 0
538.460 0
547.107 0
555.818 0
564.546 0
573.347 0
582.245 0
590.910 0
599.714 0
608.367 0
617.043 0
625.920 0
634.675 0
643.473 0
652.284 0
661.169 0
669.973 0
678.700 0
696.173 0
705.048 0
713.806 0
722.685 0
731.444 0
740.224 0
749.077 0
757.818 0
766.745 0
775.561 0
784.253 0
793.042 0
801.800 0
810.805 0
819.608 0
828.401 0
837.196 0
846.165 0
854.910 0
863.632 0
872.615 0
881.344 0
890.264 0
899.179 0
907.973 0
916.796 0
925.770 0
934.563 0
943.482 0
952.354 0
961.180 0
970.234 0
979.091 0
987.964 0
996.822 0
1005.750 0
1014.625 0
