# 0.470
28.147 0
36.960 0
45.955 0
54.895 0
63.831 0
72.612 0
81.637 0
90.513 0
99.286 0
108.305 0
117.029 0
125.978 0
134.857 0
143.749 0
152.811 0
161.627 0
170.308 0
179.240 0
188.185 0
196.886 0
205.924 0
214.660 0
223.569 0
232.262 0
241.314 0
249.921 0
258.827 0
267.552 0
276.431 0
285.321 0
294.253 0
302.935 0
311.759 0
320.504 0
329.450 0
338.236 0
347.032 0
364.617 0
373.450 0
382.273 0
391.312 0
399.818 0
408.719 0
417.536 0
426.228 0
435.017 0
443.776 0
452.666 0
461.306 0
470.098 0
478.947 0
487.462 0
496.290 0
505.030 0
513.790 0
522.565 0
531.339 0
540.014 0
548.775 0
557.628 0
566.138 0
574.911 0
583.669 0
592.455 0
601.210 0
609.877 0
618.636 0
627.352 0
636.066 0
645.011 0
653.577 0
662.453 0
671.095 0
679.926 0
688.569 0
705.974 0
714.765 0
723.440 0
732.084 0
740.803 0
749.471 0
758.102 0
766.932 0
775.738 0
784.441 0
793.117 0
801.793 0
810.454 0
819.059 0
827.821 0
836.521 0
845.244 0
853.970 0
862.626 0
871.326 0
880.186 0
888.765 0
897.504 0
906.224 0
914.963 0
923.631 0
932.338 0
941.088 0
949.763 0
958.471 0
967.237 0
975.820 0
984.559 0
993.358 0
1002.008 0
1010.570 0
1019.304 0
