# 0.470
13.733 0
22.248 0
30.908 0
39.796 0
48.332 0
57.098 0
65.691 0
74.557 0
83.190 0
91.919 0
100.565 0
109.121 0
117.977 0
126.621 0
135.428 0
144.143 0
152.764 0
161.360 0
170.167 0
178.889 0
187.680 0
196.275 0
205.023 0
213.874 0
222.308 0
231.021 0
239.802 0
248.498 0
257.264 0
265.829 0
274.464 0
283.319 0
291.926 0
300.693 0
309.312 0
317.990 0
326.602 0
344.148 0
352.874 0
361.661 0
370.383 0
379.089 0
387.857 0
396.681 0
405.323 0
414.120 0
422.832 0
431.486 0
440.146 0
449.069 0
457.733 0
466.455 0
475.233 0
484.033 0
492.814 0
501.575 0
510.124 0
518.984 0
527.802 0
536.377 0
545.188 0
553.963 0
562.788 0
571.434 0
580.127 0
588.914 0
597.614 0
606.435 0
615.193 0
623.796 0
632.729 0
641.498 0
650.327 0
659.126 0
667.868 0
685.537 0
694.366 0
703.034 0
712.010 0
720.750 0
729.533 0
738.347 0
747.184 0
756.069 0
764.836 0
773.616 0
782.440 0
791.245 0
800.248 0
808.999 0
817.847 0
826.565 0
835.454 0
844.301 0
853.133 0
862.036 0
871.000 0
879.663 0
888.489 0
897.385 0
906.106 0
915.148 0
923.954 0
932.951 0
941.716 0
950.602 0
959.509 0
968.265 0
977.176 0
986.191 0
995.110 0
1003.934 0
