# 0.470
19.457 0
28.239 0
36.858 0
45.400 0
54.189 0
62.999 0
71.610 0
80.180 0
89.067 0
97.653 0
106.320 0
115.049 0
123.783 0
132.432 0
141.185 0
149.920 0
158.540 0
166.995 0
175.987 0
184.604 0
193.379 0
202.046 0
210.552 0
219.403 0
227.943 0
236.738 0
245.338 0
254.095 0
262.720 0
271.548 0
280.229 0
289.047 0
297.664 0
306.482 0
315.004 0
323.758 0
332.306 0
349.917 0
358.625 0
367.348 0
376.089 0
384.796 0
393.467 0
402.320 0
410.885 0
419.682 0
428.451 0
437.044 0
446.023 0
454.602 0
463.354 0
472.137 0
480.869 0
489.626 0
498.266 0
507.119 0
515.701 0
524.612 0
533.165 0
542.017 0
550.888 0
559.441 0
568.192 0
576.805 0
585.861 0
594.398 0
603.090 0
611.848 0
620.969 0
629.629 0
638.229 0
647.132 0
656.097 0
664.794 0
673.546 0
691.164 0
699.777 0
708.797 0
717.674 0
726.308 0
735.169 0
743.981 0
752.741 0
761.651 0
770.480 0
779.327 0
788.062 0
796.833 0
805.845 0
814.622 0
823.436 0
832.235 0
841.038 0
849.924 0
858.653 0
867.609 0
876.500 0
885.320 0
894.292 0
903.138 0
911.916 0
920.754 0
929.640 0
938.667 0
947.526 0
956.277 0
965.413 0
974.044 0
983.209 0
991.963 0
1000.859 0
1009.776 0
