# 0.470
32.795 0
41.648 0
50.602 0
59.467 0
68.435 0
77.217 0
86.197 0
94.988 0
103.841 0
112.728 0
121.595 0
130.415 0
139.292 0
148.153 0
156.933 0
165.804 0
174.596 0
183.571 0
192.296 0
201.189 0
209.989 0
218.826 0
227.730 0
236.245 0
245.258 0
253.991 0
262.890 0
271.720 0
280.537 0
289.482 0
298.219 0
307.061 0
315.806 0
324.515 0
333.490 0
342.156 0
350.974 0
368.453 0
377.323 0
385.964 0
394.807 0
403.614 0
412.461 0
421.105 0
429.877 0
438.560 0
447.373 0
456.127 0
464.885 0
473.646 0
482.327 0
491.090 0
499.870 0
508.507 0
517.275 0
525.888 0
534.790 0
543.354 0
552.106 0
560.922 0
569.702 0
578.355 0
587.072 0
595.832 0
604.671 0
613.307 0
622.069 0
630.785 0
639.439 0
648.238 0
656.947 0
665.875 0
674.320 0
683.084 0
691.618 0
709.350 0
717.968 0
726.495 0
735.307 0
744.042 0
752.692 0
761.343 0
770.002 0
778.776 0
787.492 0
796.207 0
804.979 0
813.593 0
822.005 0
830.889 0
839.542 0
848.316 0
856.898 0
865.631 0
874.335 0
883.057 0
891.624 0
900.437 0
909.169 0
917.891 0
926.503 0
935.181 0
944.036 0
952.362 0
961.251 0
969.907 0
978.656 0
987.501 0
996.076 0
1004.853 0
1013.334 0
1022.050 0
