# 0.470
26.929 0
35.690 0
44.634 0
53.563 0
62.534 0
71.345 0
80.245 0
89.189 0
97.851 0
106.949 0
115.737 0
124.679 0
133.555 0
142.316 0
151.260 0
160.089 0
168.784 0
177.850 0
186.674 0
195.384 0
204.347 0
213.161 0
221.780 0
230.738 0
239.671 0
248.384 0
257.254 0
265.855 0
274.775 0
283.661 0
292.527 0
301.246 0
309.904 0
318.810 0
327.591 0
336.567 0
345.200 0
362.815 0
371.746 0
380.515 0
389.022 0
398.030 0
406.908 0
415.554 0
424.270 0
433.072 0
441.862 0
450.634 0
459.314 0
467.776 0
476.842 0
485.579 0
494.338 0
503.127 0
511.801 0
520.588 0
529.304 0
537.969 0
546.832 0
555.609 0
564.300 0
572.972 0
581.672 0
590.395 0
599.244 0
607.897 0
616.690 0
625.375 0
634.136 0
642.928 0
651.591 0
660.358 0
669.068 0
677.814 0
686.368 0
703.815 0
712.623 0
721.337 0
729.876 0
738.704 0
747.278 0
756.144 0
764.843 0
773.532 0
782.306 0
790.834 0
799.638 0
808.392 0
816.988 0
825.604 0
834.317 0
843.096 0
851.773 0
860.522 0
869.305 0
877.897 0
886.612 0
895.199 0
903.876 0
912.631 0
921.274 0
930.059 0
938.667 0
947.439 0
955.991 0
964.776 0
973.580 0
982.180 0
990.711 0
999.507 0
1008.095 0
1016.824 0
