# 0.470
26.754 0
35.632 0
44.501 0
53.503 0
62.299 0
71.236 0
80.004 0
89.007 0
97.733 0
106.835 0
115.675 0
124.549 0
133.329 0
142.052 0
151.072 0
159.797 0
168.839 0
177.737 0
186.534 0
195.188 0
204.212 0
213.036 0
221.832 0
230.622 0
239.548 0
248.488 0
257.309 0
265.765 0
274.697 0
283.586 0
292.470 0
301.191 0
310.022 0
318.788 0
327.730 0
336.206 0
345.239 0
362.814 0
371.556 0
380.267 0
389.249 0
398.009 0
406.970 0
415.595 0
424.294 0
433.059 0
441.883 0
450.623 0
459.554 0
468.119 0
477.067 0
485.681 0
494.114 0
503.129 0
511.753 0
520.680 0
529.404 0
537.998 0
546.975 0
555.330 0
564.322 0
573.126 0
581.889 0
590.688 0
599.353 0
608.046 0
616.724 0
625.506 0
634.216 0
642.996 0
651.636 0
660.497 0
669.185 0
677.910 0
686.563 0
703.966 0
712.729 0
721.507 0
730.093 0
738.742 0
747.428 0
756.269 0
765.046 0
773.648 0
782.455 0
791.247 0
799.924 0
808.610 0
817.181 0
825.843 0
834.584 0
843.377 0
851.974 0
860.678 0
869.418 0
878.104 0
886.688 0
895.420 0
904.012 0
912.774 0
921.475 0
930.259 0
938.981 0
947.424 0
956.216 0
964.955 0
973.636 0
982.351 0
991.112 0
999.792 0
1008.415 0
1017.046 0
