# 0.470
29.164 0
37.988 0
46.878 0
55.722 0
64.739 0
73.429 0
82.493 0
91.418 0
100.037 0
108.904 0
117.849 0
126.699 0
135.590 0
144.369 0
153.189 0
162.022 0
170.797 0
179.575 0
188.452 0
197.214 0
206.221 0
214.917 0
223.858 0
232.465 0
241.648 0
250.421 0
258.994 0
268.045 0
276.712 0
285.701 0
294.604 0
303.215 0
312.032 0
320.809 0
329.657 0
338.477 0
347.288 0
364.570 0
373.634 0
382.280 0
391.128 0
399.839 0
408.655 0
417.427 0
426.047 0
434.934 0
443.622 0
452.340 0
460.956 0
469.637 0
478.545 0
487.332 0
495.870 0
504.715 0
513.451 0
522.112 0
530.921 0
539.718 0
548.502 0
557.171 0
565.865 0
574.620 0
583.330 0
592.012 0
600.683 0
609.583 0
618.287 0
626.920 0
635.659 0
644.404 0
653.055 0
661.838 0
670.491 0
679.189 0
687.977 0
705.350 0
714.048 0
722.781 0
731.369 0
740.017 0
748.653 0
757.453 0
766.143 0
774.819 0
783.406 0
792.175 0
800.877 0
809.445 0
818.070 0
826.779 0
835.463 0
844.203 0
852.972 0
861.745 0
870.428 0
879.134 0
887.563 0
896.318 0
904.957 0
913.713 0
922.475 0
931.180 0
939.864 0
948.417 0
957.137 0
965.710 0
974.484 0
983.180 0
991.856 0
1000.588 0
1009.222 0
1017.857 0
