# 0.470
23.518 0
32.404 0
41.495 0
50.281 0
59.024 0
68.027 0
76.975 0
85.922 0
94.705 0
103.749 0
112.605 0
121.397 0
130.179 0
139.030 0
148.140 0
156.955 0
165.750 0
174.705 0
183.534 0
192.325 0
201.227 0
210.171 0
218.698 0
227.623 0
236.675 0
245.388 0
254.358 0
263.059 0
271.755 0
280.679 0
289.649 0
298.347 0
307.136 0
315.772 0
324.630 0
333.572 0
342.382 0
359.896 0
368.566 0
377.192 0
386.090 0
395.008 0
403.692 0
412.415 0
421.234 0
429.950 0
438.647 0
447.530 0
456.264 0
465.014 0
473.777 0
482.632 0
491.239 0
500.087 0
508.893 0
517.671 0
526.464 0
535.096 0
543.848 0
552.638 0
561.407 0
570.225 0
578.894 0
587.646 0
596.400 0
605.092 0
613.914 0
622.666 0
631.489 0
639.982 0
648.651 0
657.625 0
666.193 0
674.986 0
683.538 0
701.129 0
709.821 0
718.651 0
727.125 0
735.855 0
744.588 0
753.223 0
761.996 0
770.878 0
779.445 0
788.073 0
796.968 0
805.590 0
814.237 0
822.885 0
831.550 0
840.392 0
849.180 0
857.830 0
866.525 0
875.248 0
883.869 0
892.460 0
901.258 0
909.921 0
918.806 0
927.485 0
936.155 0
944.649 0
953.445 0
962.137 0
970.695 0
979.559 0
988.241 0
996.989 0
1005.544 0
1014.316 0
