# 0.470
20.793 0
29.714 0
38.612 0
47.462 0
56.358 0
65.177 0
74.167 0
82.978 0
91.788 0
100.847 0
109.656 0
118.579 0
127.409 0
136.183 0
145.135 0
153.938 0
162.800 0
171.634 0
180.409 0
189.413 0
198.358 0
207.126 0
215.957 0
224.589 0
233.644 0
242.456 0
251.236 0
260.006 0
268.938 0
277.753 0
286.443 0
295.405 0
304.174 0
312.986 0
321.952 0
330.620 0
339.402 0
356.830 0
365.658 0
374.442 0
383.349 0
392.142 0
400.817 0
409.529 0
418.351 0
427.033 0
435.930 0
444.668 0
453.342 0
462.195 0
470.909 0
479.650 0
488.159 0
497.132 0
505.789 0
514.676 0
523.493 0
532.191 0
540.887 0
549.684 0
558.521 0
567.080 0
575.881 0
584.678 0
593.482 0
602.091 0
610.871 0
619.546 0
628.372 0
637.042 0
645.555 0
654.437 0
663.147 0
671.888 0
680.536 0
698.226 0
706.713 0
715.416 0
724.022 0
732.824 0
741.462 0
750.158 0
758.911 0
767.642 0
776.285 0
785.089 0
793.745 0
802.479 0
810.999 0
819.755 0
828.488 0
837.243 0
845.911 0
854.648 0
863.387 0
872.142 0
880.674 0
889.389 0
898.072 0
906.780 0
915.484 0
924.245 0
932.993 0
941.586 0
950.276 0
958.920 0
967.563 0
976.350 0
985.055 0
993.720 0
1002.374 0
1011.149 0
