# 0.470
22.019 0
30.782 0
39.407 0
48.124 0
56.869 0
65.481 0
74.252 0
83.019 0
91.815 0
100.396 0
108.949 0
117.751 0
126.479 0
135.251 0
143.873 0
152.580 0
161.216 0
169.894 0
178.646 0
187.374 0
196.034 0
204.773 0
213.401 0
222.161 0
230.918 0
239.487 0
248.131 0
256.955 0
265.560 0
274.340 0
283.080 0
291.795 0
300.604 0
309.271 0
317.861 0
326.562 0
335.311 0
352.811 0
361.580 0
370.299 0
379.011 0
387.816 0
396.478 0
405.187 0
413.970 0
422.748 0
431.516 0
440.310 0
449.012 0
457.749 0
466.549 0
475.243 0
483.971 0
492.686 0
501.432 0
510.155 0
518.983 0
527.672 0
536.498 0
545.363 0
553.858 0
562.550 0
571.433 0
580.393 0
588.928 0
597.814 0
606.619 0
615.263 0
624.117 0
632.786 0
641.629 0
650.404 0
659.316 0
668.087 0
676.918 0
694.499 0
703.292 0
712.025 0
721.012 0
729.767 0
738.496 0
747.186 0
756.248 0
765.100 0
773.878 0
782.733 0
791.512 0
800.269 0
809.113 0
817.877 0
826.756 0
835.695 0
844.604 0
853.341 0
862.090 0
870.988 0
879.815 0
888.718 0
897.792 0
906.524 0
915.270 0
924.393 0
933.084 0
942.144 0
950.964 0
959.891 0
968.848 0
977.812 0
986.697 0
995.456 0
1004.444 0
1013.441 0
