# 0.470
26.100 0
35.007 0
43.946 0
52.855 0
61.637 0
70.557 0
79.576 0
88.407 0
97.018 0
105.998 0
114.870 0
123.730 0
132.529 0
141.377 0
150.330 0
159.121 0
167.852 0
176.809 0
185.495 0
194.389 0
203.243 0
212.054 0
220.943 0
229.567 0
238.619 0
247.512 0
256.334 0
264.913 0
273.839 0
282.765 0
291.476 0
300.293 0
309.021 0
317.871 0
326.652 0
335.570 0
344.402 0
361.804 0
370.496 0
379.263 0
388.180 0
396.807 0
405.719 0
414.477 0
423.139 0
431.881 0
440.570 0
449.274 0
458.037 0
466.810 0
475.498 0
484.323 0
492.973 0
501.692 0
510.309 0
519.060 0
527.806 0
536.693 0
545.394 0
554.238 0
562.841 0
571.675 0
580.332 0
589.095 0
597.803 0
606.579 0
615.342 0
624.011 0
632.702 0
641.459 0
650.211 0
658.944 0
667.721 0
676.396 0
684.997 0
702.497 0
711.219 0
719.827 0
728.495 0
737.154 0
745.825 0
754.502 0
763.332 0
771.778 0
780.455 0
789.326 0
798.071 0
806.708 0
815.286 0
824.123 0
832.690 0
841.463 0
850.120 0
858.908 0
867.667 0
876.312 0
884.851 0
893.500 1
902.215 0
911.005 0
919.818 0
928.410 0
937.133 0
945.722 0
954.371 0
963.161 0
972.041 0
980.416 0
989.166 0
997.960 0
1006.586 0
1015.305 0
