# 0.470
20.407 0
29.149 0
37.689 0
46.419 0
55.062 0
63.829 0
72.500 0
81.250 0
89.863 0
98.512 0
107.108 0
115.899 0
124.586 0
133.310 0
142.055 0
150.725 0
159.261 0
167.966 0
176.581 0
185.380 0
194.100 0
202.816 0
211.506 0
220.116 0
228.749 0
237.446 0
246.124 0
254.795 0
263.541 0
272.206 0
280.820 0
289.481 0
298.238 0
306.943 0
315.454 0
324.195 0
332.973 0
350.320 0
359.009 0
367.816 0
376.522 0
385.241 0
393.944 0
402.669 0
411.468 0
420.070 0
428.776 0
437.570 0
446.255 0
454.996 0
463.693 0
472.406 0
481.152 0
489.936 0
498.623 0
507.560 0
516.045 0
524.724 0
533.437 0
542.242 0
550.828 0
559.683 0
568.364 0
577.159 0
585.850 0
594.469 0
603.260 0
611.994 0
620.693 0
629.459 0
638.278 0
646.951 0
655.991 0
664.621 0
673.383 0
690.970 0
699.666 0
708.449 0
717.343 0
726.129 0
734.964 0
743.781 0
752.488 0
761.370 0
770.160 0
778.987 0
787.811 0
796.531 0
805.613 0
814.248 0
823.062 0
831.842 0
840.640 0
849.397 0
858.314 0
867.151 0
876.149 0
884.890 0
893.744 0
902.471 0
911.332 0
920.196 0
929.022 0
938.050 0
946.869 0
955.573 0
964.589 0
973.284 0
982.377 0
991.113 0
1000.097 0
1009.038 0
