# 0.470
17.802 0
26.481 0
35.081 0
43.941 0
52.509 0
61.283 0
70.066 0
78.645 0
87.404 0
95.929 0
104.827 0
113.346 0
122.136 0
130.931 0
139.487 0
148.384 0
156.873 0
165.499 0
174.236 0
183.045 0
191.647 0
200.431 0
209.067 0
217.749 0
226.312 0
234.976 0
243.814 0
252.479 0
261.212 0
269.846 0
278.405 0
287.255 0
295.911 0
304.709 0
313.233 0
321.891 0
330.716 0
348.128 0
356.886 0
365.616 0
374.371 0
383.130 0
392.002 0
400.582 0
409.250 0
417.997 0
426.800 0
435.459 0
444.186 0
453.037 0
461.607 0
470.286 0
479.150 0
487.933 0
496.655 0
505.410 0
514.071 0
523.064 0
531.295 0
540.360 0
549.057 0
557.909 0
566.464 0
575.098 0
583.853 0
592.529 0
601.321 0
610.141 0
618.836 0
627.577 0
636.311 0
645.218 0
654.026 0
662.785 0
671.686 0
689.303 0
697.909 0
706.697 0
715.693 0
724.430 0
733.210 0
741.974 0
750.711 0
759.630 0
768.512 0
777.307 0
785.962 0
794.856 0
803.774 0
812.496 0
821.371 0
830.145 0
838.983 0
847.716 0
856.710 0
865.481 0
874.355 0
883.108 0
891.967 0
900.690 0
909.625 0
918.542 0
927.424 0
936.234 0
945.137 0
953.945 0
962.958 0
971.858 0
980.722 0
989.560 0
998.671 0
1007.520 0
