# 0.470
19.745 0
28.536 0
36.955 0
45.777 0
54.466 0
63.230 0
71.841 0
80.536 0
89.280 0
97.964 0
106.673 0
115.329 0
124.068 0
132.713 0
141.495 0
150.162 0
158.671 0
167.421 0
176.188 0
184.882 0
193.584 0
202.326 0
211.018 0
219.676 0
228.326 0
237.000 0
245.713 0
254.523 0
263.114 0
271.835 0
280.567 0
289.380 0
298.053 0
306.730 0
315.372 0
324.203 0
332.750 0
350.248 0
359.010 0
367.618 0
376.424 0
385.136 0
393.900 0
402.661 0
411.386 0
420.134 0
428.826 0
437.517 0
446.215 0
454.986 0
463.738 0
472.484 0
481.158 0
489.924 0
498.683 0
507.368 0
516.168 0
524.910 0
533.665 0
542.328 0
550.970 0
559.868 0
568.619 0
577.296 0
586.163 0
595.049 0
603.709 0
612.489 0
621.218 0
630.088 0
638.748 0
647.511 0
656.473 0
665.123 0
673.961 0
691.590 0
700.259 0
708.989 0
717.981 0
726.813 0
735.467 0
744.339 0
753.085 0
762.028 0
770.785 0
779.569 0
788.282 0
797.090 0
806.072 0
814.896 0
823.681 0
832.561 0
841.331 0
850.167 0
858.992 0
868.008 0
876.817 0
885.699 0
894.582 0
903.352 0
912.235 0
921.205 0
929.996 0
939.000 0
947.824 0
956.691 0
965.651 0
974.336 0
983.386 0
992.280 0
1001.211 0
1009.967 0
