# 0.470
16.935 0
25.700 0
34.357 0
42.984 0
51.651 0
60.445 0
69.103 0
77.892 0
86.614 0
95.159 0
103.933 0
112.591 0
121.345 0
130.066 0
138.750 0
147.544 0
156.083 0
164.749 0
173.431 0
182.334 0
190.894 0
199.788 0
208.255 0
217.084 0
225.580 0
234.331 0
243.028 0
251.743 0
260.559 0
269.246 0
277.867 0
286.614 0
295.314 0
304.067 0
312.535 0
321.417 0
330.072 0
347.450 0
356.249 0
364.951 0
373.648 0
382.366 0
391.125 0
399.929 0
408.551 0
417.415 0
426.062 0
434.878 0
443.711 0
452.269 0
461.048 0
469.897 0
478.527 0
487.283 0
495.998 0
504.808 0
513.485 0
522.289 0
531.082 0
539.727 0
548.442 0
557.244 0
565.942 0
574.767 0
583.439 0
592.139 0
600.995 0
609.703 0
618.377 0
627.213 0
635.911 0
644.684 0
653.603 0
662.376 0
671.184 0
688.656 0
697.495 0
706.289 0
715.229 0
723.940 0
732.740 0
741.550 0
750.312 0
759.282 0
768.051 0
776.816 0
785.622 0
794.386 0
803.414 0
812.102 0
821.087 0
829.796 0
838.743 0
847.581 0
856.273 0
865.247 0
874.028 0
882.875 0
891.898 0
900.536 0
909.344 0
918.330 0
927.314 0
936.183 0
944.906 0
953.744 0
962.744 0
971.604 0
980.448 0
989.378 0
998.408 0
1007.157 0
