# 0.470
19.100 0
27.834 0
36.406 0
45.160 0
53.822 0
62.630 0
71.321 0
80.058 0
88.690 0
97.369 0
105.979 0
114.783 0
123.509 0
132.255 0
141.017 0
149.688 0
158.253 0
166.989 0
175.592 0
184.433 0
193.185 0
201.915 0
210.614 0
219.244 0
227.908 0
236.616 0
245.319 0
254.002 0
262.760 0
271.447 0
280.063 0
288.740 0
297.516 0
306.227 0
314.765 0
323.538 0
332.333 0
349.727 0
358.425 0
367.279 0
375.970 0
384.730 0
393.431 0
402.193 0
410.995 0
419.592 0
428.322 0
437.144 0
445.830 0
454.601 0
463.331 0
472.069 0
480.816 0
489.602 0
498.289 0
507.260 0
515.752 0
524.434 0
533.177 0
541.996 0
550.570 0
559.440 0
568.178 0
576.972 0
585.656 0
594.306 0
603.102 0
611.825 0
620.538 0
629.334 0
638.181 0
646.831 0
655.880 0
664.522 0
673.309 0
690.928 0
699.629 0
708.416 0
717.350 0
726.127 0
734.958 0
743.789 0
752.503 0
761.407 0
770.199 0
779.031 0
787.860 0
796.591 0
805.672 0
814.331 0
823.155 0
831.936 0
840.756 0
849.520 0
858.446 0
867.291 0
876.297 0
885.046 0
893.886 0
902.644 0
911.524 0
920.405 0
929.206 0
938.257 0
947.027 0
955.786 0
964.805 0
973.554 0
982.639 0
991.334 0
1000.326 0
1009.150 0
