# 0.470
25.183 0
33.999 0
42.931 0
51.791 0
60.815 0
69.533 0
78.621 0
87.609 0
96.240 0
105.129 0
114.125 0
122.988 0
131.870 0
140.703 0
149.533 0
158.413 0
167.212 0
176.000 0
184.896 0
193.681 0
202.697 0
211.418 0
220.428 0
229.035 0
238.246 0
247.028 0
255.612 0
264.694 0
273.373 0
282.390 0
291.326 0
299.968 0
308.811 0
317.605 0
326.470 0
335.324 0
344.148 0
361.481 0
370.557 0
379.254 0
388.097 0
396.830 0
405.647 0
414.489 0
423.115 0
432.052 0
440.744 0
449.492 0
458.123 0
466.811 0
475.751 0
484.579 0
493.121 0
501.998 0
510.762 0
519.437 0
528.273 0
537.090 0
545.894 0
554.591 0
563.302 0
572.077 0
580.813 0
589.514 0
598.217 0
607.167 0
615.871 0
624.534 0
633.288 0
642.051 0
650.713 0
659.533 0
668.217 0
676.929 0
685.737 0
703.186 0
711.898 0
720.630 0
729.252 0
737.923 0
746.557 0
755.412 0
764.101 0
772.785 0
781.417 0
790.210 0
798.940 0
807.515 0
816.202 0
824.941 0
833.627 0
842.374 0
851.171 0
859.954 0
868.652 0
877.412 0
885.834 0
894.603 0
903.273 0
912.076 0
920.813 0
929.555 0
938.272 0
946.871 0
955.584 0
964.200 0
973.008 0
981.684 0
990.379 0
999.133 0
1007.772 0
1016.432 0
