# 0.470
26.017 0
34.765 0
43.782 0
52.706 0
61.608 0
70.383 0
79.409 0
88.286 0
97.064 0
106.060 0
114.757 0
123.712 0
132.582 0
141.460 0
150.513 0
159.330 0
168.027 0
176.931 0
185.877 0
194.549 0
203.596 0
212.319 0
221.223 0
229.920 0
238.943 0
247.544 0
256.423 0
265.141 0
274.015 0
282.936 0
291.829 0
300.500 0
309.320 0
318.065 0
327.002 0
335.778 0
344.570 0
362.142 0
370.968 0
379.780 0
388.796 0
397.296 0
406.198 0
414.996 0
423.697 0
432.476 0
441.252 0
450.116 0
458.756 0
467.519 0
476.396 0
484.930 0
493.730 0
502.471 0
511.243 0
520.000 0
528.767 0
537.460 0
546.202 0
555.048 0
563.549 0
572.316 0
581.074 0
589.803 0
598.587 0
607.249 0
615.981 0
624.703 0
633.394 0
642.334 0
650.913 0
659.753 0
668.386 0
677.191 0
685.872 0
703.263 0
712.048 0
720.697 0
729.347 0
738.076 0
746.719 0
755.348 0
764.176 0
772.987 0
781.679 0
790.350 0
799.028 0
807.689 0
816.297 0
825.056 0
833.739 0
842.444 0
851.223 0
859.864 0
868.544 0
877.399 0
885.990 0
894.716 0
903.390 0
912.189 0
920.824 0
929.523 0
938.285 0
946.922 0
955.631 0
964.383 0
972.963 0
981.708 0
990.473 0
999.105 0
1007.690 0
1016.409 0
