# 0.470
19.079 0
27.848 0
36.468 0
45.147 0
53.912 0
62.508 0
71.285 0
80.014 0
88.858 0
97.387 0
105.971 0
114.746 0
123.472 0
132.216 0
140.850 0
149.563 0
158.205 0
166.869 0
175.627 0
184.301 0
192.996 0
201.737 0
210.334 0
219.104 0
227.810 0
236.415 0
245.066 0
253.877 0
262.509 0
271.233 0
280.028 0
288.728 0
297.498 0
306.141 0
314.756 0
323.434 0
332.177 0
349.679 0
358.416 0
367.095 0
375.822 0
384.616 0
393.256 0
401.968 0
410.736 0
419.514 0
428.270 0
437.041 0
445.725 0
454.464 0
463.249 0
471.918 0
480.641 0
489.338 0
498.081 0
506.810 0
515.642 0
524.325 0
533.116 0
541.969 0
550.490 0
559.174 0
568.042 0
576.990 0
585.529 0
594.375 0
603.204 0
611.854 0
620.650 0
629.336 0
638.143 0
646.924 0
655.833 0
664.578 0
673.397 0
690.952 0
699.731 0
708.450 0
717.415 0
726.175 0
734.873 0
743.574 0
752.594 0
761.448 0
770.204 0
779.007 0
787.809 0
796.527 0
805.360 0
814.139 0
822.961 0
831.887 0
840.782 0
849.533 0
858.259 0
867.163 0
875.947 0
884.808 0
893.837 0
902.625 0
911.396 0
920.472 0
929.163 0
938.193 0
946.985 0
955.904 0
964.821 0
973.740 0
982.641 0
991.372 0
1000.321 0
1009.273 0
