# 0.470
17.650 0
26.431 0
35.069 0
43.927 0
52.428 0
61.389 0
70.121 0
78.725 0
87.558 0
96.001 0
104.902 0
113.508 0
122.328 0
130.961 0
139.664 0
148.337 0
157.052 0
165.731 0
174.368 0
183.213 0
191.916 0
200.656 0
209.417 0
218.009 0
226.688 0
235.496 0
243.978 0
252.674 0
261.417 0
270.163 0
279.031 0
287.725 0
296.621 0
305.065 0
313.637 0
322.531 0
331.174 0
348.607 0
357.602 0
366.220 0
375.008 0
383.669 0
392.495 0
401.148 0
410.028 0
418.801 0
427.446 0
436.256 0
444.904 0
453.685 0
462.397 0
471.173 0
480.090 0
488.587 0
497.621 0
506.213 0
514.982 0
523.705 0
532.459 0
541.126 0
549.879 0
558.799 0
567.565 0
576.251 0
585.176 0
593.858 0
602.513 0
611.281 0
620.047 0
629.071 0
637.876 0
646.616 0
655.425 0
664.268 0
672.915 0
690.746 0
699.452 0
708.145 0
717.022 0
725.858 0
734.525 0
743.533 0
752.228 0
761.349 0
769.880 0
778.816 0
787.646 0
796.436 0
805.357 0
814.168 0
823.197 0
831.711 0
840.677 0
849.493 0
858.203 0
867.218 0
876.044 0
884.858 0
893.752 0
902.463 0
911.539 0
920.565 0
929.260 0
938.132 0
947.130 0
955.770 0
964.923 0
973.947 0
982.831 0
991.654 0
1000.655 0
1009.315 0
