# 0.470
25.862 0
34.729 0
43.810 0
52.650 0
61.577 0
70.396 0
79.434 0
88.185 0
97.029 0
105.999 0
114.845 0
123.849 0
132.664 0
141.512 0
150.462 0
159.258 0
168.163 0
177.100 0
185.842 0
194.632 0
203.515 0
212.420 0
221.198 0
229.941 0
238.884 0
247.652 0
256.489 0
265.336 0
274.045 0
283.118 0
291.939 0
300.726 0
309.538 0
318.366 0
327.111 0
336.140 0
344.816 0
362.432 0
371.229 0
379.993 0
388.834 0
397.547 0
406.363 0
415.040 0
423.858 0
432.600 0
441.378 0
450.137 0
458.919 0
467.607 0
476.435 0
485.201 0
493.932 0
502.633 0
511.389 0
520.159 0
528.871 0
537.622 0
546.209 0
555.130 0
563.788 0
572.531 0
581.319 0
590.178 0
598.903 0
607.659 0
616.346 0
625.079 0
633.828 0
642.510 0
651.182 0
659.964 0
668.751 0
677.544 0
686.172 0
703.738 0
712.346 0
721.087 0
729.671 0
738.359 0
747.064 0
755.784 0
764.510 0
773.186 0
782.003 0
790.690 0
799.417 0
808.099 0
816.523 0
825.455 0
834.140 0
842.863 0
851.487 0
860.283 0
868.997 0
877.607 0
886.290 0
895.067 0
903.736 0
912.531 0
921.299 0
929.953 0
938.671 0
947.232 0
955.873 0
964.679 0
973.356 0
982.182 0
990.844 0
999.524 0
1008.095 0
1016.789 0
