# 0.470
23.224 0
31.917 0
40.837 0
49.648 0
58.770 0
67.475 0
76.377 0
85.499 0
94.012 0
102.936 0
111.886 0
120.944 0
129.666 0
138.663 0
147.539 0
156.396 0
165.116 0
174.019 0
183.018 0
191.948 0
200.784 0
209.714 0
218.596 0
227.361 0
236.260 0
245.116 0
253.785 0
262.462 0
271.297 0
280.181 0
289.200 0
297.981 0
306.827 0
315.512 0
324.528 0
333.216 0
341.963 0
359.918 0
368.474 0
377.207 0
386.264 0
394.849 0
403.574 0
412.510 0
421.265 0
430.053 0
438.959 0
447.558 0
456.347 0
464.952 0
473.956 0
482.724 0
491.499 0
500.217 0
508.903 0
517.693 0
526.371 0
535.363 0
543.897 0
552.682 0
561.422 0
570.195 0
578.943 0
587.796 0
596.638 0
605.535 0
613.999 0
622.918 0
631.607 0
640.368 0
649.141 0
657.989 0
666.683 0
675.364 0
684.120 0
701.549 0
710.365 0
719.102 0
727.666 0
736.515 0
745.083 0
753.861 0
762.663 0
771.267 0
780.060 0
788.922 0
797.483 0
806.394 0
814.925 0
823.527 0
832.305 0
840.973 0
849.617 0
858.470 0
867.254 0
875.985 0
884.453 0
893.253 0
902.011 0
910.695 0
919.380 0
928.320 0
936.900 0
945.441 0
954.326 0
962.928 0
971.504 0
980.398 0
989.040 0
997.856 0
1006.255 0
1015.012 0
