# 0.470
19.836 0
28.548 0
37.156 0
45.934 0
54.722 0
63.404 0
72.177 0
80.875 0
89.598 0
98.202 0
106.883 0
115.690 0
124.401 0
133.135 0
141.899 0
150.584 0
159.196 0
167.917 0
176.701 0
185.434 0
194.114 0
202.915 0
211.538 0
220.356 0
228.950 0
237.660 0
246.423 0
255.146 0
263.893 0
272.586 0
281.332 0
290.068 0
298.779 0
307.579 0
316.143 0
324.881 0
333.614 0
351.054 0
359.875 0
368.645 0
377.325 0
386.173 0
394.912 0
403.614 0
412.440 0
421.160 0
429.895 0
438.716 0
447.441 0
456.226 0
464.905 0
473.780 0
482.410 0
491.212 0
499.993 0
508.674 0
517.496 0
526.235 0
535.019 0
543.759 0
552.573 0
561.289 0
570.077 0
578.715 0
587.477 0
596.478 0
605.220 0
613.900 0
622.842 0
631.468 0
640.289 0
648.995 0
657.915 0
666.777 0
675.614 0
693.229 0
701.972 0
710.848 0
719.766 0
728.350 0
737.384 0
746.172 0
754.817 0
763.856 0
772.643 0
781.556 0
790.394 0
799.159 0
808.121 0
816.986 0
825.790 0
834.631 0
843.607 0
852.426 0
861.237 0
870.033 0
878.935 0
887.660 0
896.504 0
905.450 0
914.321 0
923.327 0
932.227 0
941.081 0
949.986 0
958.786 0
967.838 0
976.722 0
985.613 0
994.492 0
1003.452 0
1012.365 0
