# 0.470
19.459 0
28.199 0
36.795 0
45.478 0
54.227 0
62.947 0
71.677 0
80.322 0
89.047 0
97.695 0
106.397 0
115.225 0
123.865 0
132.566 0
141.267 0
149.988 0
158.551 0
167.336 0
175.966 0
184.696 0
193.432 0
202.164 0
210.854 0
219.659 0
228.177 0
236.876 0
245.511 0
254.177 0
262.970 0
271.660 0
280.458 0
289.194 0
297.863 0
306.575 0
315.224 0
323.913 0
332.576 0
350.029 0
358.738 0
367.520 0
376.247 0
385.012 0
393.846 0
402.428 0
411.183 0
419.956 0
428.665 0
437.408 0
446.189 0
454.957 0
463.630 0
472.362 0
481.118 0
489.890 0
498.616 0
507.297 0
516.103 0
524.810 0
533.574 0
542.303 0
550.990 0
559.796 0
568.505 0
577.295 0
585.969 0
594.756 0
603.544 0
612.325 0
620.987 0
629.866 0
638.569 0
647.393 0
656.252 0
665.079 0
673.792 0
691.299 0
700.142 0
708.962 0
717.877 0
726.657 0
735.433 0
744.179 0
753.015 0
761.986 0
770.743 0
779.593 0
788.264 0
797.128 0
805.941 0
814.724 0
823.633 0
832.359 0
841.236 0
850.188 0
858.868 0
867.776 0
876.690 0
885.419 0
894.382 0
903.184 0
911.995 0
920.989 0
929.826 0
938.754 0
947.603 0
956.390 0
965.405 0
974.219 0
983.284 0
992.057 0
1001.087 0
1009.879 0
