# 0.470
24.843 0
33.680 0
42.738 0
51.579 0
60.444 0
69.299 0
78.319 0
87.166 0
96.116 0
105.031 0
113.803 0
122.776 0
131.644 0
140.401 0
149.370 0
158.222 0
167.082 0
176.057 0
184.753 0
193.625 0
202.551 0
211.471 0
220.123 0
229.186 0
238.042 0
246.867 0
255.749 0
264.602 0
273.352 0
282.256 0
290.964 0
299.889 0
308.678 0
317.483 0
326.394 0
335.212 0
343.970 0
361.522 0
370.374 0
379.195 0
388.057 0
396.817 0
405.624 0
414.483 0
423.206 0
431.937 0
440.715 0
449.478 0
458.183 0
466.962 0
475.665 0
484.372 0
493.150 0
501.947 0
510.814 0
519.549 0
528.359 0
537.013 0
545.844 0
554.683 0
563.536 0
572.232 0
580.908 0
589.783 0
598.497 0
607.229 0
615.990 0
624.686 0
633.436 0
642.167 0
650.955 0
659.703 0
668.435 0
677.189 0
685.917 0
703.491 0
712.120 0
720.868 0
729.517 0
738.289 0
746.904 0
755.709 0
764.395 0
773.027 0
781.878 0
790.603 0
799.317 0
808.099 0
816.612 0
825.443 0
834.083 0
842.808 0
851.565 0
860.421 0
869.154 0
877.843 0
886.429 0
895.219 0
903.916 0
912.597 0
921.368 0
930.232 0
938.812 0
947.424 0
956.091 0
964.935 0
973.671 0
982.308 0
991.028 0
999.690 0
1008.440 0
1017.143 0
