# 0.470
17.260 0
26.130 0
34.744 0
43.420 0
52.198 0
60.799 0
69.668 0
78.266 0
86.960 0
95.597 0
104.300 0
113.035 0
121.698 0
130.500 0
139.133 0
147.934 0
156.512 0
165.141 0
173.861 0
182.556 0
191.347 0
200.055 0
208.773 0
217.409 0
226.034 0
234.649 0
243.344 0
252.128 0
260.828 0
269.598 0
278.337 0
287.073 0
295.746 0
304.416 0
313.087 0
321.820 0
330.597 0
339.212 0
356.781 0
365.509 0
374.293 0
382.895 0
391.678 0
400.433 0
409.201 0
417.935 0
426.665 0
435.427 0
444.079 0
452.875 0
461.580 0
470.277 0
479.134 0
487.817 0
496.595 0
505.420 0
514.139 0
522.750 0
531.532 0
540.334 0
549.034 0
557.801 0
566.613 0
575.299 0
584.023 0
592.840 0
601.680 0
610.372 0
619.170 0
627.905 0
636.681 0
645.541 0
654.375 0
663.191 0
671.942 0
689.494 0
698.359 0
707.127 0
716.082 0
724.810 0
733.539 0
742.357 0
751.221 0
760.011 0
768.737 0
777.586 0
786.409 0
795.189 0
804.157 0
812.953 0
821.767 0
830.559 0
839.384 0
848.204 0
856.992 0
865.883 0
874.805 0
883.657 0
892.629 0
901.374 0
910.179 0
919.244 0
928.010 0
937.008 0
945.789 0
954.664 0
963.592 0
972.530 0
981.473 0
990.293 0
999.207 0
1008.092 0
