# 0.470
24.166 0
33.055 0
42.018 0
50.902 0
59.778 0
68.656 0
77.679 0
86.470 0
95.310 0
104.218 0
113.112 0
122.048 0
130.856 0
139.671 0
148.551 0
157.380 0
166.207 0
175.095 0
183.978 0
192.719 0
201.627 0
210.437 0
219.337 0
227.995 0
236.928 0
245.769 0
254.625 0
263.376 0
272.151 0
281.098 0
289.816 0
298.702 0
307.552 0
316.336 0
325.181 0
333.961 0
342.726 0
360.323 0
369.091 0
377.863 0
386.727 0
395.532 0
404.354 0
413.085 0
421.972 0
430.559 0
439.328 0
448.074 0
456.793 0
465.657 0
474.289 0
483.150 0
491.862 0
500.544 0
509.335 0
518.084 0
526.746 0
535.562 0
544.153 0
553.085 0
561.704 0
570.490 0
579.218 0
587.951 0
596.811 0
605.471 0
614.278 0
623.122 0
631.774 0
640.440 0
649.259 0
657.944 0
666.721 0
675.389 0
684.120 0
701.536 0
710.285 0
719.094 0
727.711 0
736.315 0
745.013 0
753.721 0
762.414 0
771.145 0
779.850 0
788.648 0
797.375 0
806.043 0
814.597 0
823.323 0
832.029 0
840.744 0
849.415 0
858.182 0
866.850 0
875.595 0
884.185 0
892.861 0
901.577 0
910.232 0
919.111 0
927.878 0
936.531 0
945.059 0
953.804 0
962.490 0
971.285 0
980.021 0
988.720 0
997.366 0
1006.046 0
1014.748 0
