# 0.470
19.958 0
28.506 0
37.044 0
45.799 0
54.605 0
63.331 0
71.951 0
80.748 0
89.448 0
98.051 0
106.685 0
115.458 0
124.141 0
132.887 0
141.529 0
150.215 0
158.902 0
167.629 0
176.272 0
185.062 0
193.784 0
202.271 0
211.031 0
219.635 0
228.321 0
237.005 0
245.799 0
254.387 0
263.095 0
271.908 0
280.483 0
289.449 0
298.023 0
306.768 0
315.364 0
324.097 0
332.753 0
350.381 0
358.960 0
367.808 0
376.408 0
385.193 0
393.894 0
402.674 0
411.243 0
420.111 0
428.790 0
437.448 0
446.259 0
454.944 0
463.675 0
472.358 0
481.101 0
489.873 0
498.567 0
507.301 0
516.012 0
524.744 0
533.519 0
542.241 0
550.947 0
559.697 0
568.520 0
577.186 0
585.988 0
594.849 0
603.538 0
612.317 0
621.013 0
629.774 0
638.598 0
647.358 0
656.302 0
664.941 0
673.743 0
691.266 0
700.056 0
708.804 0
717.861 0
726.566 0
735.258 0
744.092 0
752.893 0
761.780 0
770.377 0
779.251 0
788.071 0
796.905 0
805.809 0
814.655 0
823.263 0
832.116 0
841.143 0
849.792 0
858.793 0
867.540 0
876.364 0
885.074 0
894.122 0
903.067 0
911.799 0
920.792 0
929.592 0
938.441 0
947.408 0
956.170 0
965.152 0
974.039 0
983.013 0
991.817 0
1000.810 0
1009.642 0
