# 0.470
10.063 0
18.966 0
27.510 0
36.441 0
45.253 0
53.855 0
62.574 0
71.269 0
79.991 0
88.491 0
97.115 0
105.744 0
114.543 0
123.345 0
132.080 0
140.743 0
149.243 0
158.084 0
166.726 0
175.372 0
184.082 0
192.842 0
201.411 0
210.258 0
218.812 0
227.339 0
235.959 0
245.026 0
253.544 0
262.106 0
271.139 0
279.675 0
288.309 0
297.085 0
305.832 0
314.441 0
323.150 0
340.516 0
349.341 0
358.048 0
366.739 0
375.410 0
384.151 0
392.908 0
401.579 0
410.344 0
419.075 0
427.746 0
436.514 0
445.344 0
453.983 0
462.758 0
471.094 0
480.174 0
488.838 0
497.637 0
506.453 0
515.097 0
523.758 0
532.592 0
541.202 0
550.056 0
558.706 0
567.457 0
576.171 0
585.067 0
593.802 0
602.526 0
611.124 0
619.933 0
628.889 0
637.479 0
646.297 0
655.204 0
663.770 0
681.320 0
690.136 0
698.875 0
707.742 0
716.537 0
725.316 0
734.185 0
743.017 0
751.914 0
760.634 0
769.425 0
778.220 0
787.024 0
795.742 0
804.621 0
813.529 0
822.087 0
831.132 0
839.922 0
848.757 0
857.587 0
866.497 0
875.282 0
884.221 0
893.009 0
901.829 0
910.722 0
919.603 0
928.518 0
937.318 0
946.118 0
955.296 0
963.902 0
972.975 0
981.687 0
990.666 0
999.685 0
