# 0.470
27.285 0
36.140 0
45.076 0
53.979 0
62.879 0
71.731 0
80.670 0
89.665 0
98.343 0
107.301 0
116.180 0
125.131 0
133.797 0
142.789 0
151.749 0
160.562 0
169.099 0
178.039 0
186.853 0
195.731 0
204.639 0
213.415 0
222.106 0
230.975 0
239.827 0
248.503 0
257.275 0
266.244 0
275.070 0
283.910 0
292.683 0
301.560 0
310.323 0
319.234 0
328.156 0
336.802 0
345.686 0
363.053 0
372.057 0
380.681 0
389.667 0
398.352 0
407.153 0
415.845 0
424.686 0
433.399 0
442.139 0
450.982 0
459.620 0
468.427 0
477.179 0
486.002 0
494.657 0
503.481 0
512.241 0
520.948 0
529.576 0
538.328 0
547.059 0
555.800 0
564.427 0
573.272 0
581.949 0
590.815 0
599.762 0
608.139 0
616.949 0
625.770 0
634.447 0
643.161 0
651.906 0
660.713 0
669.355 0
678.150 0
686.883 0
704.308 0
712.990 0
721.712 0
730.360 0
739.004 0
747.758 0
756.424 0
765.251 0
773.852 0
782.609 0
791.300 0
800.049 0
808.858 0
817.312 0
826.039 0
834.821 0
843.483 0
852.049 0
860.883 0
869.534 0
878.332 0
886.905 0
895.561 0
904.246 0
913.016 0
921.685 0
930.323 0
939.124 0
947.691 0
956.531 0
965.054 0
973.814 0
982.509 0
991.208 0
999.884 0
1008.367 0
1017.205 0
