# 0.470
17.178 0
26.177 0
35.003 0
43.787 0
52.741 0
61.572 0
70.494 0
79.431 0
88.262 0
97.193 0
106.037 0
114.960 0
123.739 0
132.604 0
141.732 0
150.460 0
159.211 0
168.265 0
177.047 0
185.988 0
194.704 0
203.484 0
212.485 0
221.122 0
230.160 0
238.881 0
247.695 0
256.422 0
265.121 0
274.145 0
283.012 0
291.949 0
300.794 0
309.470 0
318.425 0
327.203 0
336.028 0
353.351 0
362.134 0
370.915 0
379.894 0
388.479 0
397.425 0
406.127 0
414.866 0
423.622 0
432.381 0
441.189 0
449.817 0
458.640 0
467.397 0
476.157 0
484.907 0
493.593 0
502.513 0
511.183 0
519.837 0
528.438 0
537.272 0
546.057 0
554.852 0
563.637 0
572.293 0
581.075 0
589.881 0
598.759 0
607.385 0
616.090 0
624.830 0
633.482 0
642.311 0
650.972 0
659.763 0
668.500 0
677.070 0
694.814 0
703.312 0
712.101 0
720.789 0
729.418 0
738.038 0
746.820 0
755.609 0
764.202 0
773.001 0
781.752 0
790.327 0
799.092 0
807.615 0
816.315 0
824.998 0
833.881 0
842.717 0
851.124 0
859.975 0
868.576 0
877.072 0
885.803 0
894.527 0
903.403 0
912.168 0
920.965 0
929.549 0
938.275 0
946.852 0
955.525 0
964.191 0
972.947 0
981.539 0
990.397 0
998.952 0
1007.608 0
