# 0.470
18.007 0
26.734 0
35.306 0
43.963 0
52.638 0
61.320 0
70.083 0
78.767 0
87.445 0
95.977 0
104.710 0
113.412 0
122.128 0
130.879 0
139.464 0
148.164 0
156.776 0
165.497 0
174.231 0
182.965 0
191.612 0
200.247 0
208.945 0
217.709 0
226.266 0
234.989 0
243.547 0
252.408 0
261.012 0
269.769 0
278.456 0
287.079 0
295.917 0
304.664 0
313.114 0
321.829 0
330.651 0
347.975 0
356.685 0
365.360 0
374.176 0
382.831 0
391.529 0
400.249 0
408.989 0
417.751 0
426.434 0
435.129 0
443.808 0
452.546 0
461.375 0
470.098 0
478.691 0
487.450 0
496.279 0
504.895 0
513.696 0
522.343 0
531.078 0
539.785 0
548.560 0
557.388 0
566.024 0
574.767 0
583.530 0
592.280 0
601.043 0
609.786 0
618.425 0
627.194 0
636.055 0
644.785 0
653.744 0
662.427 0
671.167 0
688.707 0
697.423 0
706.329 0
715.039 0
723.971 0
732.692 0
741.528 0
750.241 0
759.160 0
767.782 0
776.637 0
785.418 0
794.196 0
803.038 0
811.847 0
820.690 0
829.482 0
838.308 0
847.126 0
856.020 0
864.948 0
873.798 0
882.409 0
891.516 0
900.229 0
908.970 0
917.910 0
926.784 0
935.744 0
944.666 0
953.359 0
962.379 0
971.131 0
980.076 0
988.846 0
997.898 0
1006.628 0
