# 0.470
32.703 0
41.375 0
50.368 0
59.134 0
68.063 0
76.959 0
85.978 0
94.683 0
103.583 0
112.545 0
121.295 0
130.290 0
139.104 0
147.943 0
156.799 0
165.529 0
174.478 0
183.365 0
192.116 0
200.993 0
209.834 0
218.640 0
227.410 0
236.194 0
245.094 0
253.797 0
262.737 0
271.454 0
280.241 0
289.158 0
298.032 0
306.644 0
315.359 0
324.315 0
333.068 0
342.014 0
350.665 0
368.152 0
376.996 0
385.742 0
394.610 0
403.370 0
412.119 0
420.862 0
429.598 0
438.279 0
447.066 0
455.896 0
464.533 0
473.371 0
481.981 0
490.824 0
499.579 0
508.384 0
517.147 0
525.744 0
534.362 0
543.303 0
551.896 0
560.636 0
569.383 0
578.170 0
586.782 0
595.605 0
604.226 0
613.012 0
621.696 0
630.491 0
639.255 0
647.905 0
656.597 0
665.310 0
674.043 0
682.737 0
691.540 0
708.874 0
717.667 0
726.271 0
734.901 0
743.590 0
752.338 0
761.014 0
769.800 0
778.464 0
787.125 0
795.877 0
804.522 0
813.214 0
821.772 0
830.588 0
839.152 0
847.937 0
856.512 0
865.390 0
874.125 0
882.814 0
891.200 0
900.082 0
908.652 0
917.450 0
926.106 0
934.828 0
943.467 0
952.044 0
960.703 0
969.454 0
978.116 0
986.808 0
995.578 0
1004.272 0
1012.803 0
1021.506 0
