# 0.470
24.143 0
32.745 0
41.386 0
50.073 0
58.785 0
67.555 0
76.129 0
84.888 0
93.635 0
102.149 0
110.886 0
119.546 0
128.338 0
136.968 0
145.613 0
154.453 0
163.019 0
171.706 0
180.318 0
189.044 0
197.765 0
206.497 0
215.041 0
223.780 0
232.434 0
241.064 0
249.870 0
258.486 0
267.161 0
275.947 0
284.670 0
293.340 0
302.148 0
310.717 0
319.290 0
328.045 0
336.727 0
354.223 0
362.810 0
371.504 0
380.296 0
388.944 0
397.751 0
406.567 0
415.180 0
423.889 0
432.516 0
441.317 0
450.087 0
458.659 0
467.380 0
476.275 0
484.813 0
493.704 0
502.378 0
511.060 0
519.846 0
528.459 0
537.394 0
546.056 0
554.749 0
563.493 0
572.164 0
580.908 0
589.596 0
598.394 0
607.130 0
615.853 0
624.704 0
633.467 0
642.196 0
651.025 0
659.820 0
668.581 0
677.444 0
694.859 0
703.553 0
712.448 0
721.329 0
730.127 0
738.860 0
747.568 0
756.346 0
765.226 0
774.162 0
782.984 0
791.584 0
800.340 0
809.168 0
818.021 0
826.829 0
835.409 0
844.565 0
853.277 0
862.014 0
870.966 0
879.857 0
888.661 0
897.536 0
906.315 0
915.126 0
924.135 0
932.895 0
941.892 0
950.676 0
959.376 0
968.434 0
977.183 0
986.164 0
995.021 0
1003.977 0
1012.692 0
