# 0.470
26.356 0
35.095 0
44.020 0
52.879 0
61.920 0
70.721 0
79.722 0
88.471 0
97.287 0
106.249 0
115.099 0
124.089 0
132.883 0
141.641 0
150.582 0
159.413 0
168.180 0
177.098 0
185.904 0
194.719 0
203.618 0
212.410 0
221.310 0
229.984 0
238.970 0
247.678 0
256.480 0
265.283 0
274.050 0
282.949 0
291.727 0
300.599 0
309.248 0
318.084 0
326.993 0
335.747 0
344.472 0
361.989 0
370.583 0
379.547 0
388.313 0
397.039 0
405.872 0
414.567 0
423.331 0
432.152 0
440.821 0
449.526 0
458.330 0
467.126 0
475.869 0
484.567 0
493.292 0
502.087 0
510.808 0
519.503 0
528.213 0
536.936 0
545.745 0
554.446 0
563.087 0
571.898 0
580.686 0
589.418 0
598.105 0
606.857 0
615.581 0
624.242 0
632.958 0
641.597 0
650.426 0
659.129 0
667.895 0
676.592 0
685.287 0
702.706 0
711.469 0
720.184 0
728.834 0
737.388 0
746.127 0
754.766 0
763.556 0
772.252 0
780.935 0
789.756 0
798.499 0
807.116 0
815.762 0
824.310 0
833.104 0
841.686 0
850.482 0
859.241 0
867.831 0
876.607 0
885.151 0
893.892 0
902.558 0
911.285 0
920.009 0
928.657 0
937.300 0
945.946 0
954.577 0
963.338 0
972.087 0
980.678 0
989.448 0
998.094 0
1006.627 0
1015.405 0
