# 0.470
24.207 0
33.076 0
42.114 0
50.991 0
59.981 0
68.812 0
77.842 0
86.594 0
95.577 0
104.423 0
113.229 0
122.215 0
131.140 0
139.831 0
148.804 0
157.523 0
166.440 0
175.347 0
184.385 0
193.112 0
202.023 0
210.779 0
219.594 0
228.241 0
237.339 0
246.108 0
254.963 0
263.760 0
272.631 0
281.404 0
290.234 0
299.121 0
307.826 0
316.741 0
325.545 0
334.089 0
342.984 0
360.668 0
369.546 0
378.255 0
387.103 0
395.928 0
404.692 0
413.570 0
422.160 0
430.911 0
439.581 0
448.472 0
457.256 0
466.026 0
474.744 0
483.597 0
492.369 0
501.039 0
509.655 0
518.469 0
527.169 0
535.998 0
544.677 0
553.144 0
562.221 0
570.877 0
579.595 0
588.399 0
597.223 0
605.745 0
614.641 0
623.371 0
632.129 0
640.803 0
649.658 0
658.344 0
667.109 0
675.841 0
684.524 0
702.010 0
710.671 0
719.381 0
728.024 0
736.708 0
745.479 0
754.217 0
763.010 0
771.749 0
780.275 0
789.014 0
797.739 0
806.464 0
815.028 0
823.792 0
832.436 0
841.146 0
849.832 0
858.581 0
867.310 0
876.079 0
884.683 0
893.442 0
902.010 0
910.776 0
919.518 0
928.158 0
937.060 0
945.550 0
954.356 0
963.060 0
971.823 0
980.531 0
989.389 0
997.860 0
1006.505 0
1015.226 0
