# 0.470
18.550 0
27.226 0
35.788 0
44.444 0
53.025 0
61.850 0
70.664 0
79.249 0
88.106 0
96.673 0
105.246 0
114.071 0
122.663 0
131.404 0
140.121 0
148.732 0
157.363 0
166.113 0
174.845 0
183.487 0
192.290 0
200.964 0
209.722 0
218.497 0
227.088 0
235.767 0
244.491 0
253.183 0
261.910 0
270.666 0
279.373 0
288.120 0
296.805 0
305.560 0
314.087 0
322.939 0
331.595 0
349.142 0
357.635 0
366.543 0
375.231 0
383.943 0
392.529 0
401.307 0
410.054 0
418.963 0
427.549 0
436.357 0
444.936 0
453.721 0
462.444 0
471.217 0
479.986 0
488.747 0
497.430 0
506.221 0
514.899 0
523.778 0
532.472 0
541.181 0
549.935 0
558.837 0
567.594 0
576.277 0
585.074 0
593.849 0
602.631 0
611.378 0
620.163 0
628.854 0
637.631 0
646.367 0
655.063 0
664.025 0
672.775 0
690.394 0
699.222 0
708.071 0
716.967 0
725.608 0
734.351 0
743.211 0
752.014 0
760.866 0
769.721 0
778.419 0
787.262 0
796.098 0
804.948 0
813.828 0
822.719 0
831.466 0
840.361 0
849.179 0
857.976 0
866.903 0
875.864 0
884.637 0
893.535 0
902.465 0
911.139 0
920.108 0
928.968 0
938.011 0
946.905 0
955.676 0
964.558 0
973.598 0
982.479 0
991.361 0
1000.166 0
1009.020 0
