# 0.470
24.444 0
33.256 0
41.966 0
50.476 0
59.273 0
68.029 0
76.789 0
85.489 0
94.178 0
102.820 0
111.511 0
120.193 0
128.877 0
137.629 0
146.298 0
155.054 0
163.596 0
172.381 0
181.031 0
189.761 0
198.492 0
207.201 0
215.902 0
224.608 0
233.208 0
242.068 0
250.526 0
259.231 0
268.079 0
276.659 0
285.461 0
294.120 0
302.795 0
311.624 0
320.231 0
328.870 0
337.720 0
355.010 0
363.777 0
372.543 0
381.316 0
390.053 0
398.739 0
407.545 0
416.169 0
424.968 0
433.914 0
442.067 0
451.285 0
459.938 0
468.697 0
477.506 0
486.120 0
494.851 0
503.691 0
512.342 0
521.080 0
529.939 0
538.512 0
547.359 0
556.117 0
564.908 0
573.666 0
582.295 0
591.028 0
599.673 0
608.551 0
617.307 0
626.017 0
634.816 0
643.465 0
652.433 0
661.277 0
670.076 0
678.868 0
696.488 0
705.338 0
714.163 0
722.925 0
731.749 0
740.559 0
749.318 0
758.117 0
767.039 0
775.890 0
784.645 0
793.469 0
802.206 0
811.200 0
819.937 0
828.852 0
837.539 0
846.597 0
855.313 0
864.181 0
873.121 0
881.898 0
890.661 0
899.511 0
908.386 0
917.158 0
926.120 0
935.023 0
943.896 0
952.801 0
961.689 0
970.610 0
979.461 0
988.309 0
997.156 0
1006.154 0
1015.146 0
