# 0.470
31.765 0
40.710 0
49.644 0
58.521 0
67.570 0
76.410 0
85.190 0
94.080 0
102.926 0
111.919 0
120.640 0
129.577 0
138.448 0
147.363 0
156.162 0
164.881 0
173.786 0
182.767 0
191.619 0
199.997 0
209.222 0
218.004 0
226.867 0
235.671 0
244.594 0
253.510 0
262.263 0
271.057 0
279.920 0
288.771 0
297.656 0
306.431 0
315.137 0
323.866 0
332.821 0
341.576 0
350.473 0
367.937 0
376.710 0
385.503 0
394.365 0
403.038 0
411.944 0
420.650 0
429.335 0
438.164 0
446.739 0
455.661 0
464.304 0
473.095 0
481.818 0
490.589 0
499.365 0
507.949 0
516.746 0
525.476 0
534.279 0
542.956 0
551.682 0
560.721 0
569.297 0
578.034 0
586.763 0
595.515 0
603.901 0
613.043 0
621.634 0
630.552 0
639.177 0
647.996 0
656.586 0
665.411 0
674.114 0
682.775 0
690.831 0
708.950 0
717.666 0
726.366 0
735.018 0
743.585 0
752.289 0
761.068 0
769.837 0
778.478 0
787.068 0
795.846 0
804.557 0
813.319 0
821.878 0
830.611 0
839.313 0
848.026 0
856.711 0
865.489 0
874.306 0
882.948 0
891.532 0
900.230 0
909.004 0
917.736 0
926.314 0
935.179 0
943.873 0
952.392 0
961.121 0
969.843 0
978.548 0
987.238 0
995.895 0
1004.614 0
1013.253 0
1021.999 0
