# 0.470
21.549 0
30.325 0
39.493 0
48.324 0
57.233 0
65.905 0
75.170 0
83.818 0
92.839 0
101.684 0
110.570 0
119.559 0
128.193 0
137.139 0
146.139 0
154.794 0
163.547 0
172.722 0
181.390 0
190.331 0
199.146 0
208.025 0
216.787 0
225.654 0
234.464 0
243.643 0
252.296 0
261.279 0
270.086 0
278.896 0
287.735 0
296.430 0
305.288 0
313.886 0
322.929 0
331.999 0
340.527 0
358.094 0
366.868 0
375.716 0
384.503 0
393.230 0
402.103 0
410.825 0
419.757 0
428.533 0
437.307 0
446.258 0
454.708 0
463.573 0
472.337 0
481.095 0
490.013 0
498.699 0
507.301 0
516.035 0
524.826 0
533.513 0
542.192 0
551.111 0
559.696 0
568.629 0
577.292 0
586.133 0
594.743 0
603.437 0
612.078 0
621.164 0
629.960 0
638.644 0
647.317 0
656.031 0
664.773 0
673.348 0
682.150 0
699.798 0
708.420 0
717.137 0
725.676 0
734.504 0
743.367 0
752.121 0
760.800 0
769.596 0
778.307 0
787.030 0
795.706 0
804.367 0
812.935 0
821.678 0
830.433 0
839.028 0
847.867 0
856.832 0
865.376 0
874.238 0
882.687 0
891.551 0
900.088 0
908.898 0
917.332 0
926.073 0
934.912 0
943.569 0
952.314 0
960.907 0
969.650 0
978.211 0
987.135 0
995.716 0
1004.442 0
1013.180 0
