# 0.470
25.776 0
34.548 0
43.502 0
52.357 0
61.241 0
70.042 0
79.066 0
87.819 0
96.640 0
105.731 0
114.571 0
123.536 0
132.151 0
141.142 0
150.163 0
158.954 0
167.624 0
176.674 0
185.461 0
194.314 0
203.278 0
212.073 0
220.872 0
229.612 0
238.493 0
247.297 0
256.143 0
264.787 0
273.514 0
282.655 0
291.384 0
300.182 0
308.948 0
317.675 0
326.546 0
335.279 0
344.105 0
361.541 0
370.483 0
379.124 0
387.848 0
396.855 0
405.623 0
414.486 0
423.158 0
431.915 0
440.715 0
449.471 0
458.137 0
466.918 0
475.697 0
484.420 0
493.165 0
501.974 0
510.749 0
519.565 0
528.151 0
536.935 0
545.591 0
554.391 0
563.119 0
571.840 0
580.596 0
589.323 0
598.022 0
606.795 0
615.456 0
624.253 0
632.936 0
641.622 0
650.370 0
659.061 0
667.845 0
676.537 0
685.252 0
702.739 0
711.401 0
720.161 0
728.746 0
737.446 0
746.216 0
754.855 0
763.585 0
772.398 0
781.054 0
789.803 0
798.764 0
807.300 0
815.923 0
824.575 0
833.245 0
841.870 0
850.638 0
859.414 0
868.062 0
876.734 0
885.317 0
894.034 0
902.754 0
911.499 0
920.124 0
928.864 0
937.602 0
946.161 0
954.868 0
963.517 0
972.258 0
981.062 0
989.754 0
998.389 0
1007.013 0
1015.760 0
