# 0.470
15.672 0
24.307 0
33.144 0
41.672 0
50.577 0
59.244 0
68.031 0
76.506 0
85.373 0
93.991 0
102.433 0
111.393 0
120.284 0
128.996 0
137.753 0
146.519 0
155.025 0
163.634 0
172.426 0
181.060 0
189.839 0
198.659 0
207.278 0
215.924 0
224.691 0
233.193 0
241.981 0
250.828 0
259.466 0
268.251 0
276.734 0
285.442 0
294.336 0
303.076 0
311.640 0
320.294 0
329.134 0
346.490 0
355.411 0
364.080 0
372.638 0
381.359 0
390.207 0
398.811 0
407.526 0
416.423 0
425.199 0
434.096 0
442.533 0
451.372 0
460.092 0
468.704 0
477.505 0
486.199 0
495.052 0
503.784 0
512.471 0
521.140 0
530.154 0
538.868 0
547.475 0
556.307 0
565.174 0
574.017 0
582.567 0
591.397 0
600.325 0
608.672 0
617.739 0
626.482 0
634.907 0
644.019 0
652.961 0
661.624 0
670.563 0
688.084 0
696.778 0
705.711 0
714.683 0
722.953 0
731.907 0
740.990 0
749.795 0
758.619 0
767.263 0
776.361 0
785.006 0
793.657 0
802.529 0
811.506 0
820.349 0
829.009 0
838.061 0
847.006 0
855.646 0
864.652 0
873.503 0
882.373 0
891.243 0
899.955 0
908.836 0
918.000 1
926.381 0
935.464 0
944.490 0
953.213 0
962.169 0
971.075 0
980.020 0
988.670 0
997.926 0
1006.771 0
