# 0.470
17.964 0
26.652 0
35.218 0
44.023 0
52.753 0
61.359 0
70.072 0
78.887 0
87.367 0
96.180 0
104.885 0
113.638 0
122.467 0
131.005 0
139.663 0
148.417 0
157.109 0
165.655 0
174.237 0
183.236 0
191.765 0
200.418 0
209.225 0
217.868 0
226.541 0
235.300 0
244.044 0
252.754 0
261.492 0
270.146 0
278.846 0
287.831 0
296.418 0
305.109 0
313.667 0
322.399 0
331.156 0
348.582 0
357.260 0
366.062 0
374.886 0
383.502 0
392.235 0
400.971 0
409.673 0
418.568 0
427.149 0
435.879 0
444.588 0
453.420 0
461.989 0
471.014 0
479.695 0
488.301 0
497.096 0
505.690 0
514.593 0
523.178 0
532.010 0
540.788 0
549.596 0
558.370 0
567.185 0
575.768 0
584.498 0
593.355 0
602.043 0
610.835 0
619.544 0
628.380 0
637.183 0
645.955 0
654.853 0
663.705 0
672.434 0
689.831 0
698.648 0
707.494 0
716.467 0
725.173 0
733.912 0
742.570 0
751.635 0
760.383 0
769.286 0
778.143 0
786.928 0
795.733 0
804.737 0
813.460 0
822.169 0
831.041 0
839.817 0
848.703 0
857.542 0
866.429 0
875.303 0
884.079 0
893.032 0
901.828 0
910.669 0
919.779 0
928.399 0
937.587 0
946.351 0
955.203 0
964.188 0
973.041 0
982.021 0
990.789 0
999.934 0
1008.720 0
