# 0.470
24.471 0
33.239 0
41.856 0
50.453 0
59.189 0
67.845 0
76.757 0
85.278 0
94.085 0
102.504 0
111.310 0
120.062 0
128.745 0
137.506 0
146.042 0
154.875 0
163.476 0
172.167 0
180.852 0
189.508 0
198.128 0
206.844 0
215.560 0
224.243 0
232.988 0
241.506 0
250.302 0
259.119 0
267.860 0
276.510 0
285.241 0
293.860 0
302.438 0
311.298 0
319.860 0
328.522 0
337.402 0
354.865 0
363.529 0
372.332 0
381.078 0
389.765 0
398.511 0
407.127 0
415.833 0
424.634 0
433.407 0
442.126 0
450.822 0
459.725 0
468.314 0
476.942 0
485.612 0
494.676 0
503.244 0
511.879 0
520.729 0
529.411 0
538.313 0
546.971 0
555.814 0
564.398 0
573.165 0
582.045 0
590.878 0
599.362 0
608.435 0
617.098 0
625.855 0
634.548 0
643.380 0
652.108 0
660.926 0
669.852 0
678.633 0
696.035 0
704.697 0
713.579 0
722.414 0
731.194 0
739.975 0
748.856 0
757.536 0
766.536 0
775.210 0
783.962 0
793.004 0
801.574 0
810.461 0
819.635 0
828.379 0
837.090 0
846.214 0
854.983 0
863.756 0
872.483 0
881.522 0
890.195 0
898.969 0
908.137 0
916.739 0
925.590 0
934.569 0
943.635 0
952.445 0
961.173 0
970.175 0
979.053 0
987.917 0
996.824 0
1005.657 0
1014.687 0
