# 0.470
32.037 0
40.819 0
49.837 0
58.705 0
67.547 0
76.602 0
85.479 0
94.352 0
103.003 0
112.012 0
120.813 0
129.666 0
138.542 0
147.334 0
156.334 0
165.289 0
174.046 0
182.904 0
191.852 0
200.575 0
209.590 0
218.507 0
227.118 0
235.686 0
244.735 0
253.659 0
262.390 0
271.137 0
279.863 0
288.789 0
297.720 0
306.471 0
315.201 0
323.852 0
332.826 0
341.536 0
350.476 0
359.246 0
368.012 0
376.725 0
385.444 0
394.350 0
411.938 0
420.621 0
429.299 0
438.191 0
446.835 0
455.614 0
464.412 0
473.211 0
481.825 0
490.690 0
499.327 0
508.136 0
516.801 0
525.580 0
534.360 0
543.127 0
551.915 0
560.590 0
569.234 0
578.214 0
586.792 0
595.422 0
604.252 0
613.030 0
621.830 0
630.459 0
639.207 0
647.816 0
656.654 0
665.326 0
674.092 0
682.820 0
691.487 0
709.053 0
717.710 0
726.419 0
734.954 0
743.695 0
752.464 0
761.088 0
769.906 0
778.632 0
787.369 0
795.993 0
804.676 0
813.341 0
822.078 0
830.719 0
839.449 0
848.216 0
856.786 0
865.590 0
874.241 0
882.935 0
891.586 0
900.366 0
908.909 0
917.662 0
926.338 0
935.032 0
943.739 0
952.384 0
961.085 0
969.689 0
978.493 0
987.117 0
995.829 0
1004.440 0
1013.146 0
1021.885 0
