# 0.470
22.207 0
30.925 0
39.988 0
48.819 0
57.785 0
66.628 0
75.533 0
84.354 0
93.244 0
102.026 0
110.977 0
120.063 0
128.787 0
137.588 0
146.510 0
155.354 0
164.299 0
172.930 0
181.840 0
190.533 0
199.682 0
208.427 0
217.295 0
226.064 0
235.068 0
243.689 0
252.525 0
261.251 0
270.225 0
279.021 0
287.730 0
296.634 0
305.362 0
314.235 0
323.004 0
331.795 0
340.623 0
358.268 0
367.077 0
375.713 0
384.584 0
393.522 0
401.981 0
410.917 0
419.604 0
428.507 0
437.155 0
446.108 0
454.483 0
463.413 0
472.280 0
480.817 0
489.618 0
498.589 0
507.007 0
515.887 0
524.717 0
533.335 0
542.143 0
550.923 0
559.593 0
568.467 0
576.982 0
585.862 0
594.425 0
603.382 0
612.033 0
620.646 0
629.488 0
638.294 0
646.915 0
655.566 0
664.081 0
673.160 0
681.722 0
699.260 0
707.959 0
716.651 0
725.263 0
734.019 0
742.615 0
751.224 0
760.093 0
768.644 0
777.523 0
786.134 0
794.938 0
803.653 0
812.125 0
820.835 0
829.630 0
838.332 0
846.981 0
855.632 0
864.408 0
873.114 0
881.609 0
890.357 0
899.039 0
907.766 0
916.407 0
925.211 0
933.877 0
942.448 0
951.262 0
959.877 0
968.448 0
977.250 0
985.891 0
994.695 0
1003.088 0
1011.913 0
