# 0.470
14.580 0
23.275 0
31.807 0
40.485 0
49.252 0
57.969 0
66.817 0
75.431 0
84.036 0
92.704 0
101.256 0
110.007 0
118.709 0
127.487 0
136.215 0
144.814 0
153.492 0
162.052 0
170.852 0
179.498 0
188.170 0
197.083 0
205.599 0
214.394 0
222.808 0
231.563 0
240.207 0
249.088 0
257.628 0
266.391 0
275.259 0
283.902 0
292.524 0
301.057 0
309.747 0
318.673 0
327.301 0
344.516 0
353.360 0
362.267 0
370.945 0
379.728 0
388.120 0
397.226 0
405.834 0
414.553 0
423.329 0
431.898 0
440.620 0
449.475 0
457.931 0
466.984 0
475.540 0
484.184 0
493.113 0
501.697 0
510.531 0
519.250 0
527.500 1
536.659 0
545.553 0
554.120 0
563.028 0
571.756 0
580.397 0
589.132 0
597.933 0
606.833 0
615.363 0
624.251 0
633.017 0
641.587 0
650.865 0
659.400 0
668.365 0
685.814 0
694.404 0
703.235 0
712.183 0
721.012 0
729.743 0
738.628 0
747.246 0
756.201 0
765.040 0
773.887 0
782.483 0
791.239 0
800.284 0
809.174 0
817.777 0
826.727 0
835.677 0
844.247 0
853.138 0
862.003 0
870.781 0
879.692 0
888.526 0
897.418 0
906.068 0
915.034 0
923.954 0
932.918 0
941.711 0
950.558 0
959.621 0
968.471 0
977.399 0
986.269 0
995.175 0
1003.896 0
