# 0.470
25.013 0
33.441 0
41.807 0
51.011 0
60.027 0
68.696 0
77.784 0
86.473 0
95.394 0
104.235 0
113.215 0
122.333 0
130.980 0
139.599 0
148.636 0
157.326 0
166.094 0
175.229 0
183.856 0
192.609 0
201.426 0
210.252 0
219.114 0
227.955 0
236.862 0
245.776 0
254.386 0
263.263 0
272.080 0
280.912 0
289.759 0
298.499 0
307.375 0
316.139 0
324.990 0
333.796 0
342.425 0
359.962 0
368.766 0
377.481 0
386.540 0
395.149 0
403.928 0
412.823 0
421.400 0
430.065 0
438.832 0
447.644 0
456.413 0
465.162 0
473.555 0
482.571 0
491.303 0
500.110 0
508.618 0
517.555 0
526.261 0
535.119 0
543.919 0
552.532 0
561.236 0
569.981 0
578.712 0
587.493 0
596.291 0
604.983 0
613.728 0
622.513 0
631.028 0
639.781 0
648.634 0
657.291 0
666.015 0
674.668 0
683.366 0
700.803 0
709.544 0
718.201 0
726.863 0
735.572 0
744.246 0
752.913 0
761.622 0
770.411 0
779.136 0
787.780 0
796.539 0
805.079 0
813.774 0
822.509 0
831.174 0
839.902 0
848.642 0
857.326 0
866.126 0
874.760 0
883.253 0
892.137 0
900.744 0
909.404 0
918.067 0
926.867 0
935.581 0
944.169 0
952.900 0
961.577 0
970.283 0
979.011 0
987.652 0
996.308 0
1004.933 0
1013.649 0
