# 0.470
16.307 0
24.929 0
33.552 0
42.340 0
50.939 0
59.847 0
68.490 0
77.172 0
85.898 0
94.442 0
103.212 0
111.863 0
120.648 0
129.368 0
138.004 0
146.727 0
155.372 0
164.134 0
172.761 0
181.469 0
190.175 0
198.897 0
207.550 0
216.326 0
224.865 0
233.649 0
242.259 0
251.034 0
259.684 0
268.515 0
277.194 0
285.887 0
294.530 0
303.122 0
311.881 0
320.542 0
329.306 0
346.843 0
355.529 0
364.204 0
373.133 0
381.621 0
390.495 0
399.298 0
407.847 0
416.612 0
425.322 0
434.119 0
442.870 0
451.532 0
460.375 0
469.139 0
477.942 0
486.699 0
495.371 0
504.088 0
512.828 0
521.605 0
530.339 0
539.047 0
547.853 0
556.594 0
565.417 0
573.861 0
582.838 0
591.595 0
600.340 0
609.063 0
617.800 0
626.714 0
635.345 0
644.155 0
653.124 0
661.771 0
670.650 0
688.096 0
697.005 0
705.773 0
714.638 0
723.682 0
732.285 0
741.154 0
749.711 0
759.089 0
767.755 0
776.589 0
785.366 0
794.139 0
802.854 0
811.830 0
820.495 0
829.256 0
838.230 0
847.012 0
855.896 0
864.743 0
873.827 0
882.474 0
891.439 0
900.342 0
909.232 0
918.014 0
927.056 0
935.990 0
944.901 0
953.494 0
962.551 0
971.560 0
980.262 0
989.222 0
998.405 0
1007.178 0
