# 0.470
26.887 0
35.833 0
44.820 0
53.579 0
62.474 0
71.380 0
80.233 0
89.108 0
97.987 0
106.928 0
115.822 0
124.785 0
133.639 0
142.389 0
151.250 0
160.205 0
168.945 0
177.953 0
186.667 0
195.510 0
204.395 0
213.084 0
221.950 0
230.724 0
239.660 0
248.400 0
257.159 0
266.003 0
274.844 0
283.720 0
292.409 0
301.218 0
310.010 0
318.734 0
327.576 0
336.470 0
345.136 0
362.681 0
371.540 0
380.127 0
389.035 0
397.787 0
406.511 0
415.418 0
424.245 0
432.962 0
441.804 0
450.462 0
459.285 0
467.960 0
476.772 0
485.432 0
494.317 0
503.089 0
511.710 0
520.419 0
529.114 0
537.877 0
546.668 0
555.402 0
564.015 0
572.717 0
581.432 0
590.264 0
598.967 0
607.750 0
616.505 0
625.176 0
633.788 0
642.452 0
651.211 0
659.932 0
668.627 0
677.306 0
686.027 0
703.513 0
712.253 0
720.908 0
729.635 0
738.318 0
747.055 0
755.706 0
764.372 0
773.182 0
781.881 0
790.656 0
799.199 0
808.072 0
816.530 0
825.214 0
834.036 0
842.738 0
851.332 0
860.079 0
868.752 0
877.546 0
886.118 0
894.792 0
903.358 0
912.197 0
920.853 0
929.466 0
938.181 0
946.789 0
955.522 0
964.166 0
972.848 0
981.532 0
990.345 0
998.966 0
1007.461 0
1016.066 0
