# 0.470
19.169 0
27.811 0
36.380 0
44.951 0
53.738 0
62.566 0
71.153 0
79.896 0
88.650 0
97.098 0
105.894 0
114.397 0
123.209 0
131.830 0
140.533 0
149.235 0
157.773 0
166.436 0
175.179 0
184.000 0
192.613 0
201.314 0
210.004 0
218.716 0
227.336 0
235.971 0
244.849 0
253.632 0
262.188 0
270.864 0
279.681 0
288.377 0
297.120 0
305.781 0
314.308 0
323.100 0
331.762 0
349.229 0
357.922 0
366.631 0
375.228 0
384.168 0
392.771 0
401.523 0
410.262 0
418.850 0
427.592 0
436.300 0
445.037 0
453.711 0
462.427 0
471.242 0
480.009 0
488.715 0
497.416 0
506.123 0
514.900 0
523.676 0
532.497 0
541.105 0
549.917 0
558.655 0
567.349 0
576.072 0
584.890 0
593.651 0
602.430 0
611.207 0
619.896 0
628.667 0
637.485 0
646.147 0
654.997 0
663.761 0
672.587 0
690.062 0
698.836 0
707.703 0
716.506 0
725.264 0
733.915 0
742.680 0
751.570 0
760.464 0
769.204 0
777.943 0
786.930 0
795.573 0
804.499 0
813.351 0
822.034 0
830.826 0
839.860 0
848.704 0
857.434 0
866.349 0
875.310 0
884.004 0
892.933 0
901.713 0
910.515 0
919.473 0
928.306 0
937.241 0
946.035 0
954.823 0
963.811 0
972.639 0
981.511 0
990.343 0
999.264 0
1008.180 0
