# 0.470
24.307 0
32.769 0
41.112 0
50.342 0
59.371 0
68.064 0
77.148 0
85.847 0
94.760 0
103.628 0
112.612 0
121.766 0
130.421 0
139.074 0
148.094 0
156.821 0
165.596 0
174.747 0
183.399 0
192.174 0
200.983 0
209.805 0
218.697 0
227.540 0
236.480 0
245.403 0
254.017 0
262.893 0
271.722 0
280.580 0
289.438 0
298.201 0
307.080 0
315.854 0
324.729 0
333.570 0
342.201 0
359.774 0
368.603 0
377.306 0
386.396 0
394.994 0
403.804 0
412.725 0
421.305 0
429.984 0
438.761 0
447.586 0
456.361 0
465.138 0
473.549 0
482.574 0
491.324 0
500.137 0
508.683 0
517.624 0
526.331 0
535.206 0
544.028 0
552.664 0
561.376 0
570.139 0
578.888 0
587.699 0
596.498 0
605.202 0
613.980 0
622.759 0
631.304 0
640.089 0
648.919 0
657.605 0
666.337 0
675.016 0
683.722 0
701.175 0
709.936 0
718.630 0
727.290 0
736.000 0
744.674 0
753.379 0
762.088 0
770.897 0
779.640 0
788.286 0
797.058 0
805.616 0
814.288 0
823.083 0
831.748 0
840.478 0
849.257 0
857.943 0
866.778 0
875.420 0
883.952 0
892.844 0
901.429 0
910.117 0
918.787 0
927.622 0
936.346 0
944.971 0
953.704 0
962.401 0
971.093 0
979.840 0
988.519 0
997.214 0
1005.845 0
1014.572 0
