# 0.470
23.121 0
32.087 0
41.072 0
49.833 0
58.794 0
67.725 0
76.615 0
85.513 0
94.425 0
103.396 0
112.304 0
121.299 0
130.209 0
138.960 0
147.826 0
156.798 0
165.573 0
174.600 0
183.354 0
192.212 0
201.119 0
209.818 0
218.728 0
227.521 0
236.469 0
245.217 0
254.013 0
262.859 0
271.755 0
280.639 0
289.362 0
298.166 0
307.006 0
315.744 0
324.612 0
333.514 0
342.212 0
359.798 0
368.693 0
377.271 0
386.221 0
394.967 0
403.747 0
412.673 0
421.519 0
430.232 0
439.121 0
447.796 0
456.634 0
465.323 0
474.155 0
482.837 0
491.763 0
500.556 0
509.195 0
517.915 0
526.635 0
535.393 0
544.199 0
552.976 0
561.604 0
570.309 0
579.059 0
587.915 0
596.614 0
605.438 0
614.216 0
622.907 0
631.510 0
640.216 0
648.976 0
657.708 0
666.448 0
675.158 0
683.916 0
701.386 0
710.158 0
718.867 0
727.588 0
736.288 0
745.037 0
753.719 0
762.420 0
771.229 0
779.929 0
788.743 0
797.285 0
806.179 0
814.670 0
823.365 0
832.186 0
840.927 0
849.544 0
858.287 0
866.991 0
875.828 0
884.394 0
893.096 0
901.677 0
910.546 0
919.224 0
927.881 0
936.616 0
945.241 0
953.975 0
962.647 0
971.355 0
980.073 0
988.892 0
997.543 0
1006.069 0
1014.675 0
