# 0.470
17.883 0
26.574 0
35.143 0
43.741 0
52.569 0
61.414 0
70.020 0
78.799 0
87.583 0
96.033 0
104.845 0
113.369 0
122.207 0
130.852 0
139.584 0
148.310 0
156.880 0
165.544 0
174.302 0
183.148 0
191.766 0
200.515 0
209.207 0
217.956 0
226.568 0
235.226 0
244.159 0
252.913 0
261.510 0
270.221 0
279.061 0
287.771 0
296.516 0
305.183 0
313.761 0
322.589 0
331.247 0
348.779 0
357.475 0
366.218 0
374.825 0
383.785 0
392.416 0
401.181 0
409.942 0
418.544 0
427.308 0
436.046 0
444.802 0
453.485 0
462.224 0
471.063 0
479.846 0
488.570 0
497.304 0
506.021 0
514.823 0
523.629 0
532.446 0
541.082 0
549.932 0
558.702 0
567.394 0
576.165 0
584.990 0
593.780 0
602.585 0
611.388 0
620.084 0
628.884 0
637.718 0
646.408 0
655.287 0
664.059 0
672.908 0
690.436 0
699.221 0
708.122 0
716.953 0
725.745 0
734.417 0
743.211 0
752.140 0
761.030 0
769.811 0
778.561 0
787.596 0
796.253 0
805.199 0
814.086 0
822.797 0
831.622 0
840.653 0
849.530 0
858.284 0
867.208 0
876.205 0
884.919 0
893.891 0
902.689 0
911.503 0
920.472 0
929.350 0
938.306 0
947.129 0
955.931 0
964.954 0
973.792 0
982.700 0
991.556 0
1000.530 0
1009.432 0
