# 0.470
17.311 0
25.913 0
34.578 0
43.372 0
51.985 0
60.901 0
69.569 0
78.257 0
87.004 0
95.567 0
104.336 0
113.024 0
121.819 0
130.547 0
139.209 0
147.946 0
156.616 0
165.384 0
174.026 0
182.742 0
191.464 0
200.233 0
208.881 0
217.669 0
226.209 0
235.006 0
243.641 0
252.432 0
261.097 0
269.945 0
278.641 0
287.324 0
295.982 0
304.601 0
313.372 0
322.040 0
330.824 0
348.389 0
357.094 0
365.778 0
374.741 0
383.225 0
392.124 0
400.945 0
409.487 0
418.276 0
427.013 0
435.820 0
444.572 0
453.261 0
462.114 0
470.894 0
479.724 0
488.487 0
497.165 0
505.932 0
514.662 0
523.468 0
532.215 0
540.951 0
549.745 0
558.511 0
567.364 0
575.814 0
584.813 0
593.579 0
602.358 0
611.091 0
619.846 0
628.762 0
637.419 0
646.244 0
655.244 0
663.902 0
672.792 0
690.261 0
699.180 0
707.963 0
716.853 0
725.910 0
734.524 0
743.443 0
751.999 0
761.389 0
770.062 0
778.901 0
787.702 0
796.484 0
805.237 0
814.228 0
822.897 0
831.677 0
840.642 0
849.456 0
858.352 0
867.194 0
876.315 0
884.970 0
893.937 0
902.862 0
911.791 0
920.568 0
929.643 0
938.604 0
947.503 0
956.127 0
965.207 0
974.229 0
982.962 0
991.910 0
1001.110 0
1009.919 0
