# 0.470
21.897 0
30.647 0
39.002 0
47.889 0
56.728 0
65.331 0
74.020 0
82.771 0
91.556 0
100.176 0
108.880 0
117.447 0
126.335 0
135.015 0
143.725 0
152.449 0
160.937 0
169.857 0
178.397 0
187.249 0
195.810 0
204.435 0
213.299 0
222.006 0
230.591 0
239.205 0
247.985 0
256.721 0
265.417 0
274.075 0
282.819 0
291.603 0
300.125 0
309.002 0
317.528 0
326.326 0
334.917 0
352.397 0
360.930 0
369.900 0
378.470 0
387.094 0
396.039 0
404.811 0
413.511 0
422.250 0
430.998 0
439.628 0
448.459 0
457.054 0
465.938 0
474.628 0
483.246 0
492.166 0
500.818 0
509.638 0
518.379 0
527.089 0
535.847 0
544.359 0
553.352 0
562.155 0
570.897 0
579.515 0
588.210 0
597.105 0
605.699 0
614.500 0
623.106 0
631.869 0
640.738 0
649.497 0
658.420 0
666.890 0
676.022 0
693.489 0
702.207 0
711.062 0
719.998 0
728.696 0
737.517 0
746.313 0
755.174 0
763.998 0
772.802 0
781.626 0
790.386 0
799.172 0
808.248 0
816.917 0
825.730 0
834.544 0
843.375 0
852.247 0
861.091 0
870.052 0
878.758 0
887.630 0
896.586 0
905.318 0
914.075 0
922.980 0
931.763 0
940.738 0
949.782 0
958.514 0
967.374 0
976.213 0
985.134 0
994.006 0
1002.955 0
1011.807 0
