# 0.470
18.696 0
27.553 0
35.966 0
44.823 0
53.499 0
62.337 0
70.955 0
79.765 0
88.479 0
97.028 0
105.773 0
114.519 0
123.280 0
132.019 0
140.748 0
149.437 0
158.028 0
166.951 0
175.271 0
184.250 0
192.810 0
201.727 0
210.434 0
219.191 0
227.638 0
236.372 0
245.237 0
253.726 0
262.527 0
271.453 0
279.946 0
288.746 0
297.276 0
306.095 0
314.626 0
323.338 0
332.207 0
349.687 0
358.394 0
367.086 0
375.843 0
384.637 0
393.416 0
401.894 0
410.738 0
419.582 0
428.266 0
436.851 0
445.675 0
454.573 0
463.273 0
472.007 0
480.730 0
489.727 0
498.234 0
506.996 0
515.658 0
524.533 0
533.297 0
541.847 0
550.729 0
559.493 0
568.277 0
577.084 0
585.855 0
594.427 0
603.347 0
612.005 0
620.757 0
629.566 0
638.281 0
647.142 0
656.075 0
664.720 0
673.586 0
690.919 0
699.863 0
708.750 0
717.664 0
726.413 0
735.203 0
744.061 0
752.871 0
761.860 0
770.663 0
779.431 0
788.186 0
797.061 0
806.009 0
814.750 0
823.527 0
832.359 0
841.366 0
850.157 0
858.937 0
867.838 0
876.792 0
885.479 0
894.475 0
903.288 0
912.088 0
920.896 0
929.901 0
938.899 0
947.658 0
956.526 0
965.467 0
974.352 0
983.321 0
992.151 0
1001.253 0
1010.109 0
