# 0.470
22.894 0
31.574 0
40.525 0
49.192 0
58.392 0
67.116 0
76.087 0
84.996 0
93.656 0
102.530 0
111.560 0
120.463 0
129.163 0
138.228 0
147.123 0
155.726 0
164.683 0
173.415 0
182.245 0
191.238 0
200.266 0
208.890 0
217.876 0
226.309 0
235.427 0
244.332 0
252.923 0
261.848 0
270.581 0
279.439 0
288.198 0
296.978 0
305.762 0
314.554 0
323.513 0
332.302 0
341.010 0
358.451 0
367.203 0
376.053 0
384.954 0
393.565 0
402.392 0
411.265 0
419.925 0
428.533 0
437.407 0
446.309 0
455.030 0
463.691 0
472.455 0
481.223 0
490.010 0
498.776 0
507.479 0
516.254 0
524.961 0
533.781 0
542.401 0
551.340 0
559.994 0
568.804 0
577.372 0
586.252 0
594.849 0
603.585 0
612.456 0
621.022 0
629.761 0
638.416 0
647.227 0
656.040 0
664.887 0
673.590 0
682.202 0
699.714 0
708.465 0
717.134 0
725.682 0
734.469 0
743.143 0
751.740 0
760.532 0
769.251 0
777.946 0
786.731 0
795.370 0
804.096 0
812.660 0
821.582 0
830.241 0
838.856 0
847.587 0
856.358 0
865.044 0
873.482 0
882.314 0
890.894 0
899.544 0
908.252 0
917.002 0
925.970 0
934.504 0
943.146 0
951.898 0
960.490 0
969.267 0
978.023 0
986.724 0
995.444 0
1003.965 0
1012.613 0
