# 0.470
23.268 0
32.271 0
41.215 0
50.175 0
59.171 0
67.969 0
76.834 0
85.760 0
94.636 0
103.480 0
112.369 0
121.364 0
130.283 0
138.874 0
148.055 0
156.846 0
165.720 0
174.586 0
183.310 0
192.206 0
201.163 0
209.909 0
218.708 0
227.563 0
236.552 0
245.319 0
254.095 0
263.027 0
271.641 0
280.576 0
289.305 0
298.175 0
306.982 0
315.880 0
324.745 0
333.591 0
342.321 0
359.926 0
368.775 0
377.556 0
386.503 0
395.344 0
403.980 0
412.806 0
421.584 0
430.369 0
439.074 0
447.907 0
456.646 0
465.314 0
474.175 0
482.997 0
491.566 0
500.468 0
509.165 0
517.984 0
526.744 0
535.368 0
544.151 0
553.048 0
561.684 0
570.300 0
579.112 0
588.031 0
596.607 0
605.405 0
614.191 0
622.927 0
631.706 0
640.319 0
649.042 0
657.801 0
666.672 0
675.462 0
684.053 0
701.656 0
710.377 0
719.267 0
727.683 0
736.404 0
745.205 0
754.035 0
762.759 0
771.386 0
780.052 0
788.695 0
797.565 0
806.314 0
814.865 0
823.605 0
832.232 0
841.147 0
849.831 0
858.427 0
867.281 0
875.903 0
884.603 0
893.295 0
901.814 0
910.640 0
919.246 0
928.040 0
936.805 0
945.346 0
954.087 0
962.866 0
971.581 0
980.310 0
989.032 0
997.749 0
1006.335 0
1015.009 0
