# 0.470
29.234 0
38.174 0
47.166 0
55.975 0
64.946 0
73.797 0
82.811 0
91.611 0
100.362 0
109.266 0
118.151 0
127.143 0
135.934 0
144.677 0
153.712 0
162.447 0
171.278 0
180.160 0
189.058 0
197.800 0
206.751 0
215.527 0
224.429 0
233.158 0
242.137 0
250.896 0
259.749 0
268.528 0
277.391 0
286.171 0
294.979 0
303.753 0
312.614 0
321.441 0
330.335 0
339.182 0
347.891 0
365.414 0
374.281 0
383.049 0
391.870 0
400.606 0
409.402 0
418.220 0
426.930 0
435.741 0
444.390 0
453.170 0
461.959 0
470.702 0
479.494 0
488.261 0
497.021 0
505.720 0
514.447 0
523.276 0
532.019 0
540.724 0
549.472 0
558.214 0
566.969 0
575.662 0
584.492 0
593.257 0
602.042 0
610.729 0
619.407 0
628.208 0
637.005 0
645.673 0
654.384 0
663.206 0
671.844 0
680.639 0
689.307 0
706.761 0
715.510 0
724.213 0
732.941 0
741.602 0
750.263 0
758.963 0
767.801 0
776.332 0
785.152 0
793.967 0
802.651 0
811.298 0
819.936 0
828.653 0
837.371 0
846.075 0
854.819 0
863.570 0
872.239 0
881.007 0
889.614 0
898.276 0
906.921 0
915.708 0
924.394 0
933.141 0
941.757 0
950.407 0
959.117 0
967.924 0
976.567 0
985.280 0
994.028 0
1002.709 0
1011.240 0
1020.040 0
