# 0.470
22.683 0
31.381 0
39.996 0
48.725 0
57.471 0
66.213 0
74.911 0
83.619 0
92.279 0
100.965 0
109.603 0
118.373 0
127.061 0
135.812 0
144.534 0
153.225 0
161.793 0
170.548 0
179.261 0
187.930 0
196.696 0
205.336 0
214.079 0
222.858 0
231.457 0
240.165 0
248.900 0
257.624 0
266.313 0
274.917 0
283.664 0
292.428 0
301.221 0
309.871 0
318.513 0
327.249 0
335.997 0
353.457 0
362.267 0
370.915 0
379.634 0
388.362 0
397.168 0
405.907 0
414.608 0
423.339 0
432.183 0
440.912 0
449.574 0
458.351 0
467.119 0
475.832 0
484.529 0
493.358 0
502.074 0
510.835 0
519.609 0
528.339 0
537.090 0
545.745 0
554.574 0
563.361 0
572.077 0
580.859 0
589.646 0
598.425 0
607.209 0
615.865 0
624.684 0
633.532 0
642.261 0
651.104 0
659.938 0
668.731 0
677.558 0
695.104 0
703.977 0
712.716 0
721.674 0
730.301 0
739.173 0
748.010 0
756.785 0
765.729 0
774.469 0
783.273 0
792.069 0
800.917 0
809.867 0
818.710 0
827.422 0
836.273 0
845.156 0
854.008 0
862.836 0
871.680 0
880.697 0
889.422 0
898.332 0
907.173 0
916.085 0
925.012 0
933.873 0
942.837 0
951.725 0
960.464 0
969.461 0
978.250 0
987.286 0
996.143 0
1005.081 0
1013.926 0
