# 0.470
17.658 0
26.468 0
35.038 0
43.924 0
52.622 0
61.346 0
70.012 0
78.748 0
87.401 0
95.991 0
104.741 0
113.543 0
122.177 0
130.896 0
139.673 0
148.401 0
156.959 0
165.603 0
174.378 0
183.172 0
191.924 0
200.374 0
209.205 0
217.929 0
226.526 0
235.172 0
244.126 0
252.778 0
261.394 0
270.294 0
278.961 0
287.523 0
296.176 0
305.046 0
313.823 0
322.379 0
331.273 0
348.779 0
357.402 0
366.133 0
374.853 0
383.645 0
392.460 0
400.962 0
409.799 0
418.760 0
427.293 0
436.064 0
444.901 0
453.527 0
462.275 0
470.908 0
479.738 0
488.546 0
497.243 0
506.039 0
514.806 0
523.432 0
532.194 0
541.163 0
549.788 0
558.576 0
567.313 0
576.194 0
584.763 0
593.747 0
602.469 0
611.252 0
620.099 0
628.722 0
637.488 0
646.286 0
655.199 0
664.026 0
672.777 0
690.468 0
699.099 0
707.908 0
716.918 0
725.682 0
734.490 0
743.112 0
752.050 0
760.867 0
769.734 0
778.675 0
787.500 0
796.310 0
805.184 0
814.048 0
822.754 0
831.730 0
840.682 0
849.259 0
858.061 0
867.083 0
876.011 0
884.856 0
893.733 0
902.653 0
911.410 0
920.408 0
929.284 0
938.339 0
947.101 0
955.992 0
964.868 0
973.870 0
982.815 0
991.662 0
1000.748 0
1009.494 0
